"y1","y2","y3","y4","y5","y6","y7","y8","y9","y10","y11","y12","y13","y14","y15","y16","y17","y18"
-1.15995458888386,0.0515435877080864,-2.20500269318357,0.308161948238867,-1.62715062506305,-0.409349403806908,-1.10896382090941,0.301000590339638,-2.29114779112393,0.864681620435703,0.636241698124732,0.663658399493113,-0.895692085772659,-1.3105333931898,0.222647635428901,-0.599152998123866,-2.43789746662032,-0.475402121454926
-0.886053502770314,-1.56486061701392,-1.34714994645876,0.417478239816963,-1.43241606759915,-0.721837943796438,-1.40165677282349,-0.455439623743662,-0.402766792753977,0.732411947111803,-0.0268365689245811,-1.67982680600673,-0.432100077374951,-0.0396723650568881,-1.57689058564204,0.144295988962456,-1.25185579179936,-0.629229530825478
-1.11971189161203,0.310068484978092,-0.162978085874315,-0.473718449043782,0.312037927368134,-0.0917666740927018,0.968719492790316,-0.403125945788411,-0.0741312386038358,-0.248708269895383,-0.37839800399195,-0.299058546312196,0.596369702967091,0.441191530899277,-0.507100427010393,0.569101989237508,-1.15229018114415,0.413953459350344
-0.370139410625226,0.228053703883026,0.784544674147655,-0.135506739750659,0.316808634171475,-0.463163472137631,2.19505884587712,-0.188467251322032,-0.642281418887502,-0.932194863026105,-1.09211544419191,0.00616295237214559,0.661370818060552,0.0414741885392664,-0.886528885590918,1.7923467194859,-0.550051897374106,1.63262357145768
0.912638474174264,1.76396367532713,0.561365064876445,-0.540280767959918,-0.966574969379432,-1.47297777943774,-1.49533362126688,0.702475753468011,-0.617414183096526,0.102228036525399,-0.0355891511634959,-1.08853157580829,-0.995661931448913,0.382733338975387,-0.227529542074155,0.4299013455301,-0.564129660118905,-1.2716068450002
0.662559375389498,-0.259202222815571,-1.14775695844756,1.30041050167983,0.900716715128173,0.146903520024553,-0.0557998659395783,-0.351993244828091,-0.146287040100653,1.47012526060647,1.14847298720833,-0.746449486189808,1.73053274459838,0.367709160581359,0.83491394777034,0.332308546631579,-0.480011212906053,-0.193847732846364
-0.933122072375729,-0.128339060256846,-0.402050604810398,0.474466957279054,-2.22410216684329,-1.59485421991314,-1.61602144847431,-0.487035356675307,0.383943457487428,-0.48674732210012,-1.76244882060962,-0.705992689825908,-1.48805943953025,-0.418876544488611,-1.13265254786373,-1.64450647928828,-0.891236211321352,-1.95213441566458
0.268643278907999,0.816012534858992,1.36818842988573,0.761239957371053,-0.493429074555179,-0.148692566716189,-0.436827279072801,0.760496803433884,0.053473365643417,0.560204911962859,0.353785290007947,0.351164867928752,0.931193787072702,2.22653473654037,-0.22671135685474,1.39849665484364,-0.670635358639938,0.639822278191548
-1.14980779214243,-0.874209618978256,-1.44865363085786,-0.814909436325397,-1.02622499899419,-1.10144435718863,0.674512153677939,-1.1114128070733,0.937835127470418,0.161881704399448,0.210051629922291,-1.92468283532753,-0.352006811401022,0.578375220306657,-0.119195976875293,-2.31224564201367,0.296490435669905,-1.24557473405723
-0.137987931067955,0.697492126167874,1.74926120017276,2.58804164808893,1.99996851848184,0.977313817538675,-1.76673673138722,-0.0865546533654819,1.08404044728415,0.13321898235047,1.2098734280361,0.613755070801536,-0.0355601096652906,1.07866988439565,1.17486283754536,-0.251411344375973,1.02977822150393,1.11424650402514
-0.709414297349418,0.350548162294308,0.746261720071855,0.772682931143659,0.00696007129264222,-1.06242413230003,0.23136010260849,-1.01617703144806,-0.358439904609083,-0.552402514770014,-1.2357417160506,0.186281619191674,0.943651397592251,0.66495275215466,0.303638315733534,-0.263471125898766,0.372437435818518,-0.0303336664522578
0.656380045102939,0.230933723381026,-0.335004853479714,-0.351043123356964,-0.442055307109407,0.705856554405705,0.603449906989619,0.970097677990006,1.15156425492962,-0.156398786299019,0.957143253201349,0.134569039094168,-0.0767741053614119,-0.275431298092446,0.7438819075858,0.193715922794844,0.953495849452554,-0.295954998946597
-0.507648302039868,-1.08485987224008,-0.523566276819163,-1.1333571242769,-0.442430967340899,-1.097119858003,-0.799610682829711,-0.442355931569779,-0.128363193025568,-0.976788544924073,-0.645217722378532,-1.6608561871797,0.0512416099180712,-1.34321086001879,0.829720800486803,0.324808503327288,-0.334434758078429,-1.17488828182294
0.038774420682597,1.1240752211427,2.46465523563661,0.532770387106658,0.427772731235808,1.37610736018251,-0.193826357154782,-0.917218886928066,0.874872606831808,0.690453804612724,0.796014640123995,0.221484886384288,-0.192331393524286,-0.90038122121163,0.844716657388646,1.79062897710282,-1.24770303434557,0.642417769793519
0.0504131137261337,-0.540695933066365,-0.024156309464803,-1.68865708390789,-1.01652497742835,-0.785288621346565,-0.624841157023055,-0.213455277683382,-0.424760287098585,-1.20675908854059,0.0277493688869905,0.184202141686639,1.72959098458996,-1.09293323489795,-0.294991348043307,-0.0324976507470773,-0.292645031311877,-0.569370848019925
-1.92521741684878,-1.19633774431773,-0.191604040558179,0.0845586646364502,-1.95227793908307,-1.61639300782871,-0.964686483768152,-1.21738132245158,-2.94991483091228,-2.22418429675587,-1.27497110250183,-2.57195591663906,-2.39422939647359,-1.78257595877763,-1.83937566033077,-0.268855512807487,-2.3259239832769,-0.546694812906226
0.348522809673111,-0.0249892975444213,-1.2166156611864,1.30301820875593,1.48128969072334,0.441765586249383,-0.564832906290075,-2.06523535146857,0.0629271633558916,-0.177367254834615,-0.125489486828254,-0.153759016911712,-1.00206251573846,-1.23192980776633,-1.29271591574123,0.301648505930871,-0.709656257227186,-0.080837487247586
0.27833656062785,0.250604370865743,-0.315067595760328,-0.82063627082625,-1.48107161063716,-0.141020420257529,1.98916243465903,0.443256359331481,1.01874355461133,2.10251252278118,1.58028473849585,2.01726788688049,0.861133440067285,0.615254698327054,0.252410405688993,0.687946783552599,1.01144786100778,-1.37351044402263
1.46762264035818,-0.351759152959242,-0.432404971582967,-1.21401088095986,-0.995949155237297,-0.527456837697352,-0.0908991494476586,0.162447428237171,-1.26535950528035,0.689284807216885,-0.45702731940863,-0.425097614405454,0.54037197636488,-0.166963447369189,-0.237193437911806,-0.752044515394183,0.199166493088806,-1.14571607715439
0.787687226780344,0.178742087574646,-0.311728214884543,0.223763895041666,0.163186208766758,-0.91251845701874,-0.103990139042662,2.03347645967656,0.169792196153512,1.36779344223856,0.408545839141454,0.310853685930078,0.291734423009104,0.802089953684697,0.0300418697655064,1.31717667538571,-0.879739175417016,1.39867880928264
-1.15577388807944,-0.833858747463931,-0.912674807935141,-0.607379882945253,-0.79046534071992,1.42062546849438,-0.133123972845906,-0.180320405414846,-0.42171620301019,0.577484722252886,1.05159514266553,-0.685720494546073,-1.16602150725327,1.6770074269791,1.18765853040604,-0.793115986753547,0.166619937516903,0.872822571183113
0.0319699293692036,0.382384364995099,-0.396672142120975,-2.39587361255104,-1.47974550498511,-0.161988861422723,-2.70744462761799,-0.120828023742672,-0.881670876488908,-0.827851164082735,-0.0240459112864307,0.411898169162925,0.336403269514066,-0.586204765583016,-1.3524422513753,-1.85633815259261,-0.71739752837753,-1.10133120036071
0.755628704001314,0.571279940678286,0.477996604383676,1.39893147352523,0.518365022233966,0.324062269500138,0.725863377105605,0.871384213952265,-0.0372953167469772,0.824961660504706,0.959975861239502,2.4072705575336,2.09383484084142,0.554625070855407,1.18323523746203,-0.213992128163921,-0.503807852694708,1.18480588308056
2.1393067602228,0.216402304142201,0.322393527946137,-2.33074036933173,-0.0726583894010772,1.99159931242879,-0.464816147890368,2.83285354894343,-1.29180647640174,1.88704902696336,1.1345999078225,1.0249400224335,-0.00297745843004966,-0.926752803742632,1.36454840556224,-0.272310585950682,0.0962818176057477,1.31150330885068
-0.0511245048274124,0.383677454160254,1.57831541643364,2.45056022962453,2.30375998917857,1.94881114593524,1.70142355613796,1.51615922559816,1.26599669477876,1.66314407327333,-0.100598743579014,-0.428244288902728,1.02013141975098,0.696497756472961,0.759226288180009,1.94434347479397,1.16244011653072,1.46943302929145
0.122818180395166,-1.25837167636637,-0.0758838045108867,-1.70110936626025,0.874265828339203,-0.93685923704928,0.498861245142194,0.113538281873335,-0.362960754671483,-0.68651309045637,1.42421469092424,0.599495673683113,-0.178871251781604,0.112425147238658,-1.21764990199335,-0.204612904842779,0.336002394920217,1.74465113715191
-0.678965542639274,0.0134906339083527,-0.637605631898523,-0.694474863862651,1.04022910380665,-0.419337042007731,0.858541962255373,0.155274052577583,0.24552976322932,1.18062643468048,0.689964123456435,0.414173434174386,-1.4446776616468,0.935617944198909,0.284436577586706,1.09795891504296,0.725545942952219,-1.0216672459676
-0.227981375593861,-0.425087740133592,0.678883096087389,-0.598433793610117,1.07265788301839,1.37406183321118,0.617948139085924,1.13366420363748,1.04975026982589,0.76168460545942,-0.0289611611816215,0.10075167772992,1.0619928457959,0.673229595183798,0.852014971663554,0.331959510941145,1.43091024996072,0.178488222777001
0.0187545543775305,0.595645936072719,-0.536317801511525,-0.206445596011076,-0.860749749067846,-0.444567364502418,-0.519843656822808,0.664509562158273,-0.783066540289729,0.717232091230638,0.672497394952298,-1.64357208547312,-1.67575673146118,0.357122545833032,1.58792488921956,0.156304712333733,-0.172376850627801,1.29569404253621
0.729139924951051,-0.939171727519721,0.390102450457703,0.984813086679056,-0.0257782699569333,-0.981156786653616,-0.771534559587919,1.56280194195207,1.31655764494671,1.43645470141859,0.458218039710074,1.21389748259537,0.822890045579684,-0.128398021246617,0.86469891475201,-0.230276022870878,-0.295866276594233,0.82493488706758
1.43115345735316,0.706923986335681,0.125787944938782,0.687644308745613,-1.23495687845847,1.68722175743629,2.35131965507245,0.611081306109231,-0.0384171747024764,0.518598966045531,0.904966655728178,1.51110340367102,-0.262823065881548,1.36609805495448,0.914723915716861,0.887776375480328,1.14628514238447,1.30028019477106
0.442313032022384,1.62629588793761,0.670787410620465,-0.250351007581136,-0.136590620479792,0.910307646541507,1.91339364109044,0.304257483847813,1.77849410767499,-0.208262294603181,0.491428986770672,0.488429548070175,0.926660740677794,1.624424110423,-0.646484186020284,-0.851058543187929,2.05918669092442,-0.0660496966237871
0.962178184410703,0.36191070985381,-2.2185334349939,0.472750561941637,0.554228423148787,0.335405522824804,-0.716861309992946,-1.80748571849958,-0.312134879830069,0.368509448791423,-1.60641638805665,-0.146812916557956,1.48207633020967,-0.0599807877212416,-2.08661822976031,-1.55337042157611,-0.165721315305402,0.10398009516407
-1.41413442473563,-0.569210465789204,-2.09387075467703,0.171195430955272,-1.44771255802921,-0.95412066828382,0.299185872894369,0.0592369559176606,-1.54496635907811,-1.65287484770987,-0.986709383593791,-1.38650749590406,-0.383636813392294,-1.8754794529087,0.0730040636932154,-1.32489975983444,-0.951456917451746,-2.26790374264411
0.576798027380481,0.138722158189438,1.80877079601226,0.0216292839319492,2.40212580695442,-0.182037573605586,1.26258678155643,0.0898065169960381,0.33087419556169,0.785042324848633,0.741934575301657,1.46681697285298,0.392919104519317,0.669551275230772,1.61972340156021,1.83192221781147,1.48853173459977,0.289430782112203
-0.12677461224909,-0.291302508301028,1.16631213630957,2.2275324540731,1.18581111042751,0.789460184335603,1.29950677397897,-0.218780436499245,0.328874090920419,0.633711178329741,0.907022196873844,-0.137544889197266,1.23342855297694,-0.0787956451310275,-0.117210777493046,1.50567002677636,-0.419202816614881,0.902143854593408
0.476745441470201,-0.344329591035292,1.4691457087077,-0.694858595229964,0.782858122261405,-0.877478739544199,0.0982029610184358,-0.98468967828303,0.394558728503928,-0.414466124114994,0.195171511045294,0.627163626981229,0.260395659969637,-0.925084461291971,0.0230665363713764,-0.130012141124324,0.890473776419074,-0.138450694670188
-0.272959156851751,0.187138979734426,-0.64342722975976,-0.816766519941958,0.606350146020223,1.11218565807274,0.924641845479476,-0.31878236725195,-0.393563278104593,0.728892930010655,-0.026276217989274,-0.551129602001445,1.16889874146016,-1.01036054623726,0.645934718673648,0.690532676843453,0.209936368378548,-0.236315273012079
-1.72541740833493,-1.19306032821848,-2.03838046925593,-0.771863356116914,-0.322350522172683,0.983608370195758,-1.6865012428473,0.110814466532681,0.487382280791868,0.942726049597791,0.937460221263514,1.47350565922082,-1.04060268026752,0.19734765049682,-0.302558250168937,0.599329912436461,0.881944113242983,0.461763259997104
0.812025832145033,0.176913508786569,1.21500097755197,-0.263460512132036,0.858899293578975,1.03935047751945,2.06589144025915,-0.483766861873762,0.210864565650012,0.599270709616529,2.12656875620451,-0.263717251265505,-0.991552750615165,1.402595952486,2.10251988183261,0.709261723034322,-0.805915390216387,2.24553950538662
-0.146340672925258,0.427253550174943,0.233321134279715,-0.678019488083223,0.686920544341403,1.74155166890259,0.350181734641354,0.774880393275448,1.32083960072352,0.0581800631321076,0.717789637640647,0.0659676700285588,2.07092854836136,0.992191083084404,-1.06520506574722,0.0984162195437866,1.45443871393944,-0.534897869175975
0.0755694621780944,-1.1490135776657,-1.02275723883255,-0.342711571188174,0.642809245438666,-0.663909088436319,-0.144558859186906,1.52854917523197,-0.472180256258357,-0.815031641032321,-0.427406824136619,-0.641583716831706,-0.512875444949626,0.131386767022465,-0.0926059599092889,-1.87049917156281,-0.310907265188765,-0.853109054538624
-0.131116218253864,0.831683572698295,-0.773154684529422,-1.70856558041162,-1.48435469294033,-0.282484704322116,0.738838369073044,0.782602147122052,-0.148074659467162,-0.0195729726376783,-0.821697478365672,0.226017933614729,-0.889897916680636,-0.218535429597673,-0.650426926294745,-0.609908398529516,-0.156953475626278,-1.19267720066568
0.863441358508087,-0.520807262521829,-0.229291856011137,0.157164112177673,0.794111707072139,1.0668492330034,0.362378919505529,0.369801667246499,0.26736522815352,0.388006358012784,1.09706495884712,1.65356113524573,1.35555111464018,0.943384214154003,0.669379351861972,-1.24077024867125,-1.12337553368775,0.746522214005245
-1.19707945711739,-0.681342718935982,-0.351163213450678,-0.837739787531552,0.13373799001057,0.0647686223923831,0.532447433265284,-2.42398403940042,-0.451894022947333,-0.159114760820455,-0.380129955117548,1.29718021814236,-1.09821142162691,0.538724988283677,1.06288140165234,0.797632467836677,-0.217048924264258,-0.680950361164879
1.70576004397618,2.05957467740955,3.30919706779353,-0.915295108509675,0.971133509900873,0.400972589360479,1.35210224573813,0.126518331591042,0.849080706003895,0.157563464222492,0.0452319684182051,1.31228537064322,2.11876542676816,0.858810512979553,1.08328063297711,0.271433085214398,1.22325352041652,1.69495313273426
0.382849489824738,1.59186817000138,1.39655026126181,0.640449129979923,-0.0261005305720085,-1.53847988589716,-1.59330388399704,0.176968554811232,-0.988727574716239,-0.015805204332279,-1.58628292425695,-0.565493231616758,-0.345830432091574,-0.736261238814876,-0.461612781443715,0.103794576132199,-1.3309644472257,-0.100477455993919
-0.362701343360134,-1.2510225163675,-1.30070238176662,0.889569209782472,-0.409977887959845,-0.0431731374689446,0.274294448202882,-0.360352318582812,0.146617059863975,1.84038719259078,-1.76336494702075,0.885210558771351,0.643151250578801,0.259278974226531,0.754827308183238,1.38649374692074,0.915733735000442,0.147424122236762
0.371927098718114,0.0426749308152911,1.74819301958769,-0.772376662259288,-1.04454299064762,-0.692558122426012,-0.278076900245511,0.584756590321347,-1.18392908329879,0.302595223573443,0.916589695218395,-0.966633269722139,-0.0990372887544016,0.449745305489893,0.161769200574376,-1.24406843414035,0.751470255536262,-1.92782701582088
0.00763536656728041,0.518820997780875,-0.0528300979237244,0.893381462186503,-2.41010551551097,-0.894817970936752,-0.174540690582881,-1.01860437838881,-0.384831580908273,0.216039408504255,-0.261162912692192,0.711994107464585,-1.49753397902821,-1.8779028479925,0.269039501766572,-0.784347150451017,1.14640783284237,0.351248585717131
-1.21828647958621,-0.332492346206451,0.252782902199379,1.71988442327202,-0.474842145434685,0.667451308775375,-0.472990125139564,0.668942212361527,-0.0627461960028704,0.654893033271891,0.77164877904099,0.999534767998489,0.380312829880047,1.45272364187812,0.737673709428333,0.459155316185447,1.11162801846149,0.715844322547615
1.2052173410829,1.86606544301311,0.688490624135232,0.686195362477836,0.327208616059724,0.198474051962545,-1.08748175796672,0.192786233923995,-0.232294902962069,1.11017694502974,2.36587988906349,1.22307228377946,-0.0417277505483137,0.468034950171353,1.03875699600773,0.497056942121563,-0.0587704543622883,0.144258544976292
-0.858155651124119,-0.227801577300359,-1.72231908193304,0.892553584096963,0.488143528626857,-0.693698206553715,-1.06450717108067,-0.613037389270561,0.464112491641908,-0.394167734627912,-0.936603056458782,-0.381297178305087,-0.893338799485907,0.667227044841171,0.491968194367572,0.270064477186596,-0.807906977409605,-1.0817156367388
1.06718865678316,-0.20510405081769,-1.29321912156247,0.459549389037154,-1.23804849571102,-2.35813625394219,-1.70052318449539,-0.795055116918902,-0.694231702548474,-0.619042828918414,-0.990879708931691,-1.28402276860456,-0.513444239967163,-0.0802500154541922,0.924499541399069,-0.179099123345874,0.0148036547639663,0.665780547517768
0.698891163667219,1.20124975533606,1.44193547835253,-1.67475844535582,-0.764767513932239,-0.899603399626339,-0.771435686666561,-1.65501399781493,-1.43712028072245,-0.713037776141053,-0.779406627513157,-1.16976736462915,2.60260467258031,1.26162898079034,0.602877150162397,0.121362892011525,-2.3066424722059,-0.78348733373828
1.1357205790767,-1.64378926304626,-0.569419828619509,-1.07738801249821,-0.644704403971388,-1.38613673005056,0.190548924403383,-1.14999589366577,-0.446266612777672,1.34998716134098,1.70864820195046,1.63141184853677,1.84843793953641,0.732212469700403,-1.77796947778578,-0.246334384052824,1.46198635548604,-0.246433880254902
0.431614577560283,-0.219229237181349,0.488263160658877,-1.2022727960594,0.331496407489131,-0.0787401775120689,-1.45494708695629,-0.247527852942215,-0.786298337399837,-1.16203575024277,-0.055967510956696,0.498968650776778,-1.12567239860095,0.120275865927328,1.71052873541643,0.375686464463037,-0.390023588333527,0.355651393761178
2.36064577720429,1.32226490994694,0.368258819921989,1.94338981094058,-1.04956763571812,-1.41599709175977,0.650784550050142,0.163102800825701,0.271687566537624,1.28993503595617,0.0994891297191844,-0.32979674357848,-0.535457474715824,-0.454665868623672,0.0667327821049023,-0.569730730660193,0.771236213092862,-0.937869385417906
-0.811232442752992,0.423713311353648,1.94985977937617,0.414740700727229,0.00716387916085368,-0.0982982130146617,-1.55618491711528,-0.30510210502313,0.161249604804888,0.370574112394257,-0.217430604255884,-0.209371391830794,-0.139095585599448,-1.90187290668996,2.31823416621182,-0.0422757727471094,-0.795863115368134,0.893194663474047
-0.477557927972327,-1.73838933700965,-1.71724619915003,0.085755217391073,1.52225738086198,-1.41094698661971,-1.02076226844435,0.121284690412618,-1.00455418509805,-1.89154356050559,-0.716661866262529,-1.77437433980844,-0.514849555131181,-0.0849013622903227,-1.63835818618694,-1.40734474356084,-0.605275652689046,-1.24330320092393
-1.15311639656316,-1.22222020672548,-0.276509426784692,0.583280473791954,0.236916798731298,0.139258502498876,1.10661990901078,0.557870320013642,0.277260061843925,-1.29882893660705,0.509977158086525,-0.534901639858761,0.581841024708177,0.309811137869768,0.0867209598904647,-0.205948114437584,0.271393973714562,0.240499556794555
2.84424980647383,1.48561300074338,1.25767598452742,1.23032487721791,0.652447509225925,1.43942846442051,0.301321283932875,0.40195948435802,0.384202694181272,-0.0931480594242862,-0.543381857305813,-0.398797528824018,-1.27441309269671,0.656076427100912,-0.401673442287109,2.02809037219509,0.387586398882685,1.92478820970653
0.741809388029959,0.293501834554062,1.46603763964238,-0.26633017232218,0.796734577187411,0.798205186546558,1.19849038049255,-0.561761579525432,0.472184253688202,0.749473018776634,1.82971856511488,1.79056201044766,1.06715491788955,0.796081988069407,1.50588831451328,0.77353584104222,0.975168849391036,1.26001020644754
1.34566941131241,0.241814335996807,2.30129430036841,-1.09094597343869,-0.583595950639155,-0.0806941116831201,1.52754847510516,-0.191672060296333,0.406088664671435,2.80665773861434,0.654578350703412,2.42098076520013,0.65565700569434,2.23224375153511,0.960173493648551,1.04566778418837,1.38105530920085,-0.25676448977168
-1.75670636618692,-0.835484972840815,-0.613081517003111,0.386092310213242,1.73134039504302,1.48601503815437,-1.47117721119041,-0.936831003275571,-0.351453851960831,-0.89470777732604,-0.464666177876418,0.0751288082288182,-0.0420911344696421,-0.348329918042527,-1.34485219706953,0.835285248227682,-0.118672309857176,-1.58700652537617
-0.532781071209457,-0.927337574336772,-1.16939722826322,-1.11857127338044,0.595427763548617,-0.931651263963226,-1.78475562783073,-0.149615705445449,-0.639482158693097,-0.229409393360892,0.768422192983476,-0.493292956480405,0.423908052350321,0.722844231715009,1.10304210762106,1.47955876914133,-0.804795466732327,0.778877258195033
0.106272132813505,-0.526954728591804,0.322767310280753,0.309566417720371,0.172105168283953,-0.236762107782383,-0.911802231315005,0.293262533862567,-1.04179499947541,1.15062083659967,1.19630301642702,1.99173215668122,1.06187576775906,-1.47869689486908,-0.625423131374375,-1.69545657492448,-0.183818343081645,0.292394869948245
1.72432224492873,0.563010427544361,0.361588332445384,1.26288937712857,0.253795064466041,0.595163689072629,0.216764555549241,0.331358448699423,0.472705581642521,0.520280148670423,0.850368434236639,2.55563635984583,-1.10980106258,1.6720586785948,1.20069454147604,0.601659173603673,1.09067585578306,1.57233754014568
-0.577080875546885,0.889290191319637,-1.93297718900492,-0.0210343548597575,-0.680639171198655,1.51928464834643,-1.46866447749718,0.0406963771612541,-0.906368220181305,1.16814124515689,1.81445469616717,1.05578561486428,1.4922491985027,-0.795812502378241,-1.58516553095868,-1.36447529970963,-0.966460006616853,-0.221853414796193
-0.198295214709437,-1.08120971633317,-0.907211544417185,0.60801878218752,0.395422796171363,-1.42273771908392,1.11797262570406,-0.0563115184000602,0.836417053863472,1.71721917023116,0.730364209108909,0.717808442050931,0.589155329732682,0.9196600504346,0.939062957851743,1.54291280758485,0.80618458385352,-0.0395993360141417
0.669355290223182,0.946250254750563,-0.190212456314711,-0.750692144415611,0.635930782669119,0.484524389362294,0.676555777518365,2.2261946266497,0.220986421463696,-0.40986465913655,0.679753679292945,0.484533348947776,-2.20619059271316,0.196843134282926,1.21426344262811,0.400801825536205,-0.82104121044069,0.816536612204439
-0.215560224544777,0.163274162664619,0.0416418148041307,0.942011548953072,-0.114653985472912,-1.82621298031486,-0.675155805131604,0.137643127726456,-1.50041183107532,0.159296363206347,0.229363493554976,0.527594873149752,1.48683597736897,-0.00580290796373467,-0.879028443261437,-0.357699359701107,0.319018193768041,-0.965286842063668
0.393110273779244,0.779870543590147,0.388630721451287,-1.4810313722283,0.346758387127623,1.64574535286082,1.45824457749431,1.06910197676927,1.62474583594913,1.30702199729589,0.592098211519586,1.43514201903036,1.9375090649479,1.35214003930736,0.874065073269375,-0.0183331183698059,0.221044808533981,1.83878872942154
-0.355949923456802,0.608984720846129,-0.457809773018014,-0.467999353456461,-0.864889310741854,0.466392607451332,0.930045003020707,-0.262498058659802,0.82611269273147,0.267533345252357,0.0180979553659583,0.499918790642707,1.48163926899721,0.40409766461036,-0.744441739538538,0.419761310137091,-0.524508842398125,0.511001458195858
0.793677882486635,-0.0904931845470277,0.792808962758854,-1.31035270271888,0.13869787287653,1.13581907004206,1.62364197502809,0.127983763321154,-0.635412498816046,-0.919836256270324,-0.521202600637266,1.10600511278666,2.28529646550647,1.16451522287572,-1.97554105095532,0.120912080624857,-0.966295211758097,1.63978910368937
-0.535442364718652,-1.65666727605499,-0.677609081979984,2.49619342094394,0.263594754019705,-0.597487209630329,0.8724978132343,-1.65202147117368,1.89250650094791,-0.827826508737785,-0.075716126787026,-0.599894351667558,-1.31254675174201,-0.210810109426943,-1.21494093590979,0.7188987643957,-0.471393294846644,0.0393471249839717
1.53194145424404,0.497148571982679,1.5216453050125,-2.08954872481738,-0.0929923493477578,1.66810991962465,-0.776381940106777,0.964572736208465,-1.05691043582398,1.6802094408725,-0.0459404671913225,1.23564458628183,0.506627616631481,0.655680162604684,1.78535610265568,-1.58727877361978,1.84774302569003,0.37120064926001
-0.684856842754445,0.0977129728743315,-0.788072715451176,-0.701002759577721,0.644552930922806,1.17285890789183,-0.269845907837544,-1.1459080360023,-1.36423317292621,-0.652741808951704,0.422520491881744,0.875616961869688,-0.901423493492417,-1.01713163581995,0.346088609640167,-0.760347879630006,1.33088314634179,-0.0647815748527502
-1.08015746807133,-0.520835521879,-1.79886223042207,1.02778810214597,-1.00046928550529,0.541331857935665,-0.093899935940281,0.842000652056898,-0.527276042682406,-1.16575065512751,-0.98616989376712,-2.24440348188179,-1.11314085921204,-0.456706227713212,-1.61802911317986,0.446801432399505,-0.388116069410637,0.912615151677484
0.797830658784154,-1.19167347980797,0.199322118622097,0.026657930470011,1.37310559875374,1.30939519570708,-1.92893525565364,0.936015423124796,0.38147376747984,0.0324912819742349,-0.225654022253083,-0.894144420838637,-0.964814246175832,0.0575283985488581,-0.418781906739746,-0.114028445759364,-0.410380600530622,0.354262992687432
0.839281064833689,-0.448408765713687,0.934446527654411,0.938928386812081,-0.177942174580026,0.678032458623942,-1.72890904242354,-0.63610934469498,-0.0445188021199134,0.452429712676754,0.911110477417878,0.227396431857649,-0.424828931882253,0.554398075441335,-0.117734921344779,2.88160798671865,-0.00839984766308166,-1.16272064123822
1.71484104124396,1.03557030733098,0.120389958971698,2.60908586736641,2.09997486159694,1.41671868707012,-0.705194194079893,-0.476591474425814,0.805197598751174,0.324130652690945,-0.353137011870374,0.225729685860967,1.42475652364219,0.0660322822831797,-0.425858457869198,1.16991958652005,0.154965497077706,-0.138562104236793
-1.48019107021732,0.409240686415443,0.762068264894541,-2.31311331794705,-0.0940383372570307,0.462205917407304,-0.966302585707629,0.967788945853445,0.554000316191127,0.312794027120842,1.49901303607166,-0.20334893837063,-2.04499234646632,-1.02919251741301,0.338994056532534,-0.104629968063732,0.532054115020128,-1.06578883624334
0.494263241070248,-0.490325947572298,0.162421942626307,-0.372543566654596,0.482892731018183,2.68707182834272,0.0425972491568294,1.98248097123247,-0.85483545892427,1.26016574698428,-0.405746976613376,1.38759928923069,1.58614135478898,0.202913994980126,-0.455098222783477,1.29536062203274,0.766110983558546,-0.170042408194312
-0.846280695247661,0.217601390100348,-0.236329172217556,1.04983265510338,0.833321757082139,0.762427740786802,1.39340883806932,0.115727036614681,2.31615723637575,-0.0623728804075229,0.895427674776353,1.76759485190649,-0.283525570483407,0.296669968835964,1.32464653500858,0.0735574994588885,0.613868905959993,0.7189973633891
-1.12991364401855,-1.22482548848937,-0.186504351577919,-0.9963219147363,-0.66370988827426,-0.445332402825431,-0.762588253957325,0.744609551660257,-0.611445265235514,-1.81577189152302,-2.42248549737603,-1.10716188646082,1.05088230278905,-0.708598293005954,-1.27991435383229,-1.04802242699667,-0.446864037889185,-0.820436907229093
0.278192589503193,-0.867391519944535,-0.0253682572086326,0.0615464786534079,-0.728562457402705,1.56839758677774,-2.7191540637059,-1.19781659608731,0.0938859282771112,-0.529857017690822,-0.524838559297685,-0.106436144857526,-1.20982564340002,-0.924714324528904,-0.273435127074792,-1.17045671128703,-0.0137930156120745,-0.292619823563226
0.709583671858458,-1.02977423528446,-0.021095160171532,0.00458491197531885,1.93987395449547,1.1969311393776,0.94037489108606,1.10951873620252,1.32333298230336,1.35957999852842,-1.13141889697696,0.675399186027669,-0.261741474270117,-0.102690714034605,-0.463720479131961,1.3514293460665,0.932791495679715,1.2676025221451
-2.05629742219194,-0.312307993245195,-1.14441517359835,-0.306889380827185,0.0833618919515632,-0.396383827269322,-0.237918132769421,-0.987809186215877,0.773374518485239,-0.931815460108302,0.372810463214863,0.209972902131631,-0.86749188684168,-0.738140200660965,0.0921270905746749,-0.206330674668012,-1.97515094041465,1.06320332999819
0.247941479360972,-0.29414710055214,-2.43448070088188,0.00389713336696654,-1.48033786465075,-0.772121076454598,-1.85594966923077,-2.77255204611013,-0.775071957368134,-2.10909718291118,-0.634631991896649,-1.99775391497166,1.31334660862165,-1.21476767714252,-0.813707743030456,-1.01836005658819,-1.6317658168147,-1.77513897511202
1.54070900918139,0.227490405064222,1.29093726808402,-0.00675569709793048,0.919008049580924,3.22823396744527,1.76523387098079,-1.27648243380329,0.389758896428738,1.26811012142958,0.606252294076657,0.269017250882018,0.415991307482904,1.62984090850379,1.71811389227933,0.628556890368546,0.589896462824044,0.217580408366029
0.433617886214333,0.25614652458316,0.0406086428929829,0.425809481847534,0.210255625394424,0.188149732015521,-0.924476343892526,-0.0813949139388047,-0.971648155592734,0.281618265371182,0.749015920205934,-0.681751260233012,-1.56947278859228,-0.698798084362415,-0.190813049861334,-0.67559141694713,-0.728724061651497,-1.21819170170437
0.376380359461007,-0.953777060941661,-0.676097358252134,-1.62606641637618,-2.30011896317143,-1.54784061926736,-1.38289677236621,-0.667229847397731,-0.646257516462813,-0.073375734069367,-1.78817242909817,-0.269694820856069,0.424062027995144,-1.45300485640253,-1.71162349186413,-0.349697964766504,-2.10437123920119,0.899372965956045
-0.266490525114379,1.77450948552602,1.34876565642913,-1.08482758803439,0.152027538919624,0.743349507729453,0.0938708197075584,0.412318096146522,0.307618317296214,-0.654849804013699,-0.262874799735764,0.284637117274333,-2.00687457959076,-0.16115997513106,0.47657602527338,-0.0426777629271139,-0.346476328512222,-0.567949990096956
-0.274969267509171,-0.666929922714687,-0.529832674857249,-0.788654236438557,-0.981776499535634,0.896000832225776,-0.460926396308806,0.850400671405217,-0.931937171640089,0.728209567786938,1.16886488854119,-0.958205995101719,0.23221294446751,-1.11450731925346,-1.14267867267719,-0.417969833402578,-0.725395837422156,-0.300049234014351
1.35365234528336,1.03734484152049,0.829714279466801,0.136373594940529,-1.86910529973295,-0.233149053136774,1.07630075926124,0.959707488667914,1.46778459629947,0.28716491599349,0.374757019568246,0.226373089962201,-1.43484649944141,0.580116380864743,1.07837145885933,0.895076157083533,0.739261391438669,-0.578820527177397
-1.54775277894718,-0.42585920270266,1.00421662218318,0.848094908146816,1.06063035661568,1.66301806720082,0.562440531214384,-1.42476144853397,-0.706811714549307,0.610301952582836,-0.539003760989219,-0.573907888465147,0.835408269866509,-0.0228105343872855,0.120466279112594,1.21435210379133,0.263324491378237,0.428548336623925
1.55239637980918,2.21339300977826,2.39282656914125,1.47801643222227,2.30589533040371,0.488795446485918,1.01540305513221,1.25779745733386,0.923939497728886,1.27879806189035,0.913340116772688,1.9770283908431,-1.435387211449,2.50724068012681,1.99281652642779,0.281435646878942,1.65153235771975,1.41678133052648
2.17903540718269,2.33737743584111,1.73320877305575,-0.270999483734862,1.72974522112255,1.77535529376662,1.25932132318167,1.30664662051024,2.68383173642144,2.13778224261974,0.645533922116604,1.02941968302112,3.10004625571626,3.23616826484472,2.03219723858609,3.86102490872267,1.52323042243054,1.62770990655403
-0.530455865920479,-1.87378657374691,-1.7970713495227,-2.18581061915309,1.70754082603763,1.48109557345465,-0.887912048886732,-0.112537112118084,-0.702484692922397,-0.815313073353273,0.298573249470469,-0.63149638126806,-0.861950085952223,-0.500485543507832,1.20941617434203,1.18463336923128,0.432661275157559,0.283484482345309
0.470184473988133,-0.227642666838146,-0.256542091723361,-0.365220751886357,-0.526304111180531,0.540138123202862,0.99292697216958,-0.99256930945685,0.360715547740583,-0.932159372258005,-1.74262935395391,-0.526154279981651,-1.57871381167371,1.12468242534623,0.19589663459225,-0.969523794158024,0.374517878893627,-0.162502764487048
1.10151320694851,0.797284257476747,0.247187315980234,-0.420439031777198,-0.69356895112366,-0.395868050853969,0.147760243095517,-1.08415525232881,0.491663656802583,-0.28502269584752,0.625767360386909,0.420023273930617,-0.495183939523287,0.752780830736741,0.294714903734535,-0.393098140091672,-1.1863036349319,1.23527220599111
0.260870912276879,-0.728473748770504,0.210505098428967,2.21748641912873,1.75127748876356,0.741306346343079,0.00830584856786027,0.220953994367063,0.509193490146181,-0.438531271780377,0.822620612152147,0.268509471205923,0.564483416676608,0.490541663951591,1.25167323797987,0.272354900617998,1.59566593619383,0.760046310684501
0.451800638318797,1.63237660414129,0.635714452114831,0.521272424982048,1.61326600117727,0.508328079054661,-0.311523445029827,1.86719551766032,0.71002143875222,-0.263086775556833,0.35933663608422,-1.77757545826462,-1.25583038587656,-0.241207374942863,-0.531083178393313,-0.875910362690979,0.202909409863983,-0.291119476844826
-0.631843226441898,-1.2600561546033,0.239348939337367,0.790436650833376,-0.88892638993225,-0.416149337820493,-0.577276520908211,-0.845390665607523,-0.371733614462812,-1.59820240471192,-0.596718423076579,-0.930453932792133,-1.05900850752731,-0.311513334497907,-0.271631149935171,0.343855702373189,-1.76231931527095,0.2951258275372
-0.614633490591203,-1.82152536274946,-0.716390820869687,-0.338969103776924,-0.0400513989273486,-0.601574569541906,0.00478666184608869,-2.29268096703407,-1.23520944468998,-0.733283950380993,-0.256588414380912,-1.92150017276192,-1.53848018996042,-0.239109463764362,0.408722087557988,-0.800452197602951,-1.66052606820324,-0.509550028762376
-0.843216810629787,-0.372169618505653,-1.33187819228413,1.44943376021084,1.13620872821025,-0.398331733676619,0.74218198446677,1.19827699404234,-0.925935602074778,0.467858399578181,-0.131585362654708,0.876596097143782,-0.601392999204149,0.757871416573152,-0.685227756678248,-0.0659864588863991,-1.5033752910295,0.457822231748375
-0.0833880636457122,0.680536555842376,-0.500263337579028,0.128038980518018,-0.782842714333377,-1.37269765145139,0.435847847966734,-0.159974828391264,-0.98460449558397,0.09310962452153,1.34837066621584,0.878826789587293,-0.720348768905706,-0.430745530705204,-0.111854507120705,0.343317586923839,0.844495985076472,-0.984638637250477
-0.14141201523761,-1.96232600592249,-1.65063218557765,0.375871615173364,-1.65378547964463,-1.89796648459392,-0.218684517938637,0.716730285804493,1.35887649818845,-1.23151009104787,-1.77483199423893,0.0338865092468767,0.345016719446872,-1.58429902711623,-1.20315598130027,-1.80814795198673,-1.41974839826527,-0.434435080961371
0.142346138730744,2.40471089260425,0.566619906411163,1.5581536201235,0.943701701857983,1.92300288565796,1.86279739318871,0.646573170836532,0.264319847803438,1.09172518454928,0.885515175605366,-0.0803689107741225,2.32593417687226,1.18244871198001,0.567792307280362,-0.88991547310028,0.198235766245481,0.12684722853565
0.217427175038395,0.0432447687187057,0.376135522299773,-0.232269186117325,0.762131794634256,-0.466693088212185,0.655400000509296,0.631471065203056,1.74580158703182,-0.151975801098927,-0.566736769706298,1.02186622994795,0.843793277466456,-0.660171079747626,2.07190618300659,0.102289200546159,-0.203990842930846,-0.323193270109355
0.369601810969437,0.221271283546208,-0.279706815253918,0.0540692422773543,-0.613404282092939,0.0210922541770352,-1.17157855753995,0.173157011201679,0.476068122632,0.522390161757139,-1.67835120739588,-0.680237922071458,-2.97012975583022,-1.58246666589969,-0.205524968430695,-0.748945687150873,-1.03185139615274,-0.200613687597065
0.735974077176066,0.395309150473809,1.31040428340931,-0.199800809534835,1.19731117632257,-0.280416636718823,0.0310353815322807,-1.70242303049094,1.02145535453786,0.465356391446803,-0.101153019695073,1.92681993658304,-0.943908023248359,-0.277914150070865,-1.12811237971742,1.11419013412684,1.05606282839472,-0.529360082719027
-0.00719021114216346,0.476194575949796,-0.981217395421346,0.68933812411569,1.40327400522478,-0.684391710603079,-0.0551959479081545,-0.388615771253229,0.0591056477184989,-1.18305900026369,-0.296698508552968,-1.60741468829258,1.85840129058269,0.429910505425009,-0.102448323726412,-0.949199594127975,-0.010164212161985,1.18373014208319
0.586642439399952,-0.330203421311978,-1.12831648057939,0.422242239397796,1.35564006967822,-0.656093826804843,0.637081714158063,-0.296116560957333,-1.26876975355694,-0.382204891446278,-1.56873888955676,-0.709621496598709,-0.557093733385356,-1.57442990785395,-1.30747248130581,0.115588821829837,-0.241930629457458,0.055927998396051
1.8591293331529,0.468265484071593,1.12380091322951,-1.04611014690083,-0.269869659666309,-0.854122409291071,-0.884103091408146,-0.540360287571414,-0.271517382151176,-0.325078536071555,1.29757989680633,-1.02085213104578,0.6223060004946,-1.09844301363959,-0.735590989483156,-0.598940140854399,0.412517728696739,1.18539435314272
0.864964841729991,1.19441840350778,1.28059347296932,0.882946753353904,2.09238586187535,-0.929263290872861,1.16515315863697,0.522280511520804,1.7546327190722,1.95719002232618,0.863771305085354,0.673714999968012,1.33271764438811,1.20454236610962,1.38578571806212,1.0635304703117,1.23996479060942,0.801704641329893
-0.542180663705658,-0.292068041081498,-0.712505006725313,0.421575128563542,1.23424434120345,0.0125935202043005,-0.422605330424461,-0.645387164432208,0.756615253896768,0.710880961287923,-0.713740904627095,0.402239567171033,2.63997020061222,0.926459225294943,-0.28330434336723,0.598026888762074,0.992842115627082,-0.650739270391229
-0.789569480195352,1.09276601288762,-0.0643123239851,-0.947601138550394,0.873529966774108,-0.0687127090403037,1.440991025645,-1.22667311454795,-0.31610342223849,0.325472655871467,-0.922074290382646,-0.475533014821892,-0.942715066243326,0.203320437942586,0.107514687484311,-0.773927647122786,1.28156315556425,0.62209596246511
-0.267585512970724,-0.676254704985972,-0.603730652392159,-0.993958480976814,-0.609105539058463,-1.62031846631654,0.379152682997734,0.608890573609736,0.568124284282852,-0.406988969119677,-0.888250368841759,-2.74689964109511,0.0443369805988636,-0.756604492089629,0.646282441043317,-1.54858138606812,0.50410650324314,-1.27090003113988
1.91357889020413,1.7633168870211,1.53786681096079,1.33794584734762,2.50014864706337,2.7184906517643,0.589641259058721,1.66436208296855,1.19965218519477,1.10369732730105,0.669202564938107,0.328581022239086,1.09218917104886,2.08242964897276,1.37300151926329,1.75704280679847,1.14169650942446,2.71640552091226
0.680686956869509,0.159136114881979,0.552880999652165,0.849594208606026,1.86856887516372,1.42741055353924,0.0649067064511455,1.25507302822142,2.4182997849346,0.723600012973969,0.0792333962203376,0.127428825137134,0.526711354060376,0.523079486499356,-0.790771410669371,-0.777749986515718,0.541357289770921,-0.749850892384117
-0.231244466578316,-0.512116727580944,-0.597404229994809,1.84697535865532,1.60364006303007,1.23438644326583,-0.340351993995034,-0.381072915198684,-0.587873755775691,0.0426368828932878,-0.231667418783276,0.972663884155242,-0.882500514395777,-0.586345474811978,1.91062168660414,-1.09918915390861,-0.760266840259338,1.54970717506319
-1.31338712241438,0.0333989099355106,0.0685307705925103,-1.69584805264971,-1.06807855772306,0.364157459650167,0.238332292499285,-1.93099471662522,-0.977337658417149,-1.80873055935665,-0.184681372344992,-0.753890838138734,0.294102930662123,-0.794980712537734,0.0290715293991967,-0.579937756203092,-0.259175621099801,-0.674939169458985
0.601840931034362,0.52900014282577,-0.417783881629405,0.941904514562874,0.347963337728856,0.406516396389578,0.445922178016923,1.59357947674516,-0.174976313115363,1.37428521771296,1.41591763663625,0.608741139252938,-0.0418302918241307,1.8693631925769,2.56324286911087,1.11359031667228,0.055383526066581,0.522370821259956
-0.572863684797126,0.468524570274033,0.635464422552892,-0.733622903338602,-0.217247334287964,-0.693196613592306,0.286781031714656,0.881041170063362,-1.4620951443309,0.148183193731138,-0.856960965155376,-0.0672205699072778,0.10909369666216,-0.495280987384721,0.202763419539509,-0.54109576471764,1.44489936295134,-0.790593998237829
0.667643843559768,0.29364380073615,-0.560739585372787,0.0489149442571289,2.53628285728712,1.47109259317588,0.966448167992857,-0.739296264771525,2.33990217864021,1.15456768703993,1.58259332201174,-0.888728019045858,0.988988227879369,1.00672339820471,2.05577696247329,0.689173196707358,-0.393426202849381,1.7083513570926
-0.703711988875988,1.0981673040253,-0.0116164565043767,0.212226593995303,-0.135233992979974,0.235758664161817,0.8532009713493,-0.410043273054489,0.350039343227741,1.753834803115,1.31183127450497,1.91396938742243,-0.0962524389141976,0.448610578297319,0.971511365671645,0.673275506849122,0.91828179708516,0.655185938932668
-0.738474629169733,0.3188602137236,1.04631048328621,0.250210715297741,1.2429698391743,-0.465696235458683,0.0821791864186592,0.979582787166665,-0.778914911811996,-1.0462864695229,-0.186639091462824,-0.439980600424539,-0.0973529741021475,-0.58743043819163,-2.10140701876244,-0.22756865085028,1.72539776080504,-0.182709281400096
-0.263635612584165,-2.16375698553194,-0.638129477399633,0.230985231554605,0.135657071047257,1.20992310204842,-0.521445071999569,0.149925082947606,-0.75129821085189,0.0842421945040396,-0.877618274450403,-0.226434439677151,0.960587950358619,0.573791845793927,-0.450437018806539,1.35062347992271,-0.911364640212771,0.365392768716784
0.0926956061360247,1.12663466442529,1.00674235128995,-0.181105007358182,-0.430045531960715,1.38862765758989,1.50220626920781,2.80548357385328,0.932166623003454,0.449777748619037,2.14816704293888,0.74562958131413,0.620073672126183,0.196617624303232,1.7174874162577,-0.194664635039353,1.12781320175679,1.20366663908642
-0.657959006334483,0.585823904083597,-0.435572910750752,0.636537529720195,-0.514135167365064,0.142557750028093,-1.03050111861006,0.763366322521786,-1.58278978563998,-2.03287332263485,-1.09139294843276,-0.0614904303672651,0.2257250794882,-0.571517695147844,-0.494803562024153,-0.72306509609086,-1.0871809134544,-1.03941761024973
0.726491368357776,-0.542223664247405,-0.201247726352968,-0.254942343673224,-0.791314618740335,0.56547424427241,0.12375392276793,-0.0640811559851681,0.814610211661321,0.538100247220973,1.34734776082487,1.24134420228803,-0.904719314478513,1.76106768186739,0.447678703635429,-0.00288410940743256,-0.402690863712324,-0.480243099604021
0.387239976626929,0.841496405398385,0.49230077528141,-0.237311785728273,0.402853630203513,0.899967449860699,-0.986687045760045,-0.266404260998782,1.11297366195029,0.600750791200255,2.29586011049041,0.315111443764921,0.828427091542708,-0.352474418338151,0.0145544712922283,-0.0191019316322519,-0.0137052153415057,-0.622011178054094
-0.762262854675885,0.768868843878969,0.443911782831104,-0.0288734392953639,-0.78867987329368,0.221313894869991,0.526676432041666,1.04334689511997,0.222438850647854,0.34177467308386,0.0483440958698872,0.840016243953967,-0.0848895824545281,0.0442032363170465,0.519834412431835,0.314519474666587,-0.09232753542347,0.278029181465695
-0.293569723038237,0.286257441693461,0.205570573862234,-2.03242442042619,-0.409425468417273,-0.908009948755164,0.659880798650968,0.0789420522068213,-0.187226676993621,1.04263922455169,1.14973323681401,0.887699717014675,-1.18560350518346,-0.736222596470687,0.672605771739522,-1.23419288556466,-0.41106863412029,0.330057263305046
0.261251252978035,-0.152531893964698,0.589736168057236,1.55212413606956,0.272843249498916,0.847871780487591,0.727981438741794,1.53899020957225,1.77856957063265,1.1949388214204,0.323514536508286,0.522349525194535,1.63830348545477,-0.102251404881943,0.185845016766239,1.83107591224614,0.0246470990805194,1.39436441846917
-0.281500250184443,0.527856648904657,0.737923138335185,1.16507925713996,0.671247115540429,-0.340121622017404,0.936460483211557,-0.331790801602211,-1.26342983698317,1.06325690688902,0.244084738604365,0.637008623571281,-0.97905038513114,0.836109870809333,0.38417370583564,-0.551991952374018,0.463123676434573,-0.299830990215988
-0.571071589737524,-0.0222401619777192,0.626183793114955,-0.0697383119390857,-0.287749412375302,-3.04775826848074,-1.19432069801935,-0.407470798122118,-0.630116148721258,-0.522136364713226,-0.699326136450474,-2.74344787329746,-0.33891249627915,0.09634152108883,-0.0534505878748235,-0.0172773308724126,0.0300287912489128,-0.484893384093529
-0.469466411512299,0.0405015331912159,0.808194267588312,1.57507329149765,0.240086681262795,1.77638607281578,0.779314759533252,1.31178967584209,0.181231539358686,-0.271175203430803,1.60950496879935,0.73997420613986,1.01002199800023,1.38012714318421,-0.164264930527987,1.54913889956985,-0.861252506915499,1.44434228146277
-1.9212251206529,-0.0704712822211499,1.09697836455465,0.544722855463376,0.374825893970635,-0.817013522093098,0.261532745435792,-0.215105105408403,0.365549124942376,-1.47263895574284,-1.54750508953042,-0.486058395868831,0.141739547248424,0.486750873813349,-1.59490832394628,-1.04601044004278,-0.504996061583875,-0.318522171765604
2.72730493983801,2.40790594473683,3.22556193171123,2.23741708824041,1.00498419193776,0.348779455427759,1.13213704814657,1.79776709233411,2.42447911778627,2.98557840187158,1.67279819227276,1.98998171201116,0.541165926273434,2.72554822574587,0.966518284900625,1.2659023476831,0.985979912443336,0.825529690558192
0.407460666697599,1.13685881118442,-0.849002137378264,1.83422398761309,-0.52604517285167,0.0426668332655,0.857726613532569,0.983265485152356,1.60033763017453,-0.839838748812165,-0.45916680524457,-0.548547803260744,-1.94806930310625,-0.887424215761313,1.02266102783879,2.42348277641378,0.903013193363448,0.222076868568465
0.388760700085066,-0.560914166129981,-0.633543353459254,0.300337428290296,-0.625981177323694,1.65064442234427,0.30879997253064,0.618368346025294,1.48583473143072,-0.278066301688078,0.600883016144236,-0.825653013975819,1.34388146969169,0.868367754590657,1.38754699920835,0.0752021061040923,0.0249811442538193,0.959422327715196
-0.833007682882197,-0.509859965712254,-0.443642126140205,-0.840291753131702,-1.84254144579493,-1.31796731478204,-0.440452788689988,-0.651640100458461,-1.70488128270583,-1.24286248543121,-2.2247827435998,0.0258863834072583,0.702933532887751,-1.99916463636326,-1.63556389576403,-0.769993154723467,-1.17244357606942,-0.237579882038838
1.5686574634117,0.402925126662162,0.128572441102825,-1.92253385019437,0.600340775553859,0.292176556236563,-0.0577991697929143,-1.28300259672436,0.993573871837167,1.04647184364772,-0.903157847527437,0.790479597134227,0.162344330374196,-1.45496736820072,0.135987979034837,0.888451465639605,-0.115400025364703,-0.179752324467998
1.42926306359588,1.81583779286216,1.3148213151293,-0.254220313295641,-0.364285949499414,0.447525025754887,-0.971012171851725,-0.263069547626544,-0.0944602122221008,-0.219778668182112,0.352799821341415,0.232445770629869,0.690816185209172,0.554143590615228,0.379380763618447,-0.670737353788846,0.0955547807323388,0.748723735415384
2.2280492949845,1.28193449227193,1.14463775923419,1.20747435028063,1.2899202671342,0.62859936609917,0.2696975557485,2.20972732268616,2.0925739270301,1.92046658756845,1.01821722546947,-0.900355331455928,-0.936340268711207,1.08553267507511,1.46322021316251,-0.441574129306397,2.27066246153299,-0.381310441607198
-0.366661799475354,0.113259332561137,1.02271363601114,-3.81680412807772,-1.20254629741917,0.134239298910394,-0.316914165719356,-0.791623310734632,0.624861804299715,0.601654109219557,-1.48646894472444,0.695729318624365,-0.405603490328786,1.85738984751257,-0.130857182876876,-0.303416154507514,-1.63245820928489,0.487369448790922
-0.160566237674286,-1.10628022460641,0.178142776201649,0.447975597743392,0.367641592149604,-1.01736715773844,1.61899158861464,0.284886504614856,-0.112424570310387,0.240028798559525,-0.448631367764901,-0.826477302720188,-0.531734611626594,0.000977758791362212,-0.178023530002314,-0.212901686366724,-0.553896193486776,-0.916909376032564
-0.367246456030145,-0.459487586453805,1.12492965559521,-1.55482486907601,-0.419012443631547,0.42358758145419,-0.589922070373993,-0.769577023980623,0.21843683495688,-2.3756216464625,-0.684059535925929,0.268024085813987,1.62225103640666,-1.02939258649848,-1.00954521531088,-2.43740434367574,-0.888853617441824,-0.434835084177654
-0.315707936968851,0.248748300724733,-0.888931814345689,0.526307877671041,-0.0805422313250764,-0.583097952235283,-0.721478452981919,-1.20991566547226,0.172945180493019,-1.4281699773666,-0.509007464804391,-1.22497525863289,-0.798510080341028,-1.06991351721723,-1.10154934816978,-2.28526319307769,-1.37417860128727,-0.202623713598886
-1.00431776271066,-0.307786951528873,0.7907851471614,-0.580264644117685,-2.35349490079979,1.02947123252001,-0.274590508952319,-0.435064084278278,0.0911146247064711,0.732438767448206,1.17870349702839,0.657078857920151,-0.50847046909715,-1.05183613607045,-0.491845291607939,-1.00230975547742,-1.16307754440439,0.109837367228196
-0.340910600530664,0.136674541197328,1.18641269070459,1.23447444743893,0.11062391750626,0.648664832972833,-0.43808819817564,1.59079281831651,-0.628413109957594,-0.14944851146297,-1.49983215689454,-1.3578399113393,0.718351704635864,-0.840709282883749,-0.773586504662974,0.829366353357303,-1.50918384248502,-1.0785742542731
0.330436014386699,1.61024661944128,-0.350376849224394,0.0959497175011407,-0.216641893138712,0.332069772024935,0.345736665340646,0.154188874312322,-1.17383865009317,-0.00793985430832571,0.386053003821147,-0.358592292161567,1.32668635539201,1.96599693992843,1.27697885332646,0.13992862624611,-0.683425806166167,0.856704533087079
1.18410985502463,0.255080839846026,0.379485848788054,0.593677279687708,0.477461011836981,0.264375174166393,1.90921254359433,-0.46293458895508,0.791344330160285,0.043428794757628,-0.169742292508038,-0.598371693793754,1.60098769434546,-0.842554289920009,0.443342542770966,0.280950405469321,0.144805571221089,1.0845181108034
1.31036613528392,-0.316925557223449,-1.37623600085745,-0.59186486841577,-1.07497743514572,-0.0698208406500792,0.518611673489831,-0.768525242140321,-0.632049142208443,0.32243369529137,0.763978083129696,1.8568952125275,-0.178506474341164,0.476814695219863,-0.412195747555122,-0.0313240925164101,0.117731600515888,1.36748657635826
-0.0774313331869896,-0.81268427876558,0.0019616996323077,0.221550710408689,-0.352250379553494,-0.0753801677869262,-1.06747755009442,0.389301916033239,0.728397957079618,-0.214695796558675,-0.102608955956245,-0.562589004141562,0.433873575112814,-2.54244234249227,-0.348234199895123,-1.348149654631,0.245630557708552,-1.08380495073012
1.11590973476541,1.29101739304916,-0.418725574845724,-0.0944253512607487,-0.812675649339135,0.42620702152527,0.493859993610183,1.01790797498379,0.217079417603171,-0.306567778382198,-1.45230898526614,-0.61120912264892,-0.0851223203553136,-0.351538737470246,-1.22054368053497,0.861862134423583,0.901738311673742,-0.237778903203148
1.29405890032791,0.658106619410114,1.35682909556954,0.563187189284734,-0.301468638667731,-1.31265362092522,1.95912100308182,-0.931439972004613,0.276502418442272,0.420543666389896,-0.609729389588777,-1.34058764328812,-0.467224776110239,0.685698433752294,-0.526223621478038,-0.138446597563532,-0.75240103905984,0.0485884680544432
-1.36065462685532,0.46681059212985,1.04998509180554,-0.519648386571528,-0.275752597448331,0.345276077496762,0.489902682737905,1.10177180839865,1.15150394323178,1.46288557879521,0.740517778574338,0.702350206108816,0.498589587934336,0.421041064318809,0.45615417563848,0.465402596324714,1.24329234191512,1.51999687298614
2.19393725796488,1.50281195924314,0.781043763176327,-0.99161532672671,0.801617761983753,-0.0145827662820276,0.293114884009773,0.106528982955151,1.11448580401407,0.0630455185242572,0.680253484641448,1.42832131580512,-0.160175974150498,1.21136586802601,-1.12251533275732,1.07961046266967,0.268825534927777,0.454407900953629
0.300754766414497,0.298192702150028,0.206288223362742,1.98972664597919,1.83607468580218,0.328643525586176,0.323027208556821,-0.483534370771124,0.0378013691474686,1.02337893290628,0.541465790281155,0.434508095167286,1.35190522649961,1.23410263406298,0.985435148163805,-0.185284009952017,-0.220127274108343,0.736968072594039
-1.69810694565952,-0.807073590942296,-1.15496586132687,-1.09182116151902,-0.470926494587317,-0.778196864123892,0.0263195392975349,0.413589787671139,-0.757215717250575,-1.65029987470976,-1.23357673607374,-0.355037779709416,-0.938521558309731,-1.12032860255582,0.68035696040841,-0.959818279193042,-0.753176213739793,-1.15612345624088
-0.288360309722905,-0.387977070427969,0.019517758739138,0.618017171997495,0.886004046378229,0.0400989586033153,0.888144167835527,-0.73594915634675,2.05255204077115,0.359730544163332,0.00156323273585961,-0.8344089814944,1.36172883162822,0.254604405048571,-0.328390765953129,-0.45325430669956,1.09072289226355,0.488985130416218
-0.738001234381001,0.431093134683019,-0.256432476247112,0.675617166253016,-0.698315858880658,-1.36850730478867,-0.0245225676929131,-0.475219324643246,-0.828135728330053,-0.754394878273843,0.2155498674846,0.10199766872865,0.626556999565913,0.266132431779318,-0.957832893129181,-0.396527498462151,-0.820013918908638,-0.303918351220886
-1.50723621324665,-0.361954974397675,-0.188609257034031,-0.355154364240144,0.218149736339429,-1.10309911457503,-0.568965047278383,-0.658856984246959,-0.170946285829881,0.478725016850499,0.773778733015215,1.10764245016776,0.329153432353759,0.356320563051616,0.567490130966964,0.298131170810219,-0.127542672032895,1.2620972578828
-0.300695993880872,0.466398331614138,-0.289814809728081,0.893586981681854,-1.45789710636274,-0.763729499592856,0.265365125021619,-0.83235352427314,-0.911549666420012,-0.182039973059559,-1.37076350080294,-0.378322526505977,-0.507759011683128,-1.97992782459731,-0.498417981615105,0.122068946017658,-1.97309868043189,-0.511709806580692
0.503479972316976,2.03501255643572,1.84951100744914,1.22057236839262,0.828242020614836,0.154126267048847,-0.268930637493525,0.49798777552446,1.71226657587164,1.27215061992751,1.48182648945157,0.600584004264861,0.803910344867748,1.93437377879696,1.7088064685452,0.759369085536203,1.44432630055828,2.37777732147364
-2.5388198739512,-1.03583447658614,0.368222774374802,0.426309232134651,-0.282945675826791,-1.0696871053727,-0.497634061308414,-2.12924844390452,0.0548696671063057,-2.14916929447996,-2.19130328018436,-1.93094590509135,0.602795884154508,0.423562813545187,-0.463932560420115,0.0568711259961166,-0.171814230585218,-0.224167617469595
-1.36685321312435,-0.972613423626533,-1.82109635793852,1.29399642423043,0.106606265020922,1.15974152288041,-0.637997140041099,1.1309595476438,-0.233878228571881,0.454621270759753,1.10848892837373,1.71568078626206,0.127683226229484,0.502105356088797,0.710640314412779,0.162308149773168,0.231364180645657,-0.296405478186852
-0.114999143505127,-0.821124604362108,-0.58307196700034,-0.470259535685996,-0.185896508139731,-0.216101450391135,-1.33846702779782,0.0826877527036533,-0.349396830486848,0.33519530275189,-0.453167020966011,1.36314218002828,-1.26396014371748,-1.30692766741259,-0.744381792244739,-1.7646533121178,0.327483240656165,-2.33905736909937
-1.02972053703404,0.338149776442361,-1.71925271254941,-1.20826284498009,-0.938683328602944,-0.779627239145286,0.932304444324455,-0.901439300164343,0.543116824941613,0.134084570882678,1.04535504449398,-0.898010208607239,1.15792853297341,-0.964682030539333,-0.282735780375048,0.662782297306153,-0.500778428618995,0.280792127294691
0.0982573415573373,0.16854977430039,1.21706263373278,-0.249421918463386,0.495461808329764,-0.170162185750451,0.700761707254828,-0.0171718230674024,-1.45731415549454,-0.699984201172133,-0.931131110940536,-0.681922722580643,-0.555898082717291,-1.20212804193344,-0.0425305833567539,-0.391003077737594,0.427371201939055,-1.75392933264406
-1.71056319055275,-0.630012987495711,-2.74413433324818,1.2110435669929,0.405158141509208,-0.830759955770372,1.21768628466316,-1.60433561808155,-1.0326792813927,-1.8899701534945,-1.67481547216528,-0.709609942673751,-0.48692365849934,0.570452334465823,-1.23075345760349,-1.80645855348306,-0.475680251699059,-0.897070269045612
-0.958407992694659,0.880679506510463,0.491272290128415,-0.692679807856384,0.587273106824294,1.91529043304692,-0.986890468611451,1.24403003919899,0.965821587393112,0.289558255199423,0.55707399938451,0.29961421878085,-2.80193110489202,-0.675913161116675,1.12017521073658,1.05249115566828,-1.47918391669142,0.566262471305235
0.349305201543844,-1.30328099176304,-0.616343109043008,-1.93918108966619,-0.201327273566293,0.0565457596447648,-0.86977099695244,-1.0071399522771,-0.606776495850532,1.41256219863552,1.0867566300423,2.05895511332821,-0.11244275272873,0.614384893509701,1.82441463551803,-0.405973720512317,0.990201644307573,-0.523051572402871
0.0223292800807826,0.84799152678196,-1.14919529033279,-1.30352854483225,-0.608677338918962,1.2580355656047,1.39966834823498,-0.206859240306672,3.36498252567501,1.75762144681839,-0.202621827540838,-0.213730905213822,0.13272161181421,-1.23233170570724,-0.433826739263646,1.19960257846887,-0.497365605510358,0.541878513167825
-1.12698287762775,-2.27445472389762,-1.93066399662332,3.4209024876651,-0.387072096695468,-1.03629825390494,0.0266431128739101,-1.45722847596749,-0.774359977649549,-0.628825155045999,-1.22741136271274,0.0145568111649098,-0.248720767762192,-0.484183846852767,-1.31661961139685,-1.78727435613963,-0.184724969337675,-1.03746207158873
0.58824466980774,0.405297670077446,-0.688691336904553,-2.28877319364514,0.0523916349701149,0.957537919505619,0.728836346311461,-1.37956467932707,0.708688369040105,0.486060311512562,-1.28379341891889,-0.742682016711293,-0.995061923053853,-0.842505194357236,0.472092882415695,0.842334771019373,0.520803551667411,0.437519044189565
-0.741256949652417,0.521200135924068,-0.231263621372624,0.629380345236115,0.99885216313871,0.0506704118747016,-1.46074409935256,0.185178889129349,-0.450086307106733,-0.366191382877453,-0.00157951148538659,0.0272790153047185,-1.01190903127286,-1.9316581458258,-1.39805109338029,-0.833097386135333,-0.159479264323331,-2.06751819110326
-0.0459946729938769,0.238715210351906,0.430400674164613,-1.82246195817777,-0.140207319627265,1.22377482446369,-0.895698651939391,-0.728565387938579,-0.386037289263205,0.307445738812352,-0.764158843993283,0.190039629046967,0.723978089814224,0.594090424430497,-1.09829994695178,-0.0870162954158326,-0.328396348373253,-0.736236784649324
0.215320352404835,0.30905145252388,-0.420963716085817,0.233805202664378,-0.243096510376614,0.434071866150597,1.00630123677331,-0.570542758688492,-1.41689337241592,1.25432589380567,-0.143764541840075,0.233653050923926,-0.0783941251618458,-0.0168553570209049,0.588765070299494,0.250165423037808,0.945998000578862,-1.13807539049966
1.61925635735408,-0.0472166739441481,0.557998884498923,-0.469695268050659,2.08642955919246,0.629849046671285,-0.0776268688347146,1.54293551636059,-0.6012998316903,0.584250573079215,0.902864552835644,1.83422659859528,-0.058102906973793,0.162888555976168,0.823733262598459,1.0485182918121,1.64263964292492,0.301867984048978
0.531776605508934,0.56284814470696,0.817777196248283,-0.421411217707478,0.899188326526746,-1.24874009683775,0.43220609183235,0.62747787438744,0.856954853388561,0.0913737745432082,0.322444896082086,0.053196692948013,-1.96467341703299,0.32460326263662,1.45419814607273,-0.296553929406938,1.55602693531112,0.341307023931992
0.628892331646686,1.36647834660343,0.924850149900037,1.07831644055721,0.660490274311279,-0.485203852499106,1.38666122433589,1.08592288892242,0.297202727090646,0.43465122050977,0.175755450282339,0.310146286282573,2.32525000710318,-0.159789155199086,0.0748536244690328,0.762120664374217,0.766698060956558,0.254539283624472
-1.26385548610201,-0.8311527182543,1.02521997608466,-0.003342638930625,-0.945810244157974,0.0801370020954133,-0.612411371312159,0.367050461707985,-2.07815275855217,-0.821518577403712,-1.23935567039916,0.857311440066236,0.00811154880219294,0.0720822227201005,-1.75333737092929,-1.54495408010666,-1.38822548162406,-1.12580269651626
0.414854511280919,0.685641564532084,-0.48410217632778,0.433496922440796,-0.397033501897432,-0.111221779884254,-0.345413460813252,1.47235209958684,-0.792472570623741,0.468950319152951,1.170348101304,1.42502495113638,-0.309912009226184,0.644292578003959,1.19959199448609,1.30012683223826,0.618579416581904,0.306634086977032
-0.687449063339955,-1.7965921420531,-1.4687005043338,0.196920297020927,0.512281281916859,1.09881368261415,0.44666411322824,2.39140403452835,1.04907778174808,1.098705831477,0.629769156511046,2.12035242938205,0.48824904342284,0.252138085926222,0.490193378736463,0.777969744816887,-1.19395810307301,0.6543964227106
-0.431618391684454,0.294637326778389,0.284111437484335,0.319016367712554,0.22998021560883,-1.08675242024765,-0.135047639577341,-0.0624112993411875,1.40991665192249,0.0820493015511377,1.75110379971658,0.842811779175544,0.0709759278071025,1.37389473961929,0.403684036152948,0.14579476097939,1.05883843284696,0.344872542487215
0.160219159090583,-0.364023685489078,-2.3247065816972,0.566237970509748,1.86577538275371,0.557280392876083,-0.484293420431607,1.3399579947697,-0.117148081769959,0.175635769031643,0.767869074286771,0.944955352896132,0.158672714500311,0.0382023119833419,-0.0847394102801192,0.990108645586395,0.728931669835899,0.226223013734618
0.976531090279761,0.792755589333339,2.31603261307448,0.751822311946337,1.6187967572322,1.21058836209691,-0.162704391501888,2.29515862662701,0.160125334312075,1.52198430140297,-0.266727186771955,0.863115954027145,0.423718426129321,-0.120636924228925,0.874171416347066,0.981231687681031,1.47190503846792,2.36653706847206
-0.81340245565874,-0.632982074095245,-0.0980066287492113,-0.816127326392772,-0.544291642548167,0.0205323489754992,-0.848074888813632,-0.103589041520485,-2.21077464272908,-1.12314571976766,-1.01378882924586,-0.839414246535637,-0.814692863508342,0.140552609373653,0.129568160907517,0.187526724094023,-0.659793634134948,0.591028181600349
1.93160711888456,0.642317514632593,2.26148727172543,-0.32779849216925,-0.119803926025997,-0.647801029318672,0.242508963876931,0.0827036199950925,-0.0982159927877369,0.725668997068965,-0.133312455044197,-0.622071284939516,-0.52792237342337,-0.0715112111445853,-2.603058827534,0.273325324184585,0.363693022690144,0.20308545201371
0.58278095800809,0.599722983608586,0.478999577809562,-0.745389987698393,2.1447996572511,0.391025548628871,0.888336574196077,0.0195049469607592,1.41063267091143,0.873471192877133,0.815723491614781,0.408688159125993,0.586188253282999,-0.181516224698875,-0.5853482988964,0.831165929179099,-0.268147904159444,0.878416437338502
-0.664187238169394,0.0476138075660918,-0.324252415768808,0.0545878738857498,0.0767242299899297,0.581985190810697,-0.698737572013534,0.364236463833488,-0.23157130236874,-0.168786016236511,-1.32169130650723,-0.642105456292149,-0.723393382684605,-1.14026770946854,-1.23006003772563,0.0512096733606678,-0.913160728818279,1.01771503678851
-0.169533798798572,0.577035127622524,0.933715184912819,-0.447920416188351,-1.76006243084897,0.0209353895047727,-0.790444122144605,-0.68782212211193,-0.374905032172136,0.717349799911751,-0.906887532598237,-0.347667255327106,-1.61584415873315,0.239034636280872,-1.73515868720001,-0.717846030691405,-1.71618345368443,-3.13423688492395
0.527391589031755,0.652424865325784,0.913337355769668,0.727147241809765,-0.539423368854336,0.301809680180476,1.71905729226581,0.460084929777665,0.683503174858439,0.632982456420087,1.91588235347541,1.60248079657057,0.804390205143494,-0.0421499798940079,3.1775437642032,3.61789870923754,2.16429925446282,1.18344395903196
-2.41755979339626,-0.842346844346322,-0.955748140090261,-0.346256402694209,0.0567772809317088,-0.386860076593676,-0.768089550735951,-1.13414533445659,0.131517930062594,-0.782595516571573,0.825458904043443,-1.14842006381421,-0.489416501246018,0.0182768438320414,-0.5241166819441,-0.900523387197088,0.517088162551011,-2.4389862153012
-0.74929713751241,-0.0452568650244621,0.168307131198939,1.06684347323399,-0.433213512163448,0.0298963576373533,-0.00311060586234824,-0.47837615206553,-0.0932878915503804,-1.13728393773492,0.147622518882571,-2.39370130618939,0.70866462340502,0.78734703327228,-0.216929240043953,0.327984294013228,0.24842960218169,0.290410137506674
