"y1","y2","y3","y4","y5","y6","y7","y8","y9","y10","y11","y12","y13","y14","y15","y16","y17","y18"
-0.141491327239109,-0.758799193572381,-1.23073403071125,-1.36155657366876,-2.48718380579519,-0.988549451268,-0.107954950229572,0.315265023043222,-0.486119694687002,0.193383541622927,-0.907341293719255,-1.41532618414889,-1.07637040768215,-0.407687895257105,0.599239544974063,-0.430844769014221,0.46018938949037,0.418947615312367
-1.51009598367639,-0.291345917679386,-0.364883467533591,-0.457874270342539,-0.941331530696986,-1.58719250985592,-0.528720793162493,-0.0704575253908368,-1.76328692147477,-1.56182782043111,0.301964015797266,-1.06650844676241,-0.93545974226213,-1.01112248720677,-1.41899732848387,-2.00222881544463,0.902018819277731,-1.96903903229255
-0.306721013052456,-0.738485441711005,-1.40881742708035,0.578605832869928,0.534218751927474,1.71280356403844,-0.826006698366826,0.712478793533618,1.01919564671312,-0.364968122992121,-0.452546572649837,0.186657407175359,-0.677163217533982,-0.0340963159744336,-1.85246171989639,-0.131357343111264,1.22839151350958,0.42760256656267
0.255461088944279,0.132811519308871,-2.47158289552544,-0.131207950243281,0.570554654517683,-0.320811653788008,0.225964996411465,1.98132272743043,-0.785271932213675,-0.284465639912863,-0.0386629183434312,-0.261903639543108,0.759904619773845,0.821360536718541,2.4233742985124,-0.466709419441027,0.776610393067771,0.394791673200167
2.45170051436546,1.08718974149924,1.93471176150232,1.26917722353092,0.560127153091951,1.71579866888557,0.474714272988789,0.969450693097031,2.01974789381135,1.46659119581004,2.01394846757773,1.84450190968476,-0.966595517813841,-1.36839726349597,-0.708884095280523,0.378529753025183,-0.201105159599427,1.29958321750273
0.0576876413736032,0.40845156313084,0.0872197738541954,0.443538058471335,2.29490190432721,0.0663064637583922,0.457029562898909,0.339136719024137,1.19017001412286,0.359691253211937,-0.06764914790565,-0.0514476838833161,-0.117368585945102,0.484674816851028,1.31424896349133,0.238598706634829,1.66992019749165,-0.178700995166476
-0.285946478462059,0.375989841530329,1.55334110386094,-0.734465012437525,-0.672445918794064,-0.251934838659096,1.31726799280899,-1.05633599534092,-0.354390786010536,-0.02147510699112,1.38654650999065,-0.497445283741428,0.076075447129298,0.403337192788987,0.472591244165678,-0.413933059481466,0.375687609547038,0.341146990276951
-0.524370608684473,-1.41064189011581,-0.107460855350053,0.746259635125675,0.354657405988638,-1.15604524968785,-0.25873461124586,-0.373459930537972,-1.22738864191849,-0.00581458775903155,1.35898293750248,-0.867495508348132,1.22026981226929,1.28222655068085,1.18897485433226,0.476875457078981,0.623355860651245,0.0361810274318945
-0.151365048865641,0.491719498563035,1.26471395966111,0.610691800717835,0.608926839152666,-1.01092139299235,-1.05339751614377,0.772782194568209,-0.757814993659217,0.645030292081722,-0.437593945458884,-0.747100222084447,0.875769978742466,0.252041074114424,0.365196526366518,0.318418970698389,-1.01992186494683,0.593893652362939
1.40446780956329,0.412834678951237,0.022960170357443,1.28603073195481,0.254329993276552,0.808826256489451,0.157922414721287,2.65488941923822,0.434946368589429,1.03556886236248,1.39765535181004,1.18896410385301,-0.556673988039851,-0.199740811896619,-0.914019388206374,0.399759992425272,1.16544267735437,-0.451702691243789
0.431191895196866,0.714487653159385,0.389733130783187,-0.998884502746277,-0.126444612773406,0.136275588556983,-2.0602256508109,-0.0924426521395914,-0.416530460197857,0.755896409587246,-0.603698277359329,1.12961123694717,-0.20462443420232,-0.3853783729194,-0.93443220899951,-0.166709537607078,-1.37104557404247,-1.67869438312756
-1.44421927137923,-0.159226916383614,0.505212090644433,-0.0582788465508187,0.385215138225188,0.860516172597674,0.593555559414523,0.105998291005275,1.40613369787872,1.55128269354656,-0.0390904466491085,0.860617687556663,-0.393142463368526,1.0079468121971,1.17973501436506,-1.37448151943946,-0.258240117980584,-2.45363431143933
0.590327738739287,-1.1206193646627,1.12038482023777,-1.37167237051981,2.00401747126937,0.0359278252516606,-0.476869641619152,-0.912589521062552,-0.443757081471989,0.602632093493903,0.608119528932845,0.771926337351028,0.34115268823932,0.419995290313639,-0.486814084013568,-0.172189031249306,0.286201044007177,1.0465652196804
0.370265199347541,0.824869809109735,-0.0585315185792111,0.255548223417257,-0.904569852726856,1.14104502142983,2.09966865860899,0.789285872078996,0.689250952558732,-1.25718361794871,0.335431467519617,-1.637126359966,-1.19000538015259,-0.212414192459401,-0.0923304291670559,-1.61303280659203,-0.790385604294523,-2.23346051893765
1.1101148348945,0.47464796383267,-0.0269951743719096,0.321227738809979,-0.333474262119702,0.361716842420112,0.137057256236015,0.163091321755092,0.493136408426491,0.481229816085612,1.11220252681614,0.452905005035657,0.962607924101249,2.1338803082083,0.104243636823561,1.33064010035579,1.59254380113276,0.0752936609991151
-0.300632905032272,-1.43737563750325,-1.17917883041991,-0.288508115803395,-2.40831935640567,-1.99732621458772,-1.65790186242929,0.227626752965151,-2.2650209012969,-0.192857689888281,-1.03802656210709,-0.0598188600603239,0.544107335247711,-1.24637848571014,-2.11330368822646,-0.79510788607676,-0.654326431122632,-1.32141906272827
0.649686309335071,1.7853384374165,0.00352155521279664,-0.560647909623951,0.221203563630264,0.435889262057882,1.84614610215791,-0.284707461112465,1.61199421203083,0.00227642853813794,0.387193654382803,0.207811432990809,0.652454957965691,0.640956965768386,0.756411307255471,1.34309677211995,2.32585225949543,1.09466486449214
0.778549745991156,-0.811119625183717,0.0778053958228191,-0.482416009974919,-1.29270415158054,-2.28362381858967,-1.8469763172846,-1.21966350200869,-0.591225146084642,-0.604364456119553,-1.31150622389727,-1.59565215450108,0.398838517385844,-1.69371574077602,0.60567693837988,1.09860744973574,-1.52634689894753,0.792952123348797
0.990793742412732,1.80659898424374,1.67008084343604,1.71205842950775,0.549799265934775,-0.0732190345440632,0.128695194056087,0.268171797368284,0.289836534113766,-0.100819000358555,0.495016684531122,1.06492309332432,0.0477716186023261,0.844419103947027,-1.44897875633485,0.632284435053973,1.27740837698043,0.0435633385789259
-0.452618047332016,0.0594908941173552,-1.37848461237121,0.585406230956091,-1.00023579659293,0.434999655879374,-1.08403893275186,-1.38325988339979,-0.911650818768035,-1.11502597616257,-0.429771582782723,0.342935343932733,1.50851361481214,-1.39581694136312,-0.779585446237888,-0.740612475958342,0.437518528720647,-1.57073788325107
-0.57831971221943,0.942508893754417,1.4948027277735,0.697024763858079,2.12159457421629,2.39444051223024,-0.297825560304032,1.47325179222359,1.09670930652804,-1.51124290784421,-2.48350631155347,-0.942085950639353,-1.12753623686749,-1.76247552087979,-1.50628561653107,0.607516858320543,-0.677691587224063,-0.407790797939407
-0.244446113226083,-0.556449503139919,0.6951028704821,0.958540135031552,-0.599946712856208,0.631671207921507,1.1761627495449,1.397669947428,1.97659922236335,2.01728193104098,-0.409550293002131,1.07616041815796,0.306525697934743,0.98629786198068,1.52346515003937,-0.367369194089937,0.318383581998429,-0.768937265426742
-1.01102586608555,1.25204870589992,-0.73012008412005,-3.63370358725466,-2.16308902395985,0.477175150450718,0.522314029565566,0.525296444937324,-0.493063774466344,-1.43215010096236,-0.100571518973294,-0.56077537257387,-0.481353135242862,-0.623430056183537,-1.70386961384806,1.01703950590636,-0.0137981405504996,-1.0178301178013
-0.782646991528993,-0.0544924009878704,-1.22698999839186,-0.14175188205483,-1.3046411108399,-0.111784238529472,0.545886939992389,-1.83116105021822,-0.0955678190859206,-0.546181289791723,-0.732373939490727,-0.714684318876449,-1.37714006402812,-1.45242455665233,0.929110926937655,1.74068619319422,0.24890638580295,-0.31535593500295
0.151682965653213,-0.310292313644737,0.206124144134133,0.303509030511689,0.390003728246306,-0.60121115952255,-0.0967292492212735,0.392862586288453,0.945115621095237,1.14911239858036,0.467624625693469,2.46731995481693,0.567994861841737,1.07531935136752,1.48413781990985,-0.399149270842034,-0.580519947911139,0.431801148409579
-1.58361957752602,-2.16853934740231,-0.695233828484661,-1.48758855845186,-0.372366379860707,-0.00342866145904593,-1.84075607833992,-0.0157340582088208,-1.00651371603762,0.652060206225381,-0.845255854234306,0.800414569809946,1.50151145206342,1.23984720714667,1.05403412787455,-0.982922432816543,0.726533425304051,-1.22128615668047
0.795357539123058,0.51147642755938,0.296280378387356,0.456499646597488,2.19484227066227,2.08667681155493,1.43530042513066,-0.356164179929782,0.247011891566221,1.19774295472013,0.0559984976306227,-1.07833640877414,0.514982328133786,-1.51261968828916,-0.909975303960106,1.63153074389232,0.563463169488089,-0.211739370737986
0.606635662532259,3.13010665595756,2.60247610177023,-0.105233646084027,1.06474776338001,-0.733468077046003,-0.20822953631104,-0.284980686712155,0.465872330074739,-1.06014600499833,1.50475655221527,0.38893963950575,-0.372772769904222,0.236369433312705,-0.112296050586553,-0.236760835063083,0.00933689971865248,-1.18012245959206
0.0178927361960831,0.0855394802499582,-0.237901917277103,-0.938344346916486,-1.57125844768001,-0.394668987331367,-1.35810822459108,-0.697545172911049,-0.777238084147575,-1.25162103093766,-2.27085289338409,-1.84576140810967,0.19579516918113,0.230119280627162,-1.43868076135204,-1.5241813173782,-1.60689196937187,0.52409537455239
0.106839981206955,-0.0828585936536277,-1.18045284664411,0.320898472438817,-0.0370893668177764,2.15413874366956,-0.123712567378648,0.367294384147048,-0.105903856146264,0.266897445377379,0.753689110197705,-1.09241688262392,1.11974475193746,1.78845083354083,0.292829008867566,-0.782711866908807,-0.293301901337999,0.400414834207721
-2.40129553491373,-0.921962520827508,-0.322699903807136,-0.0538880089017127,0.759679089217239,-1.18723896711462,-0.483062987496419,0.317569117354107,-2.00840764761006,-0.325317673958027,-1.10998976300011,-2.05688941866343,-0.81165784864891,-1.6249732353299,0.114421161955921,-1.85496856233443,-0.970559490351752,-0.13565155009487
-0.106855511125618,0.119431200681167,-0.126219617331332,-0.311152542145324,-0.0315648010327655,-0.679792685550254,0.529661179349747,-0.885867895518655,0.750938225028808,-0.840888923450958,-0.411276963917602,0.332516483669642,0.271065161857976,-1.82055556076999,0.283380032600496,0.75524833061583,0.101409709434622,0.036403042537612
0.664759839716512,1.57234502135422,1.37032945181982,0.936205737960158,-0.00642689130882019,0.900801070567344,1.11904466794529,1.49834243042038,0.499198140885313,-0.000766610811754374,0.123738257055318,-0.43587752698438,0.668270848655868,1.06319750241128,0.94215855879086,1.83894063023219,-0.52174396867675,0.931790553528317
1.26619504459248,1.18140647215646,1.46482268233031,-0.141490885672213,1.23874347500196,2.34163017390136,0.0989551076194033,0.356131559718953,0.974841853391902,-1.06904160871839,-0.858695678744817,-1.14732814594741,-0.198011296919016,-0.655742679180778,0.382807329491741,0.207697151110385,-1.38696445054134,-0.0957655282970183
-0.101514711042987,-0.514051478296237,0.20807028492336,0.62331290072619,0.209007771574663,-0.138092479922759,-1.30513605983049,0.540756679603886,-1.050896221873,-1.66445585780367,-2.24171810106669,-0.905964609388847,-0.667489469925937,0.404338631813698,0.539585477213595,0.35056774057445,1.12706876815786,0.0431962239717217
1.88796717879239,1.05820124395183,0.980442671304716,0.40417159675288,-0.0543179645464559,-0.234105719236062,2.07738380946781,0.941956090722357,0.51158967055398,1.22477716257679,0.985022954828559,-0.748068072357125,1.0207330310268,-1.25128240323438,-0.13705604351887,0.757464155812462,0.567510532226781,1.53359565745622
0.546324740036755,0.447979611433257,0.130633435860288,-0.46789627864374,0.132761897142519,0.181416172932821,0.516781795001996,-0.391132577294247,0.399706596278558,-0.511762142098961,0.15705636224791,1.07116972107164,0.424362244716048,-0.306192925290111,0.522870050742642,-0.103230038048803,0.954969684550709,-0.54666700985027
-0.479187046310946,-0.855744069462479,0.555272287393967,1.21513832460257,0.271095382427367,0.356813110720901,-1.07280721457125,-1.77969018950748,-1.69165843376384,-0.673253463255359,-0.956127017213798,-0.183416139474554,0.412532055153128,-0.470299809087901,-1.85251507929027,-0.56316890455912,-0.0128457025528544,1.52237899892859
0.515896570636785,1.98791222383376,0.291404643205968,-0.192233246889104,-0.01242177727602,0.502625330399609,2.71604190701693,0.353760022650496,1.15911384112712,0.148544467106606,0.773834844722682,1.87246005785759,0.969934149496451,0.645382207671633,-0.00679251967575856,-0.488709776543457,1.94298729620206,-0.155602304158772
0.543326509348453,-0.225506790296994,1.0365191177183,0.561252787494656,-1.25312725373902,-0.70108980553415,1.1651927068843,-0.300305123995481,1.12520587136256,0.227995551332787,-0.38812357465411,-1.72535447067793,0.294011246269224,-0.917118876037372,-1.72436007333536,0.897110034523653,-1.66598805954472,0.795188895401385
0.18048497136421,-0.557414483565298,-0.305395436456044,-0.143452220054204,0.272740847486739,-0.475803757629314,-0.207463660319431,0.332867674533993,0.219379653533383,-1.14676056306436,-0.984605846703244,-0.166231005648952,-0.984315339657112,2.07060130702049,1.00605469035634,0.186111644951026,0.16421967213077,0.319846100816063
0.47204556658696,-0.516720518185829,0.13089733358314,1.29590542162119,0.865055754222023,0.307311887988774,-0.489965459389642,0.780048514932198,-0.550344189253581,-1.28194942421916,1.07197288423592,-1.09791487365827,0.486315191598922,1.61474722250716,2.0976098036302,1.43671189815364,2.32333645359397,1.7535373693003
0.0756440629375648,-1.57895062005908,-1.67603722584155,-0.506393822743409,-1.53645711173182,-1.5891210957621,0.102203477124621,-1.77387361900109,0.8748080333756,-0.107015601279102,-2.17285607279981,-0.084104565650737,0.964246776383402,-0.0217338629106534,-0.388139582690067,1.53435847253384,1.20812768607811,0.898124407775207
-0.258006654620256,0.498265227405755,0.653257571973793,-0.525169832431959,0.633214991497009,0.599878126061944,-0.0222763717657247,1.17154830960317,-0.342450186257722,1.25858311473125,-0.237794859849928,1.93454051140296,-0.269402017765186,0.325937954797421,-0.741630082525194,-1.06734153863603,-0.570523285609097,-1.33152271811178
1.4576896341286,1.17749849966844,0.743113341572778,1.25701747762546,0.216440603260073,-0.0310813893692284,0.678996190980184,0.395096902583321,1.22727074454197,1.38503606447719,0.0441589154912778,0.00750965435644462,0.699135802375376,1.21916589856201,1.59873748780006,-0.657724221100583,0.336845419899846,-0.635327300282588
0.288696834750706,-1.61556716770807,-0.0630498959822414,0.0381007018610842,-0.0603679524671202,-1.9306291262115,0.157579588918391,0.528142364527537,-0.0608227153291533,-1.97826288804808,0.19057503224845,-1.94607630858349,-3.03245797743125,-0.34294471074297,-2.09813475997625,0.375562401340623,-2.11914222076792,1.07949127505006
2.02252195773943,1.05961540560385,-0.244195732242834,-0.852892498108283,-0.23683870901293,0.654834901295643,0.537526208197757,0.200099180193829,1.06652088490707,1.31799140332772,3.67074701404261,2.63685536587798,-0.767629104422988,0.577531023210114,0.989934424702521,1.85995936218871,0.549350424835638,0.721790875659618
0.148258054605266,1.00881343899275,0.605762152524406,-0.677240575558404,-0.274063429734362,-0.0600297609442757,0.664392842700694,1.92726525618149,-1.20821900719571,1.19736124144087,-0.250228630769777,0.173881558624995,0.963393316698993,-1.0983663545762,-0.232926938977069,0.586961696729592,-0.0893679306308187,-0.741792206473046
-1.17783650284065,0.616994101442516,-0.607497191616399,-0.608138955710397,-0.536504819958484,-0.416928254778894,-1.11013008114255,0.419066037627333,0.337835316270788,-0.74430054072892,-1.63761194399486,-1.95675473048907,0.598549171126319,-0.420785565003704,-1.70885482791284,0.509315479484652,0.909253598149692,0.949200515129631
-1.94812666838335,-1.30633686643032,-1.17219712113007,-1.68472665677941,-0.281060605658696,1.2035013567092,-1.34026490807639,-1.08003621434295,0.467591508660857,0.132374827890137,-1.12167332178523,-1.4041631006023,0.686935563854993,0.447954346706225,0.316374570122082,-1.4320903544688,0.832814421651403,-1.04420493630984
1.14640272823558,0.937111805295303,0.932833844711993,1.45979581779844,2.94315857015858,1.90032991716813,1.75539492677594,1.73344344802801,1.94227965039311,1.01950236856331,0.112607022414597,1.07095396636359,0.812504458964903,1.5133257456705,-0.153987463460778,-1.84836324265815,0.0983017027292552,0.236269068604898
-0.0789035089640802,0.0466069447363143,0.219146783423914,0.183020173855452,1.30122859161245,1.61084741911306,1.70655905924066,1.03644597636629,0.442122257698254,0.573936425993282,1.86154704261798,1.40861164839153,-1.19744633033535,0.452235841668204,-0.680883371783175,1.35761536214867,0.523933539104535,0.0427315618625997
-0.704165156462304,-0.245982944036081,0.114709714370033,0.457113619739203,-1.25393310833216,-1.18284995381967,-0.248348726720119,-0.25235318429122,-1.66491283622796,-0.131435331768618,-0.261301910259429,-0.277897124229839,0.171815628996421,1.57134430737055,-0.575695630476045,-0.842301390599034,-0.358774088981671,-1.51523683491167
0.0338798358825064,-0.371597906251922,-0.152375192147209,0.74469361097394,-0.782703045334848,0.875423974579331,0.210636362892277,-0.143878386158689,-0.717340085831139,0.393774584049472,0.918420621710885,1.07881829110345,-0.217538563143452,-0.369794818133574,-0.0262054554630579,2.20591405149429,-1.64603063939823,1.00882705671192
0.470950162962923,0.634900412227245,2.11418491842967,0.481882159663382,0.0745011668428211,-1.96638959191326,0.549807133766737,-1.64152713973494,0.970277803052422,-0.718981775160917,0.949342594604099,0.142458620201862,1.09654231394611,-1.43988729315574,-0.217429516980937,0.231654122323833,-0.850677627857813,-0.475829667484638
0.503111472215812,0.103412018297851,-0.770220376452523,-0.279381249595789,-1.06767797501516,-0.590147508691454,-0.63805760466255,-0.0192627823267731,0.29580313989027,-1.31921992910435,-1.50279728747245,-1.6820386491678,0.51849284571481,-0.579727216389056,-1.33997448369984,-0.829090831446822,-1.1407153322035,-0.72206964662025
0.166506415162096,-1.24705649115965,0.127945036878387,-1.02113508168534,-0.206206589225296,-0.00139244784978522,-0.36531136796388,1.89705589290965,-1.39595487348111,-0.843456158295167,0.913278793592907,-0.455505172886274,-0.0695093364452575,-1.5919520205929,-0.82623007522509,-1.28820838848611,0.186596025461066,-0.65111445279392
0.446609994881259,0.139786688245122,0.221507558733655,-1.09778918066503,-1.49982090725469,-0.877830838283658,-1.6685871040665,-1.17708922655046,0.669658215900495,-0.417450318721757,-0.72171891811616,0.8754287792411,-1.01558567899089,-1.8585638059344,-0.79642292827781,-0.867877769068291,-0.378478177003745,-0.416287929646212
-0.176060909336111,0.378298376664025,0.530890857988864,-0.546252741360906,0.991496886060993,0.685702569144796,0.774733609453386,-0.112468767186452,1.27308318313061,-0.75656457243832,-0.404813278655542,-0.438651181096315,-1.14102496812615,-1.39390842002206,0.53777713792807,0.886941011735779,0.878584630010204,1.50000406280719
0.442092663685615,0.434228730879617,-0.585724362745421,-0.452620771943582,1.62072495106989,0.223355337175547,-0.5915040076744,0.0960101631654845,-0.189268778454985,-0.0839628756611302,-0.866727002792365,-1.48198717181791,-1.04345021410124,0.582872370136816,0.110033654510534,0.72991336711308,1.30319486195069,1.51078392653102
-0.28759473351849,-0.679827919728778,0.193056790746747,0.149165845886712,0.0639417398313025,-1.71942893824304,-0.385712911013677,-0.169875947817758,1.0740354269589,0.248819796318423,0.599384913925226,0.249804610799882,-1.19426343834162,-0.41894114629225,0.447309908371463,-1.59155269908576,0.0878086494843563,-1.93320877461872
-0.151279205412625,1.21434147770359,-0.302526606018128,1.05604069815079,0.827507184054329,0.74778268185986,-0.41468821848139,-0.382276751669722,0.17355575728624,-0.112324038194322,-1.57579004329615,0.714662526951584,0.157387456932691,-1.62582983022841,0.205465673332939,-1.03127173196638,-0.454539546867731,-1.23248884577682
-2.28331300157524,0.381109855195089,-0.601576613717845,-0.266384508781995,-0.492921257763583,-1.4029007049757,-0.73422557352792,-1.6887434699622,-2.0076929608151,-1.59648752311479,-0.141634039615823,-0.624663156113465,0.67624267484538,0.0607723352356912,-1.49833599782593,-0.718276188637219,0.932050104588439,-0.604171898320648
-1.35880169007625,-1.65633893158899,0.0188556472651004,-2.71379225976022,-1.07105012875277,0.896527159051066,0.349347306921716,-0.420430477981761,-1.67047526361841,-1.13656356566967,-0.873027988419727,-1.75379342172222,-0.123339611446213,-1.05698643709649,-1.19639954311638,-0.586129867558471,0.0522988765887928,0.817272801585132
0.921523440361617,-0.00129772289337599,-1.53880020267745,0.25285587994382,-0.922079853828816,-0.720789431029913,-0.0219186451911728,0.411183311069758,0.75147968216848,0.754722600494041,-0.199054807310223,0.56805307297747,-0.381679959538377,0.323756621006081,-1.55101542742859,2.26886676369207,0.015864845620563,1.3631132764633
0.301999804117851,-1.56856576169124,-0.664591097485423,0.136118244878293,-0.143102771764706,0.378936129578476,-0.899708660563515,-0.86857665629165,-0.505660005745676,0.670954184994911,0.960505958906902,0.195955600381921,1.55040560685396,1.21018339508602,1.23888391362564,-0.0910574855073611,-0.130425702878487,-0.51787377561038
1.00976944656394,0.355346067436911,1.24182131655053,1.21911898540521,0.349700690353162,-1.87041578001227,1.25823969582716,-1.03127407615395,-0.0491711675163911,-0.158989234969528,-1.64218349199641,1.07268416504878,0.141893393270724,-1.03285509526298,-1.14677277531586,0.470663631948578,-0.924936753283081,-0.946039588038991
0.141652450198045,0.845022737285427,0.92613230055282,-0.644800199886382,-1.33681339391655,1.10131885014111,-0.218046844333517,0.218055997945828,-0.87029265160433,0.194666616439935,1.21382707556472,0.669366330614649,0.193959171186155,1.22554607210244,1.16227347223934,-0.526325834096814,0.776091790184455,0.992001595309569
0.383396695498375,-0.0354833340580125,0.0333820653663377,1.14747497107036,-0.449702088217984,0.100272277983863,1.00809514522184,0.670313620853293,-0.751428911246608,0.0839672283350192,-0.55072299855862,-0.23566230414763,-0.419526729616107,-0.266595920148493,-0.25435966475524,-0.506540496042211,0.185510218176264,0.30293432748097
-0.380998018362423,0.569844852726376,-0.230400860362912,-0.363013268376376,-0.858497401390965,-1.01921662521511,0.679215625065068,-0.960976055896061,-0.209369114317865,-0.382390320771779,0.171601019662334,-0.41871839670233,-0.504367087245763,-0.0538370108232231,0.798756764791175,1.10387086248104,1.91643599671804,0.631373589762291
0.702707532356831,-0.3283776851015,-0.536169455410751,-0.022301523814015,0.673491848513023,0.623291099163053,0.0860948424719295,-0.425266719986225,0.587939275697682,0.350825328448503,-0.372693491778086,-0.114530102458478,-0.734775371184726,0.219895009056142,0.519780611890462,-1.95120771595417,0.258077364951161,-1.77245467329095
0.33772194754118,-0.796347137223816,-0.56674841920193,-0.936328240664261,1.51075079007489,1.12263306883534,0.849552508051413,-0.79533996007814,1.66473393589072,0.561555632380195,0.051904820657555,-0.636025851609716,0.274291559257379,-0.265934188323529,1.27040625656229,1.03282687078002,-0.146669757057216,-0.927268287807268
-0.205748520502628,0.362337188298249,0.965919332396735,-2.17836065006968,0.0771535421288146,1.1946640836286,0.759954418171324,-1.12767423381397,0.305564875256804,1.13724325189706,0.353739532907276,1.62453561799895,-1.64551858836484,0.582085126715063,1.42968297475096,1.03826258762459,-0.623490722715822,0.0863899440737322
-1.50412049090303,-2.12346370471497,-0.150053877822111,-0.773504220623733,-1.34105177712929,-0.0086719968981667,-1.49688344172322,-1.5530543715735,-0.4730220244838,-1.74991993865031,-1.28733788546748,0.00896337859257243,1.34009835518991,1.29757840542413,1.4921134637627,-0.118336459548969,-0.369391898615948,-0.917966393547255
0.0059195149425248,1.30474231693826,0.801835699789596,0.318912160637295,-0.721402478722578,-0.752222764987725,-0.365064762758773,-0.521343272239053,1.19518094427673,-0.649917873266271,0.120349290617309,-0.598146823627316,-0.736499614240625,-0.102047438622528,0.344884030167935,-0.881354873277528,0.172840565779131,-0.872636618456705
0.0427376690549456,-1.23172076465018,0.0984566727181181,1.86038247968218,-0.808519467327192,-0.913171858847842,-0.863128049145854,0.967867895854987,-0.878471554907114,0.143827677057417,-0.495810826411277,-0.339351200599638,1.18247647744712,1.65028027547814,1.55251811064871,-0.42655416487968,0.842209758116067,-0.536349236735552
0.832440563194503,-0.516909786147341,0.833687094981647,-1.21278086456039,1.30815332790662,-0.433385682898453,-0.694511206367291,0.297891597422467,-1.61478086877997,-1.80096012916893,-1.08121996105664,-1.33581108656296,1.29620702896126,-1.12493307353033,-1.38896620982541,-1.0089753325775,-1.21136343527101,-0.985514806977777
-0.0616182662312816,0.618979304741786,1.17964519711351,0.134584387429045,0.64706480020416,-0.0582491824980658,0.840019494577699,0.725241935716454,1.63981946767058,-0.284079043282523,-0.0884747534368307,-0.698626454278648,-1.64824268863397,-0.750041308687698,-0.514038924819545,-0.7402610786309,-0.211278546326926,0.0120855606915266
-1.77685858551619,-0.537686026235407,1.13275675775012,-1.36605160615907,0.502016057572294,-0.0229401448685492,0.582219541550125,0.415005983406036,0.0752744391790958,-0.575890833551084,-1.07631953109986,0.0455044321093984,-0.112505636325722,-1.98076179920901,-2.07496114931248,-1.46589129218829,0.0717227726792249,-1.3506361565895
2.20813337675689,0.876256626647436,0.765919345345793,0.480428902369976,0.613365696788338,1.58641600771023,1.26123471728149,1.09455911504084,2.3087926523986,0.752507623353642,0.381647947579263,2.09515183430535,1.14023023705907,1.12862385960894,-0.082313668951633,1.16345637554724,1.3412520778766,0.581103398053981
-0.537341877675219,-0.77511322026041,-0.289752587070197,0.950746898880689,-1.26542758826592,-0.523870002382392,-1.7938787548192,-0.532410506999426,-0.973525638629305,0.333826857848129,-0.306973332330807,-0.509857964745029,0.389073466217354,-0.415835490047086,-0.965733900223198,0.717009729043743,-1.24517888617951,-1.38171015541462
0.521346757726448,-1.20769240316484,-0.763330671935509,-0.693772618284754,0.616697388891008,0.118700545473419,-0.129700185817113,-2.47850580116193,0.0490599481123583,-2.20153213638763,-1.02469019588176,-1.94872482805885,0.589302348228036,-1.48857308174741,-2.7369143033566,-0.289712297889406,-0.851083941806482,-0.101512874760149
0.889505365550843,-1.00206752788157,1.33245211923081,-0.480998874044867,0.87196518804604,-0.218837120060219,-0.35064639005804,0.793440582121803,-0.486696400781504,1.06780311279929,1.05270959092252,1.01623674545467,0.29272902853533,0.0810557770208208,0.927328457366572,-0.396045591510555,2.06988266078073,1.01640903409475
-0.692890701047894,-0.247193055450338,0.298224389951703,-2.11881372803602,-1.40177486010256,-0.22578230922712,-0.300196062341355,0.82490802033765,-1.13426241881826,-1.20870872043723,-0.560490937623615,-0.888407841360601,0.0960823459045363,1.98401320047962,-0.889753886526784,-0.0714945169051569,-0.534567402844838,-0.174856186493446
-0.0625471170505794,-0.369560635216479,0.466877009058918,0.542359954032098,0.6936763779591,0.475179522641483,0.0373074568835721,1.74469811942892,0.642415827323409,0.325233625975035,-1.16990558520521,0.963394764605707,-0.649436621108138,-1.78349677326341,-0.960337607863291,0.408049663330735,1.16837864581618,0.346518819940248
0.583178206807485,-0.203883365022359,0.244380881718155,-1.92084011925527,0.406740997471972,-0.566001832075897,-0.236257050402754,1.86825579400775,-0.789481228940485,1.90299933847891,2.40583065261113,0.599437617961907,0.949621450645565,-0.21636880644975,1.38969265178117,-1.61997599594039,-0.123775293839055,-1.59443572413096
-0.0563337922800659,1.2274054080295,0.616460350511164,-1.44424772354636,-0.743576358840538,-1.31623401189469,-0.692455515825223,0.327566035671253,-0.148281366437606,-0.0752807461605123,-0.306556761735253,0.643872429885344,-0.883298011234603,-1.1766731934068,0.487914851579748,-0.821770410740222,-1.17291209569772,-1.24524548920296
0.340791185677511,1.14187466554871,-0.319411784892619,-0.880169444661475,-0.0322997426071251,0.450804091324598,-0.367007426664488,0.239161355517824,1.08735498956757,0.00511314138925216,-1.17243976049221,-0.112850997001002,-0.0518063196875859,-0.492423178520599,-0.838171811387633,-0.398784348779251,-1.02006867383089,-0.0436676080084158
0.596395961083546,0.630599727614152,0.486664942440988,0.0880453651193426,2.24416289992021,0.777757745313264,1.72974701370563,0.733950940850642,0.926810199594659,0.532671166810172,0.074918797217524,-0.0485397153036933,-1.13804383781141,0.463001694465605,-0.215505964094966,-0.944624545593937,1.00658496476571,0.459680082934816
-1.00753208321608,-0.305824650856188,-0.483076266835958,-0.898588970789298,-0.400274386785235,1.00444323246893,-1.4281648058707,-1.85799025311991,-0.0668806528733832,-0.402337852540003,0.447094285044578,0.699664697914521,2.18985821105828,-0.679964745040711,-1.55332825924833,-1.02127954453795,0.45718361091512,0.873074979514913
0.776334610754399,-1.02838014948347,-0.129219693131461,-0.922938030756134,-0.711322648610292,-1.71492525844431,-0.919069271924646,-0.351274634976337,-1.70466358958762,-0.742288704675941,0.910811396623379,-0.982216070547309,2.20577535428675,-0.397551597916051,-1.11543961890406,-2.13683699032383,-0.0186802580594534,-0.691139788706525
0.00236471908978347,0.804461237984056,1.03879218267696,1.75990019777803,0.298694342623289,0.6275400127535,1.6628319541243,-1.76920964774873,0.165277586986545,-0.774696733721917,-0.823335442026577,0.21268179733378,0.151163458293175,0.558382522679159,0.274900064322273,0.576528877658696,1.13661192562723,0.0851751505724843
-0.00849586099924367,0.364265274102599,-0.311986910537719,0.182624387600381,-0.927872737029369,-0.111433020445936,0.20714113406548,-0.0744665147873367,0.147485263599111,0.149008199973703,0.891304677115109,-0.110574833729302,-0.421097084464021,1.10779684610627,0.459872021593814,0.62890181657669,0.492650325684534,0.664222790360979
0.0425233937603835,0.994471789064261,1.7946877963122,0.890658816986186,0.532803518991841,0.712047681744916,0.960466998095844,0.347205135430202,1.56520077055779,0.926499492941482,0.135816901228453,0.871851881425071,1.74154552872974,0.0300152979494367,-0.733594702652727,1.17738427881777,-0.619441120172139,1.64792782409211
0.514597533760175,0.0185754009751627,-0.456832187836861,0.353681132549054,1.19520114629851,0.877541456043096,-0.14967431440752,0.296302156913846,0.244309322373828,-0.0603927513738192,-1.30022330135964,0.0592308775214699,0.0916950278592421,-0.967423882038719,0.326183525039688,-0.664068288779403,0.110099227809058,-0.00862729831674058
1.56091090912265,1.69980928049609,0.586064670258295,1.64893893647426,2.48705208690144,0.511712942262468,0.740820607825955,-0.621110303712048,0.84705275729549,0.210271952796867,1.29739686985017,0.703833235737951,1.20538996615427,1.92625647778382,0.785400819313087,0.622270653006164,-0.173731394356989,-0.344557425526858
-0.43042168067165,-1.25745424350351,-1.44096257424263,-0.474590745694612,-0.497262158443802,-1.09429900819178,-0.165913778810334,-0.676625025351081,0.383351835898705,0.0687371921266513,-0.35610820003235,-0.750776698977941,-2.65883107311328,-0.0615236830863318,-0.650082069736585,-0.716480611968913,-0.457590756371038,-1.62105485217194
0.62037396698382,0.137338667120552,-0.721183144274806,-0.71458772897422,-0.315685958426243,-0.232432461369019,0.00744226833187338,1.75640561891741,-0.429433014423991,-0.125633000669927,0.971505111853783,-0.299211314423539,-0.542638265142579,0.153442307045986,1.2519506073356,-0.151994796455322,1.83355910908562,1.00726561912196
0.428973934748873,-0.0931961786098493,-0.01136056095772,2.07413061310759,1.31795099662768,0.348847274329499,-0.750122290488934,-2.0440752331005,0.447404617541426,-0.63943550145956,0.184541389955913,-1.41406896015613,-2.35467735065983,-1.53167406012762,-0.422489551647177,-1.16691874250467,0.254276977871871,-1.29094021353619
0.446399878253286,0.460740752239898,-0.427319980254421,-1.34630351880285,1.69509121969793,1.40549502555103,0.692095424793789,-0.489448184355035,0.273629945525536,2.49234911407728,1.02849398392897,0.298284946401511,0.206225422052221,0.912382254637169,0.74959881199269,0.196411589003936,-0.0348615467518531,-0.392301485725151
1.13566164443342,2.10473883731011,0.246229572422048,-0.238983496985976,1.06396042977079,0.246913129885286,0.499375719010338,0.348428352500648,-1.64490506060879,0.129989571869444,0.203774358226205,0.906101409227878,-0.989868099010978,-0.237320228014354,1.42100474700931,0.28214824484502,-0.124052244555336,0.161519578539327
-0.0301009495398757,1.13919136860282,0.209189007801722,-0.0566257570207442,-0.951402908679629,-0.684275603229693,1.05064565029169,-0.110828414431379,1.45364183051301,1.28493071968342,0.362584832241253,0.699832232856445,1.35363803064298,0.228253542316994,1.42087082094044,0.721497682826532,0.645354311526838,-1.58855108396525
0.774555858945672,0.450209100050623,0.995486070885195,-0.766856076292568,0.0565190489461343,1.33080299304689,1.37137996437935,0.56393010643474,0.29405686245078,1.44487310793181,1.859185210948,1.57834449340989,0.507949933211603,2.15261534587592,1.52543522525477,0.721087419840118,0.488239890369768,-0.14720574379162
0.766615272830486,0.808145269843031,1.33212104356014,0.162553030924561,0.886145475481577,1.30957174152931,1.21167761934356,0.300954079535467,0.208192611110231,-0.270337408297291,0.48675779611156,0.733396075423046,-0.217345611166427,0.281871001436981,1.2845379298521,-0.798218863454215,-0.736538725988374,1.10788847299417
-0.222080653775141,-0.203396509972419,0.368933761901727,0.585301336773288,1.52138305877169,0.672374994493258,0.516936493195918,2.22226845525938,1.55368256760479,1.75186355382418,3.81308708787697,2.37395414227001,-1.10231456587075,-0.0615817052161086,-0.788191096585378,-1.51397959704406,0.572770612034246,0.919579509239209
1.72402167174327,1.14920268180987,0.137902765024151,0.74835632934241,0.817959581691748,2.8995571292862,0.956057532647883,0.34757256016131,1.73018244193907,0.903879316776109,1.44443957464107,0.279132235572495,0.380136447130393,-0.367273435723058,-0.298525608826296,2.91050892613556,-0.00490292187171137,1.99306218991356
-0.0513264873881651,1.13478908339122,0.507742409178848,0.418545178371842,1.00174180156795,0.754086623675666,-0.222188412794832,0.996924334552716,-0.0542259739374917,0.660176300478845,0.512522608631078,0.381045730787182,-0.929896793027196,0.744319320878983,0.545077542794677,0.474927203938413,1.21085905048554,0.744335794909141
-1.05436187669471,-1.3987922110228,-0.86073352970895,0.70769544718393,0.713108288861847,-0.516245869209819,-2.08204836804687,-0.920867360229407,-1.62611397339212,-0.466840289979202,-2.13792819240278,-0.0587745665865621,0.359976808216815,-0.635889014586049,-1.40404757236201,-1.11448568552607,-1.58619145215572,0.101073605413673
0.716546699466696,0.469543304682406,1.50463112270402,0.485049293394627,-0.0835219412776893,1.38697294676907,-1.66633662739276,2.1137024834809,-1.10751257121305,0.63305345426778,0.192251711266083,0.911772070870728,-1.21026564226192,1.02134298541841,0.175962550762457,0.293363667554689,0.352597288359093,2.61244089429988
0.477722108755502,2.35411373571715,-0.0149474494371817,-0.778949810130436,-0.144303976488908,0.905677803955953,-0.298545386695886,-0.161515728181436,-0.597251007005259,0.568361295169529,-0.303776670003475,1.86350352953063,0.436457868935026,-0.126027361821604,-1.99776620387962,-0.758244059391436,-0.174539481662983,-0.808668480627342
1.51691974694827,2.34036516104632,2.82925862943888,-0.187992190518932,1.77801480548851,0.603871287755502,-0.0293918036795695,1.00828384065648,1.25519080846344,0.254458964011207,1.24691960503971,1.1820304383637,0.662307631709255,2.52081887626729,2.72860488556505,2.42014762150175,0.614623650570551,1.77811175418851
0.685743015728062,2.01988458800413,1.67884457120208,1.13205459784112,0.684605355831842,-0.0407341945965239,-1.56672571516363,2.07376865288917,-1.38182401973623,0.237828559095309,0.841479195590621,1.62786659407663,-1.33030607222923,0.887788224628033,-0.595913310372134,-0.133809660148905,0.24310741261561,1.0852978567538
2.13623881236436,0.817245013557108,0.669825558514484,-1.18600382730204,0.147294402471084,-0.0355043582125237,0.845116599179333,0.236807904747468,0.554328889266316,0.912437762916186,0.986020445222422,0.770402933814344,0.188775873923062,0.166428945033612,0.673384535949466,1.42937075253575,0.033038326909513,1.52034503456219
0.740466176920621,0.742359099353665,-0.873535907129429,-0.755653999919628,-0.175620479055343,-0.795208743399738,-0.619791488037039,-1.92176950243107,-0.797066587801508,0.190900024246826,-0.549400013376519,0.8838728793649,0.776237386640527,-1.03768093117536,-1.88510491277832,-0.436535900245474,1.09159010820872,0.225884944207021
-0.68866700687441,0.0131168948022986,0.380996582356634,1.06896371785526,0.621026571639304,-0.975927707138482,0.719340419682494,-0.299093975417699,0.565910832067749,0.81087997146661,0.267337077304097,0.89388218879365,-0.740589511942369,-1.01929244242953,-0.540995695914607,-0.574106550813948,0.0260677655850057,0.554971432253252
-0.0105290711972402,0.716050382402602,-0.351911015679411,-0.673125226505319,-0.351067983427776,-0.376719281547637,1.62497582835496,-0.174246328082873,-0.0628747274332439,0.342610559670022,-0.0178633104885654,-0.685463375746787,0.738116584267398,-0.808352212975429,-0.170636517109365,0.301676093346987,0.269581079960781,-0.349063685374676
0.353621055479194,-0.562442090111488,0.354302361674933,0.926841789891406,-0.51815955716746,0.762409172197617,-0.0975687787760673,-1.29126304648463,-0.646954597322209,-0.474735562739934,-0.490834264463253,0.265521339988099,0.418912564296868,-0.0315343727864408,0.215762634068154,0.021565668019804,0.0657051401537654,0.101442824500622
0.864438616935784,-0.351537893258013,0.126975394881708,-0.698261765608408,-0.347076045682373,0.540453383217143,0.848267874578596,-1.12268008725924,0.296417239580993,-0.603593740929974,-0.00588738066336703,-1.54355172012038,-1.39724491832099,-2.08693175917565,-1.61122267004271,-0.994545465182052,-0.97530246186483,-0.0781886467095881
0.630960199712333,1.2765286942842,-0.22130227318236,-0.0189626756259008,-0.893390178863766,0.120608541251173,0.90347277683545,0.0228157276767614,0.259384429471598,0.0290214543966668,-0.789212854804006,-0.0213310014161822,-1.69575374713641,1.90379173660344,0.61408968542098,-1.01812770169069,0.572827298003704,-0.0855168287056172
0.643988895635472,-0.463210579300011,1.51145919115868,1.44385726038919,0.14494117435785,0.444510434277126,1.15595372878491,1.33699737197821,-1.42387260504655,-0.619322327749638,0.807938694836286,1.04416023399897,-0.467135368682881,1.13708779607006,-0.497340189275691,-0.680418881505253,2.71475223375993,-0.365585011151168
-1.46994093954577,0.855135604328682,0.40347980503471,1.12083899425065,-0.0145275234053119,0.820916219880543,-0.403045126913046,1.39021564635576,-0.113651996856013,-1.44127324322959,-0.0879016745043321,-1.20620674625733,-0.99827459619357,0.672147195662044,0.237914664952575,-0.443205042380849,-0.521664186452437,-0.00156678512777181
0.247825162766752,1.69112609877646,0.999029270805429,-0.349886877603332,0.217630038590185,0.518608347741662,-0.210999878672577,0.845260399334455,-0.225115168189964,0.633303312778571,0.0238695325331141,0.451171841414364,0.198398038351851,0.666159263142266,0.833759587974311,1.60043342273661,2.5393057305802,-0.420908735435534
0.766260553622034,0.32799768283092,0.182230871204577,0.219929537974984,-0.941034551795502,0.821565503723404,0.818205737029813,0.829093471238104,0.634952583553054,-0.854340282357422,-0.545252687851779,0.851132448080003,-0.739234522828193,0.635707777089473,-0.879212170603162,0.10645139049307,0.708707928967485,-0.341067676427881
2.37590721772726,-0.185018053423271,0.714079524393051,0.731705986244291,1.13030891769257,1.71937319676649,2.32968206500496,0.825237215697726,1.78902178713245,3.2039775908656,1.66588980179397,0.784056609901534,-0.213153219750014,0.24135400383631,-0.767182197341614,-0.696640128634575,0.895188031581619,-0.0289465223136878
-0.0335419417702767,0.492484904375145,0.737170301200831,-0.334264728642187,0.410664875148414,0.390662238365664,-0.274812211875066,0.0150243376548497,-0.156622852060972,0.187846757751302,-0.126197390401529,-0.000967957696398751,1.3743785420267,1.19552921085366,0.4466340670313,1.50045150555906,0.206971929672123,1.03184339375506
0.0190344375440484,-0.582801259292841,0.88863698206812,0.962582190861038,2.5993663970973,-0.43023620480618,2.6195798426061,0.877839148001668,1.16687636058624,1.28754851548586,1.7251668686116,0.978509984171586,-0.932332658364594,0.129976969471785,-0.614574986673199,0.227397469496491,-0.809254919993734,0.538798925691536
0.455135113043031,0.00127803480652815,0.099763948279927,0.0701132159873983,0.111495609347211,-0.527490912383523,0.342217453404969,0.253396175471241,-1.03675721193522,0.18130011648562,0.254104776062226,-0.610722914514717,0.0582475539988522,1.56224723166801,1.15405606899854,0.189807095717423,-0.294828824854343,-0.138611062865249
0.929265924463366,-0.0338870306406337,0.286068095971895,1.66345602898446,2.27854038812497,1.28275679325414,0.831350533442909,-1.6189957578478,1.14447386747136,1.37764613609654,1.04825975295835,-0.129752750474727,0.858911048782138,1.75635282547023,0.0791832911960954,0.232055708755333,1.25941666514952,-0.134050121067805
0.794116035918288,2.32575010989234,0.00205421189150338,-0.682495779341389,-0.404806347708576,0.306364053468506,1.67463042784863,0.988030370098934,1.04501420012922,0.533728521434096,0.394725277826971,0.567153283863127,0.453588746946555,0.344167186575869,0.650654991413611,1.33011331219471,0.170144597842621,2.83644947893576
-0.165296261835965,0.628652794157938,0.110594312292786,0.0937608715609431,-0.648807839036503,-0.0683899081255593,-0.106648175240516,-1.09878364424365,-0.30439565657665,0.490057240288313,-0.838414740591398,0.599719040927978,-0.381479953297937,0.663440287379306,-0.193201887794732,-1.38261043379518,1.0625160210264,0.102688301952099
1.11349012868965,-0.384548908198389,0.924917590447977,0.776464905243344,-0.630291838314024,0.76514485743955,-0.341740997674405,0.613718337616294,-0.196345373618873,1.70098322829062,1.10007100676948,0.788271810874528,1.26619664962995,-0.195508957199859,-0.0775746941771647,0.813961651544271,1.89664218082685,-0.268850287886595
-0.26912820831045,-0.329322102867076,-0.883363347648836,-1.28060317458898,1.08413047613395,-0.280682063533386,0.469942266482105,-1.61096998889403,-1.3555304436228,-0.97574530655371,-0.483468863296503,0.390137369831634,-0.948074976459961,0.122530803593019,1.2963504959103,0.618998824107805,-0.720656681041893,-0.267456533863628
-0.595600773302756,0.638711057722097,0.964850723205268,-0.0656050385555278,-0.615504890117091,0.0619025086861041,0.303145969145241,-1.90071621352484,0.435562788060256,-0.779973390117809,-0.851861647093948,-2.12587277606694,1.62970768695539,-0.00509448146801437,0.165012830708894,-0.149201251993271,-2.7280663982891,-0.59627039531531
1.60140620294829,0.097860470761986,1.14474119955348,-0.814872992931989,-0.310512424566522,1.18724674955213,1.38831084030286,0.0337682650895056,1.39576627248624,-0.00648270379475491,-0.975832584012423,-1.15134814059425,-2.1482142000254,-1.54496377898291,0.0900464721218558,0.25175124803545,0.36023338456643,0.602854524726497
-0.506714380872121,0.452844890614602,0.917244031083391,0.314641820177184,0.290355313771322,-0.755349994557086,1.09479033815733,0.0136881989510964,0.741368047638321,0.845981245245367,0.889993017026513,-0.0776279933729111,1.06074281641834,2.7420642599997,1.12835865860754,-1.29397219053251,-1.22771917388292,-0.502021317789547
-0.047728393847628,-0.333395638487354,-0.164063508603344,-1.14666874778079,-0.693081963795146,1.24589515322534,-0.122283672719933,-0.328759290634351,-0.16254290806751,-1.28168533320229,-1.32485037010453,-1.19071280077475,0.747309026918432,1.27503423753428,-0.292680741487751,-0.00552513954372817,-1.29086709843611,-1.09938071473912
0.572088697131657,-0.90382097838454,-0.865708459017924,0.111434523572978,-0.157426744361101,-0.157961620657688,0.748807945652201,-0.3915587711609,0.830416172231808,0.463559711317267,0.0489659727819909,0.834774315497522,0.00806523565742943,0.535938903441102,-0.157599181599747,0.310295555113192,-0.985427019221264,1.00552932374595
0.786004019798231,-0.48716555966414,-0.791046486351736,-0.63340491079219,0.407006088886678,-0.611868571955538,-1.25394717203595,-1.14009933364218,-1.69996548085751,0.68512193462681,0.871117874775163,-0.353209792224768,-0.117504876092135,-1.31629756096175,-0.0396496974908648,0.000487936790802604,-0.464019813193523,-0.287593514184266
-0.0109512515466646,2.87476061991833,1.67077576150311,0.910106637029771,0.481809939989135,-0.722731726171757,0.726483303974413,2.0437448772431,0.234764093198577,0.336178948290478,1.37545400485362,-0.399233943310165,0.2550299211897,-0.316632122018503,1.12978849307487,-0.955528721936683,0.318063639929382,-0.753221239409163
1.07664959423252,-0.0869240291973691,1.92874380590901,1.08482707878638,-0.407540807697386,0.365453026480583,-0.471543701011042,-1.59341903156192,-0.702447445029766,0.358416253725321,0.0845652020390768,-0.789595880137367,1.87840282682393,1.567845080027,0.412582882481147,0.126271756202636,-0.543884955079545,-0.00688324599361284
-0.0684128914578515,0.98135817601472,0.495037533149161,0.340467326214038,-0.2521035974462,-0.396692722873451,0.489577519340512,-0.163758164232668,1.02501014305985,0.370815754488293,-0.894776026694147,-0.223930165679221,-0.30382529205314,0.539315061194924,1.21567858979529,-0.732052693115466,-0.17906989260524,0.573477720005691
0.567918208907866,1.46745623458133,1.26972816770893,0.954558541311565,1.39408372320334,0.170151967285779,-1.77048580708295,0.482093331770743,-1.85224820429442,1.0898999738422,0.386591080951634,0.0196517691446725,-0.0106583536994833,-0.911487899157365,0.0512595460704928,0.529700579592877,-0.589978091057205,-0.847683165748876
0.906561291479518,-0.813982752890905,0.291797706541515,0.0265454377335341,1.32307958600826,0.0861561452229368,-0.274588968471797,0.967812972586026,1.27760356605725,1.20617047831782,1.27886974284664,1.30053995864844,-1.22054345376389,0.373025059352164,-0.435079912590264,1.18026865264221,-0.342890077017828,-0.288232541764227
0.384614808922394,0.848293379195518,0.390921899881508,0.14782564074465,-0.562496883494131,-0.661117236589142,-1.39196174999847,-0.693095175451894,-0.785646788273886,0.151706277458466,-1.30556665512742,-0.6375732715828,0.961770436736268,0.0628735694665329,0.397700096001039,0.497156622007811,-0.040173898900036,1.12240751670789
-1.10812066218732,-1.53383797025553,-1.84714096532093,0.927717546714873,0.563129736800165,0.673588883164806,0.5015439023611,-0.0138524479472018,-0.0539537686024044,0.374195094903492,0.0062786820484465,-0.558924775163701,0.296434278069887,0.0260802933590187,0.435453846874311,-0.961183214978965,-0.55778969943781,-0.411749169416825
0.887404605517231,1.04791198655322,1.23260728172101,0.293672959895378,-1.07855948913026,-0.424861331463886,-0.330992802407056,-0.706623252448396,0.10305341471838,-0.00513398702778973,0.269807583827048,-1.16965082868245,1.7277734054639,-1.0770196233405,-1.20769354749103,-0.358152183003883,0.796082779712126,0.64084000111498
-0.578618899376681,-1.21095243538032,-0.750261322038482,-0.150552299813819,-0.235044402310549,0.206397150817289,-0.82176106150607,-0.264231705528834,0.113849846800058,-0.936951632152808,-1.39830652741648,0.374216512687216,-0.201399407077257,0.960164032148169,1.07948413103364,-0.693985080363411,-0.4588247469693,-1.09466257264938
-1.39035991074137,-0.5979364100833,-2.46548556214049,-0.807151725303608,-0.0154434173161186,-0.647284937453298,-0.246558237333041,0.589412495091267,-0.716583998151389,-1.72760632458151,-0.413639079673828,-0.78634203460279,-1.38203506777258,0.473055156959328,-0.871478201963621,-0.725336958194154,0.90139822050492,0.502808592986229
-1.26782215517806,-1.66942088797367,-0.737434796722218,2.21150057265545,2.02251909025462,-0.562701054112941,0.0577254127257435,0.321579773573418,-0.824569673263427,-0.408758004553266,-1.33494422432936,0.194636300276754,-0.823011977015015,-0.0760270946341757,-1.25386046379196,-0.648492774850154,-1.20117023564687,0.97432640367937
-0.16489153338353,0.0661582390594537,0.283627702005518,0.0246941440199192,0.72082660474082,0.716047914134305,-0.0255758847595401,0.0851405817195816,1.76206609616905,-0.334672525095359,-0.604150711534291,0.581775368065158,-1.11228986134498,-0.30760283095731,0.139174443486477,0.162436303118214,0.470414679614803,1.02849141173646
1.60112693365358,0.240513996892417,2.44905148317061,-0.0654903411498159,-0.179230882972829,-0.475991166716837,-0.113202799643798,0.757817527686686,-1.56275670715127,0.143883694027636,-0.445259728360723,0.606006891598023,0.0736820176090286,-0.246914854063746,0.570072572037199,-1.53426856591874,-3.4115511183119,-0.684911837271127
0.0377257326778744,1.77904312590716,0.330957582349439,-0.150070542124578,-0.010235591756171,-1.92324315350889,0.842285147748588,0.183788035562557,1.05897225440588,0.186593090501821,-0.164662898846565,0.71468835491366,0.804778274868062,0.50656336097323,-0.702139247691819,1.05683113160373,-1.07300198073212,0.208461250854605
0.121120652738222,0.770965608376554,1.12215672167411,1.27260463311693,0.18742664667372,1.30625519805973,1.14444694096331,-2.07256279203056,2.08584168103599,-0.295469194986024,0.0322679645952257,0.337825967286001,1.87236415158999,-0.679788619514015,-0.52608361558915,0.292035238799209,-0.574545493977369,1.0347319934399
-1.51827755331369,-1.85768418083416,-1.69172005017603,-0.380122331800831,-0.591460862498975,-1.76197681753172,-2.6353645747048,-1.01759148165889,-1.9063539502929,-0.489874983850067,-0.374662491259444,-1.22499722028017,0.814003314733729,-0.0190756786315455,0.273564083888744,-1.21117697315512,-1.61493997086447,-1.25546067685813
0.304627231418057,0.749110207579967,-0.0619675645592177,-1.19115306594605,-0.344204580411395,-1.92277227564932,-1.05360822840468,-0.39473580927987,-0.0765733208827234,-1.78070473118538,-0.662118670302095,0.889869247017792,0.776912306444258,-1.37132276492379,-0.500813038609508,-0.203196705415828,0.46000695128055,-0.847001948901225
-0.740718578309217,-0.159110204211428,-0.670891015390346,0.152748274577188,1.51350473692976,0.862947971234649,-0.278231619313434,-0.258358908235844,-0.334815262749839,-0.745412463453973,-0.731604479264823,0.925275883770605,0.896401737412419,0.113570320361548,1.8258531099421,1.14558346218001,0.820841517068427,1.50074402804642
-0.899103902032111,-0.167549771685448,0.436792839897262,2.7565912734482,1.48063379412541,0.725438740695154,0.467229284799195,-0.447729640690675,-0.770789632723574,0.593611697192214,-2.1167428500233,-1.97760490061115,0.897625581318404,-0.343326926499105,0.833590859719166,-0.290011685630583,0.842903025862106,-1.04273431876988
-1.07472542434492,-1.65266234405129,-1.00078657712165,1.02408271434997,-0.634388768353416,-0.30985250913669,-0.603974286487433,0.720946463585758,0.128271776452748,-1.55280900463909,-0.0689612345459392,-0.622704463471869,-0.303174798357502,-0.390095538783516,-0.874437185244531,-1.05753884771617,-1.28990162178253,1.09326056314888
0.464079361038873,0.766475659279294,0.764629309055887,-0.347061153656095,0.117399501691614,-0.31650780765444,0.636536410845728,2.33607860358281,0.313144379056033,-0.453434355188232,-0.0899454542821423,0.0842602679816938,-2.85688409366554,-1.7353888136654,-0.0113192941729109,-0.0822381130048224,-1.91859690145667,0.190792425867333
-0.777327851925777,-1.87165140225479,0.0137637999336432,0.917146862830263,0.221039877509784,-1.91752632652489,0.130944073764459,-0.303224078139744,-0.838904491748084,-0.332679080315347,1.26815061787087,0.957237159724784,-0.63676498486308,-0.10515525777003,-0.324889635897435,-0.351679387579388,-0.393719351806621,-0.473850273176653
-1.63788340520007,-1.09693188794223,-1.64108642184388,-1.67810864548426,-0.656849767244815,0.349115071062073,-1.27217357537495,2.0007376398269,0.424501600277106,-1.7361995852542,-1.29981768807287,-1.65939990254465,0.0217953098995041,0.959558833576823,-1.18758317700797,-0.128501054948079,0.899610492850905,-0.184399326008954
-1.19970888221164,-1.80780857438248,-0.684105591689965,0.3672994020206,0.125278470802096,-0.570421727429507,-0.213069101111695,-0.729845172449791,-1.27800638177347,0.0784293281519806,-0.872611437169648,-0.669882984561525,-0.295338361133505,0.5981920071798,0.124162470710183,-0.80218984507582,0.223953097589216,-0.578062777907066
-0.385304623011795,-1.47122389613638,-0.428467814181377,-1.15644317803933,-0.523581371564462,0.461236349361407,-0.0925171943919551,-0.939367204328756,0.688498624365342,1.27019899120833,-0.209473122429895,-1.22041101197814,-1.53934689083699,-0.569920261983671,0.538182099764983,1.08562819717749,0.558083443748141,-0.807271177018717
0.908327617469157,-1.76768904521816,-1.00536792876378,-0.0567658893062225,-1.36400752403477,0.0254513497857203,-0.200453207632102,-1.74910524499823,-0.439517452967695,-1.71846681029654,-0.543280512764529,-0.382894480450578,0.425645337745402,-0.533382959565,-2.05012558548981,1.4454620260484,-1.26704491945926,0.505665851546165
0.670721882258207,1.20879667003627,0.128961991721372,0.0947844260647196,0.794704077653415,1.26188266160023,1.53379108453975,0.850833799383439,1.00166892418601,0.54937510565466,0.102125428462165,-1.08353517793257,-0.0552541340718432,-0.386800884127547,-0.83386178172711,0.650937701384725,1.09555878665449,1.05862793514413
0.57183120836704,-0.476337165298332,-1.19602708473778,1.25796704793978,-0.430704181503754,-1.38029944377003,-1.41065292646656,-0.333053768696416,0.167770134310288,-0.542736903672191,0.214447173555118,-0.195403568244866,-1.02951319820812,-0.885078935343857,-0.799645803812114,0.0430895793873882,0.0679169294054552,0.589846378017406
0.410611416978379,1.01513063191673,-0.277338481010339,-0.577096995509,-0.890731946418336,1.50138140905727,-0.0225427159632963,0.786050601847718,-0.0577911738044685,0.0415611978485681,0.662076872612567,0.0912625432170162,0.670062907283101,-0.277347064355139,-0.422577063452105,0.42249733328331,0.726276770513422,1.31470181631664
0.4219207641837,-0.0280426567487991,1.35375506103369,-0.415112428133918,1.65285606327894,0.681887726616238,0.191601700327695,0.181633966164304,-1.83569908808184,-0.204645056611118,0.554627908637623,-0.952274693777981,1.93978207090517,0.313409028296116,-0.472924367691998,0.554072465337609,1.40899204693041,0.592588110385917
-0.170312093901707,-1.36699877658695,0.100669262892265,-0.0397466371239706,-0.438751095440521,-1.76405036903147,0.98105435327269,0.102190772610489,0.249046676355151,0.899784567462318,0.0227785257957605,0.260932660754861,-0.38384141860095,0.36170796279212,1.07138489461044,0.750091703637103,-1.94714910031435,2.11771201619546
-0.229225532458087,-0.396290923145456,-0.413378708151105,-1.87537394532169,-2.58487819483483,-1.19481021998944,-0.017900979955861,0.520010290212061,-0.077222893361645,-1.03475404067845,-1.03697099115682,-0.0294986973778848,0.550273397639569,-0.837778619136811,-0.961819093810214,-0.458625568713142,1.25732789983803,0.497416250625906
0.0830186174473289,1.2332388003031,1.19046105699481,-0.932101083103929,-1.09149826089472,0.614410115492787,1.12744169460054,-0.156591604191426,0.565562866295673,-0.00494808920468701,-0.634005504147486,0.250466399404494,-0.993609373680243,0.409720082378493,1.56249681429219,0.220251806791407,-0.464574927886036,-0.504819074146704
0.169380854517789,1.79703201614756,-0.624432728812913,0.0911541799733614,-1.0100589337932,-0.891389847264961,-0.524970741962803,0.797671373678763,1.17469537183818,1.21681592827699,1.03196258449608,-0.573463370260053,1.90885018012195,1.42525693559581,0.932784553976357,0.0363935180663646,0.512663695036,2.41208506995714
-0.235998056802204,-1.88639603765418,-0.354244887666812,-0.00103840477270761,-0.866021896366697,0.451171535142946,0.502907525821027,-0.850633703161904,-1.75065967509901,0.978498261499263,1.21747414475208,1.313861180372,0.0481744909826363,1.05341429691462,1.55734524377431,-0.579406077071907,-0.401580128566066,-0.053075418715697
1.22385401608113,1.03840221090692,1.01418403921671,1.21153862549781,-0.764786421058464,-0.303646162734327,-0.248625292844027,-0.754291308678241,-0.59234679981333,0.547679602704655,-0.826476291855229,1.26488076243665,0.150255300693303,0.284617787230176,-0.195696373312384,-0.756026991406251,-0.325457057709928,-1.07900027215373
-0.0950902753440094,-0.632771092070075,1.07437725265245,-1.07207747734599,0.723544497796454,-0.0502074311617149,2.62721023973177,1.13325338687174,0.568574407092841,0.37605630878637,1.35179829306126,1.25762078203258,-1.56013098485211,0.130878245999408,-0.539529435212172,-0.354671036972332,0.30320714607034,-0.935763633083035
1.23140477956514,0.310359362147522,0.186859440410433,0.027571221257602,0.531470998258937,1.66026017804617,0.604630127845269,-0.744046468694404,0.271856799502325,0.773022129686408,2.21626777508776,1.4055468096482,-1.37722785615877,0.39754434776872,0.661109506110868,2.26468804258712,-0.372007369340741,2.25312929031138
0.102063001381727,0.635152733262446,1.02760985549019,-2.11255209167913,0.0303645443065057,1.80773567287171,0.339844411363169,0.883592202239419,0.190765691702102,0.235068652111978,0.543405228249091,0.646058871438167,-0.51976186326688,-0.662709917637914,-1.83525212254133,-0.385137824185003,-0.253492540473513,-1.45624773563203
0.946125880129113,0.711610376522463,-0.406938118673151,2.09067808831427,0.36777762789158,3.13817963399931,0.0933057630827473,-0.611300102660857,-0.887728449730707,-0.0946813507635207,0.392108851565521,0.526438156252109,-0.0103873493026417,2.04196139135472,1.8963642335611,0.339702254249179,-0.362008701509586,1.37385499810942
0.0881668547393548,-0.0639032513268199,-0.0868039362961444,0.859827203355256,0.206568762258719,0.61900081833542,-0.638322001516564,-0.0424273093688195,-0.925428922843582,0.434329198573461,0.234938683399616,0.250282460097514,0.608572516408629,0.540405965461185,0.232156970973599,2.55247427525388,0.990841150079195,1.52462940083485
0.51404722680282,1.96145630691729,-0.419202714178183,1.1522556306887,0.0354565133165566,-0.823022555180176,-0.0578555939231989,-0.0918566156493959,-0.243191794286836,0.369041171262649,-0.625711590619435,-0.66026202024562,0.197836629612546,0.527209413530735,-0.944435513260937,0.547670885044399,0.0945202416810512,-0.998070313559305
1.60774653215086,0.959808626791214,0.618345444345382,-1.33776075177358,-1.37280214683262,0.523216058212165,0.213776062603253,-0.377629809126801,-0.472953558055578,0.684221814028605,1.05317326130877,0.80881390335066,0.978453250141769,-0.724665118252139,-0.502167778733961,-1.06235519319268,-0.711167249762217,-0.466789332368309
0.930462947959389,0.186377710360577,-0.196691981894962,-1.95512820302462,0.725128022727109,0.639928231048063,-1.28761364682135,0.775729090649944,0.170690838705785,0.591685124584905,0.804160107766364,1.6481983333914,0.767419803524822,1.95876241968026,0.8589207799447,-1.28790869454855,-0.976500396860163,-0.1404277458479
-0.385882294164935,0.293145477310538,0.147527111163786,-0.690941478427724,0.985785702688418,1.45224623606861,-1.20449180695667,-0.113856550225828,0.0315173053902531,-0.171123143992785,0.528964334393079,-1.00226193887042,0.0517495769695692,-1.82462423679136,-0.667265769970758,0.82586198014601,-1.05536298434578,0.400144008671578
-1.28761791533586,-1.74913316980022,-1.29951589316989,-0.0735668694367429,0.0765880687368087,-0.618483155662307,-0.672171834474062,-1.40595754672856,-0.0394556349678447,-1.26697446898921,-2.07584247680236,-1.56534854396996,-0.489821975111565,-0.525647482830317,-1.02827283584327,0.809646211925599,-1.63671092231342,0.434782752670979
-0.698942726455052,-0.907957580088487,0.0962345454683688,-0.299923966808243,0.267956021019472,-2.2667630280957,-0.77794065041457,-0.937394863669702,-0.92148154835078,-0.452093222776087,-1.07297976571615,-0.957582568632046,1.42447826172633,0.114032854053344,0.120110104717081,-0.310613671999244,0.0759574520743829,0.279332312064447
0.377236323626675,0.383761334931727,0.130869786849706,0.379240411945857,1.49256668918696,0.98233699483414,-0.1878769036758,-0.0972256564476108,-0.714901869536979,0.677240629303709,1.40446827664704,0.672769497190696,2.3688248216436,0.683011912114825,-0.597277872970639,0.19926707767075,-1.10998563509262,1.37612264645715
-0.326144887604294,-0.947358164291615,-0.17502807168387,0.340971635448433,-0.0473692528554303,-0.0739597760947639,0.406259308601856,0.624300681978407,-1.07060903811652,0.186923839738383,0.773407547408362,1.11420906260189,0.139607088373437,0.646720769635319,0.231843124267339,-0.322118776647253,0.699974723515473,2.44090211888938
-1.05608811577756,-0.195752160775629,-1.38227846019317,-0.0170678443702193,0.980770638174657,1.31046072630701,-0.819812976741816,-2.10782297805522,-0.0722916689425212,1.60818840311393,0.809259105575331,0.990417051921951,0.233823104386364,1.34382153110559,0.23540011249975,-0.29122723089427,1.30198189555649,0.391409085715324
0.489450035851006,1.15943060167629,0.227934118666637,-0.188945874038049,-0.18128050349286,-0.322586754677656,-0.392168004107341,-0.342437932159517,1.6402802763394,0.0298254597708366,0.60483918283914,-0.0906742436957766,-0.622650511838062,-1.96316942695716,-0.641837567934211,-0.91644386603421,-2.00494420397895,-2.10134897617619
0.442537229454664,-0.261842800448345,0.964416198198717,1.19872898073941,0.810293702983078,0.593198539850826,1.54368501336531,0.612749176308139,0.0279986509599373,0.141319441952998,-0.78790787514502,-1.32858627509451,-1.73798394570567,-0.0834644403284138,0.259774808083631,-0.155707562940645,-0.703765733129829,-1.9131799056069
-0.0233801762507946,-1.52549908261671,0.155537182525701,-1.08976583855188,-0.0156787303944325,-1.41598095900332,-0.127845066624294,0.420453524856146,0.27434680824504,-0.413589199748412,-0.316268255199615,0.692613148682189,-0.58614121789989,-0.82377505970145,1.88221620866161,1.04014906348309,-1.06046120548036,1.01534012983173
0.223905001253329,-0.24295423331052,-0.211742735365846,-1.1443795054454,-1.45532051893697,0.631891352169996,0.245130477887646,0.619427509781496,0.218528386981288,-0.402671441076799,1.44638308516915,0.220964623469398,1.14124739586179,-0.342580570878857,-1.78586402507562,0.880166899467505,0.383573923330402,-0.150859917704066
1.45510254101675,-0.25965385842053,0.176945418356303,1.12099046655819,1.95849639795934,0.680910648925669,1.84423507001662,0.797690409730628,0.833532012460847,0.188677612774557,-1.48424265694853,0.00148268354501511,-0.712171798648501,0.575678977987843,1.75746373717674,0.747045012638945,-0.194129742344072,-0.140245157182087
-0.988746199116941,-1.3280606794262,-0.289824452085731,0.0512033002834699,-1.30205444528235,-0.814131797308118,-1.31198961062906,-0.595621286437491,-3.01204073206135,-0.289927118255185,0.0931019124167787,1.15231936054612,-0.550841258952298,0.542575330190407,1.0113801580242,-0.302644633834768,0.168277133292686,0.437136688096884
-0.0601829792274493,-0.283903786402372,-0.0810785082384829,-0.597934274839546,-0.617242105764523,-0.049021047893425,-0.232372627020513,0.0788270438636766,0.57997917329659,0.53627537389169,0.189036144634267,-0.111332912612616,-1.03428312018791,-0.241378404698612,0.578906092071205,-0.483081287206074,0.00302028161465284,-0.760586610696066
0.0746099825762455,0.745314921981416,0.789268422143694,-0.632366986252806,1.93671423099809,0.482353229048975,0.414693496865737,0.606508795083483,1.20028109454452,0.0279902783836258,-1.6565298220539,0.295147741351095,0.0587927503741267,-2.07882592328846,-1.30916329673043,-1.29262527782422,0.896686907133333,-0.529822200934475
1.24945314678997,0.0291368419642438,-1.13855168392639,-0.0299877679962987,0.147542831030767,0.167661536224573,0.803743524605211,0.778670272309109,0.00500388211219277,1.33501725029679,0.48152275819473,1.14347018719537,-1.73152700631601,-0.0612208508385568,1.04974266300413,0.916284109788074,0.371215413325782,0.844244696914581
-2.22044071095587,-1.41779751219741,-0.209904234580613,-0.197995454372011,-0.116872790118994,0.45254524389104,-1.75133880903907,-2.5060028054604,-0.554835552005241,-1.14824292309568,0.00268073758651003,0.00838065927547054,0.5851978524309,-0.505712218663053,-0.705691462931538,-0.985923656014707,-1.81696770207596,0.646741767918245
-1.34579466530321,-0.0935387194863548,-0.335181995660177,-1.21069347402404,0.567797114246711,0.984021751591922,-1.12418048701683,-0.92972167929072,0.378103034583118,-1.37532208061361,-0.270641456779605,-1.03305122998419,-0.366905595493126,1.17943514107399,-1.17307196750296,1.38388024689877,-0.682552172269796,0.100388597041382
-1.15725693509313,-0.394040363258354,-1.6482633901299,0.136505513361099,-1.75401471743352,-0.952649863716596,-0.960776953463935,0.149109350507871,-1.13058890336156,-0.362537102855635,-0.478397384108033,-0.156162038440199,2.44121350675212,-0.227182525148495,0.207171487038618,2.30229370724249,-0.884591558896537,1.35144701082379
