"y1","y2","y3","y4","y5","y6","y7","y8","y9","y10","y11","y12","y13","y14","y15","y16","y17","y18"
0.524643065847123,0.155094889647232,-0.0151691763845607,1.640596110425,-0.683519161281515,-0.367071066127368,-0.224407788211111,-0.152216021815739,0.487098181261883,0.74953891264318,-0.424804924870855,0.67565046194696,-0.215715268923364,0.858407123550495,0.325742264688235,0.973381369954468,-1.15201995994936,1.1687097532523
0.105487737863976,1.71844141523871,1.57308167857334,2.32213651046866,0.338114138215905,0.961894304006851,0.430419575155425,0.89270739290508,0.151485308473809,1.10764834980309,0.891548008217089,1.43810657794109,2.53149109946041,1.27259782559933,0.718957272397544,-1.2121423763073,1.09621509805728,3.06867058577898
1.03407015494475,1.15243866532751,0.0143611656964611,0.270132134611993,-1.12985080148402,0.0449581203666031,-0.639156861057494,-0.557541144386152,0.560578027908853,-0.567271068097956,-0.105701946871706,0.614753788573734,0.0753443272522408,-0.756040720052717,0.261778647740406,1.19127938123492,-0.492346588601762,-0.598034037687089
-1.73044004323815,0.388483787678383,0.223645692059742,0.434029734545691,-0.833113588981625,0.340043956613681,0.866963020620584,-0.162181537977724,0.059884316617199,-0.810579396284628,-1.35189871086787,0.763364222003364,0.330648447719893,0.825637287279921,-2.07962516780708,0.677506735652658,-0.644184132556149,-0.994844175930111
1.58535200784362,0.561737597733861,1.177768670242,-0.602996224297832,-0.895727705364688,-0.736188346895974,0.785225743963547,-0.560851926008043,1.31568579734478,0.247193004482867,-0.662456674467363,0.628045170744471,1.81308195119417,-0.124832034995796,-0.224186793610409,0.115792798633809,0.245011456448862,0.250993783787349
-0.334761340813057,-0.447934642879468,2.21017174603274,-0.700819886214908,-0.811193237393629,-0.950831374472039,0.76894325027009,0.620231930298105,0.0895901786821694,0.832400053754107,-0.427101723744172,-0.389029741385298,-0.303849918119479,-1.38408149815558,-0.001260081893221,-0.495262957343426,-0.418699309310059,0.345521417411277
1.27093562488239,0.815399007203956,1.4104911559481,0.541112330933469,0.32687671317929,1.09222391392584,0.59011083210953,-0.19996703257172,0.643239685024911,0.418098907923888,1.41288240250073,-0.112100334655593,0.267726003896132,1.7191400151299,0.396717327347109,1.69623885672075,-0.444373689867527,1.4490374441831
-0.150551964152582,-0.17108958367036,-0.644893395624298,0.798043015919766,-1.15245724443689,-1.62942292611532,-0.778134710723351,-1.30932648120471,-0.686786491868989,-1.37554335302015,0.246546838800399,-0.627154700619149,-0.955338838957548,-0.759278413769574,-0.51294275217377,-1.61245597450464,0.106507991832706,-1.05602934854835
-0.871354334605708,0.354974141495765,0.68016820288975,-0.351748332739551,0.543590264764851,-0.907033449509245,-0.978649092454779,1.27153606948998,-1.84630731908428,-0.164053578121591,0.393486890710303,0.397127098694553,1.21594330256144,-0.102604011639668,-1.35755307524941,-0.662791207314691,0.548831718109888,-0.726444666762343
0.244205926651116,1.85733653436828,1.28582820750714,1.46824633808194,0.375056526679618,0.491241694224672,0.838811382280884,-0.220559738610333,1.15068349193961,1.54125515135355,0.925675480461269,-0.233718012860849,0.758954746253613,0.562769451644577,0.583893888625297,1.57244914319375,0.389242446293001,0.635678035787277
0.0314181139007049,0.285175717669391,0.533494937368454,1.43915160867339,-0.00266075024985823,-1.25572103001669,2.29464791995273,-1.33923322219443,0.338080897406375,0.726201200425997,0.357110584694842,0.270075476592197,-0.900992408322525,0.548857497957341,0.841922642182548,1.14536948952889,1.41916535732632,-1.56895822259464
1.29889574922328,0.144065561960599,0.538795762648995,-1.4169642065891,0.50043623129668,1.00413454878052,-0.383235056386321,0.408481589777635,-1.84304181334973,-0.39090180736225,-0.838604336515971,1.02580173628018,1.26705626434527,0.191473549206805,-0.880306330918708,0.718887506951091,-1.14155049432067,0.67241986226367
1.05009108439945,0.56535706428883,-0.536854331062147,0.765372250232601,2.68827109041191,0.513630631590161,0.665142026930697,0.275854671895334,-0.973203541884172,1.24812030628537,-0.647663100002087,1.32614307465865,2.31735840142656,0.0513814602360365,0.781340023742378,-0.49667661630691,2.05577572686363,0.361955839714238
1.27006583723354,-0.129568853655768,-0.0245097865215984,-0.811801418500118,-1.41943917509187,-0.918920848286257,-1.51387305412205,-2.6716887694785,-0.40982110799397,-1.63757895701139,-1.36331185853053,-1.01964239612063,-0.51349002777669,-2.42498951658613,0.00251774744945991,-1.76694205722288,-1.0360582401116,-0.279705654634888
0.459046806495731,-1.93712309252603,-2.51411687214018,0.70977304744966,-1.29324461280849,-1.03677923400908,-1.08018350432373,-0.130504603599084,-0.371046122695429,-0.891914406297744,-1.24824389393981,-2.31120392036291,-0.706777616493061,-0.637074962465696,-0.562963834842572,-1.45153883293748,-0.176344091934829,-1.1698764299778
-0.184681636723968,-0.918424899768758,0.0504549048741798,-0.890477729527859,0.528049922475727,-1.17873966788006,0.767146968789734,-0.925922019094729,0.581815716599296,0.165871180538848,0.661762443364205,-0.537164570526817,0.354366158266099,0.542204020605425,-0.901350192677381,-0.110777895664152,-0.712585228695336,0.429851504063522
-0.582444059097906,0.781108653338198,-1.09583257026687,-1.50662645130144,-0.368089801325048,-0.399953636156141,0.316122886300626,-1.296471520838,-0.62204987626777,-1.12355539447621,-0.0544788703418913,-0.599314281942488,0.859609745210567,-0.787930570029495,-0.481994601142962,-0.399480344782421,-1.71315564556938,0.66077498613592
-1.49789407551821,0.799937582381807,-0.224035656575877,0.118651712161286,-0.694817986450277,0.643844439628187,-1.27294380022813,2.66382171131484,-0.966433054019962,-0.696262748205023,0.761749493617077,1.24242742241463,-0.468814617622095,-0.410467368845108,1.00877791988556,-0.94628295278909,1.04533987481216,-0.126458272233984
-0.42602383065485,0.626790102632441,-0.13883026304894,-0.383347322843249,0.275040652152331,-0.592102351389814,-0.974250925458016,0.228753223931362,-0.407481090853651,0.582419729889912,-0.648823639313263,0.571397933111309,1.0942210559748,-0.577871504826169,-0.376114763080414,0.280618151592614,0.689575181839185,-1.31566950159704
0.0739355136993249,0.862847585887987,1.20453720096166,0.399583634314657,-0.957739993143378,-1.91226582174716,-0.0376911858317236,-0.640064144386206,-0.927330986398959,-1.69858886860921,-0.23626930738545,-0.353123073890664,-0.207437240702196,-0.734798554091366,-0.617248132533751,-0.0470401643395207,-0.802478716451846,-0.882884482526318
1.91963312085723,1.65059025909896,2.09800639878151,1.18870399202394,0.541345671739558,1.12612602668245,0.618637083211669,0.0214357118675851,-0.282122394436479,1.13943097365431,0.771436340622567,0.425102797125793,-0.921809204092351,1.07822155742194,1.82112926198901,1.08296018426375,1.06695013713189,0.966749967879202
3.17733311340063,1.075902982769,-0.344219377259807,-0.70178497499818,0.148857059719089,-0.316361548454814,0.831774977129669,0.676853677920691,-0.823266594974055,0.574482890786101,0.642888307924143,0.0177859009632514,-1.35140894472649,2.01894976928851,0.7683529921593,-0.242577602255843,0.557851493431964,1.56481164036527
-0.291125584198335,-0.419314391491812,0.181637384564669,0.709615725460547,-1.16053232073655,-0.181387197107818,0.209067248354916,-0.444766397435014,0.226027562224221,-0.802227966760784,-0.0428388880050978,0.827410375588219,0.127383501894855,-0.190344756896288,-0.357028252190161,-0.546474576469966,-0.0477691272186465,-0.121548819902756
-0.82231956001501,0.779409475852994,0.636602752611913,1.04003430569184,-0.735170615891389,0.185514227901679,-2.1434578175898,1.03546277356699,0.579038906029844,-0.905454692653744,-0.752661395329767,-0.164251258103409,-0.458227558701799,0.43573733250377,-0.163358526976835,-1.33632822163601,0.651119448359912,-0.0607405359258257
-1.1221572395869,-1.34021004429068,0.27483546910155,0.0112468813513167,-1.13161263648765,-1.25425248034254,0.257382557196897,-0.155408330779505,-0.881250761274867,-0.718853340464615,-1.17902107114133,-0.876402892826012,-1.7427256871019,-0.713088348644236,-0.733804092793717,-1.59024156255516,-0.980451924173826,-0.269362013196777
0.0400752143028748,-0.261295821605353,2.60960728010298,-0.14715533666633,-0.525555355230532,0.240110908063386,-0.284143563522092,1.15595306221219,1.93480945113634,2.2646412093748,0.353541185782526,0.924262308882165,1.08328689780296,1.66447830814866,-0.165709331397791,0.83046591992843,0.508805353881526,1.14657973671025
0.799502414339609,0.796308955408238,0.00991362059346398,-0.126760271214081,-1.01336962587444,-0.186758323075529,1.41486047019936,0.520756020393903,1.55625883757386,1.13240078087932,-0.224614559726029,0.971535958336136,0.0930677086341639,-0.162564363517346,0.650096019918239,0.930566953845847,0.265824850541951,0.259749627866274
0.412139788605406,0.0490596194192962,-1.18623046820727,1.03618040637286,1.65982964393383,1.42269378129975,1.01979883038992,-0.145483873992029,0.339592517669849,0.746773900237218,1.33608411538996,0.241420981630003,1.07675246060954,1.33226113786322,1.12764775767876,0.697306863011602,0.51782143456512,1.3730268668408
-0.914671564775647,-1.11383606288923,-0.4039751402577,0.302296899170171,1.04043040403275,-0.746655037325236,-0.344542852633725,-0.985097741446727,-1.13348927116285,0.171512752947871,-0.281262320339944,-0.796131500252056,-0.0614022531808194,0.372042833848477,-0.584571166258373,0.585829862381346,-1.38116907961144,-0.0930118448894335
-0.391189457705265,1.21728024702963,-0.743486769234746,-0.931960486900951,0.754412770950263,0.594773436449316,0.373849240077824,0.482388393923552,0.0502748610619107,0.78868217507401,-0.621725964627721,1.09877844986159,1.20703672234755,1.7108825701657,-0.3823000775362,0.562216100071815,0.00306811854598832,0.787697907626325
1.83225227100749,-0.777086817088768,0.227340458504996,0.00807411329107909,0.515302583446482,1.49980487306843,0.243660669378831,1.3934456463381,-0.60977770106078,2.09178886927792,1.04005509165255,0.13600607531534,1.72093137308225,1.57974094732105,0.0807703526900674,1.96402489018498,0.600859092409467,0.61165929201314
1.1261855333008,-1.82711863735547,-1.29143868166235,0.791266142014147,-0.464686092772664,-1.12058069954222,-1.00335260133678,-1.38875795157149,-0.0480520967909581,-0.51508218600835,-0.224966650145227,-0.72258197741169,-0.767284511507497,-0.468083912384677,-0.723967891477615,-1.82431749047394,-0.874550584825088,0.62911126396421
0.275112999619297,-1.00846821877451,0.0247938571975998,0.549294143590495,-0.107915576008606,0.0973742721333966,1.05325712674265,-0.722729190753574,-0.491241511353048,-0.413638126033926,0.373097557171954,-0.101214530593217,0.36882700451563,-0.137404896606767,-0.0396828643128584,-0.0709478692582914,-0.0127053994702645,-0.155970452217603
0.621099330499355,0.998195367324882,0.448046389901517,-0.943873807625102,1.36338269997425,0.777434342260857,0.978064763538443,0.764247030240197,-0.930295446667931,0.74745876273867,0.172999235393773,0.575750104610318,0.132726046710958,0.392573684711969,1.21712557431944,0.0439551466595302,0.536994931785418,1.22058288450651
-1.22360634133411,0.174325875233309,-0.465196615013895,0.0332687120419904,0.619962584344011,-0.359199113759777,-1.78146820304101,-1.14616315879058,-2.2530022634454,-0.958273523350397,-1.18517645998911,-0.808109164270386,-1.08501153093958,-0.214529359453118,-1.51690602044701,-0.59688047843525,-0.576087400007133,-1.69238123819397
0.878017720643623,0.947814733924826,0.991215408700682,0.368761028914031,0.572312397039949,-0.635152457960908,1.26149427577382,-0.295839911637864,0.100873307944799,0.721231181470267,0.446560120264359,1.53599508665027,1.24765997350305,-0.767267250839515,1.19968652178211,0.699646698206481,0.842942871865647,0.0495388598268939
-0.693721247146995,0.495108236864079,-0.909616683466885,-0.0206901323375137,1.09318878935118,0.0691962085421478,0.225983835682477,-0.207862497930069,-0.255407455254558,0.716008755104163,-0.645134889702037,-0.101485460677456,-1.06995867505604,0.00807851186366936,1.04800271646275,0.323143051979473,-1.25582814866399,1.12269452517532
1.23241943346353,-0.390568712724189,-0.230127194025724,0.542340268000531,2.81100391324922,0.184363111524436,2.02477094840481,0.62812152122721,1.2942532463972,2.37815370057058,0.461091038803432,-0.483851469177583,0.521394250200866,1.81363187294782,0.439799473442085,0.492626262310966,0.797348392064253,1.95254259104303
0.124709134524162,-1.1489641770115,0.622923444212196,-0.106197955731279,-0.522386813746487,0.24488012139833,-0.955706138677304,-2.25311516558738,-0.79471780459954,-0.683103518692352,-1.08353881355458,-1.13519558461592,-1.53001577595483,-2.26924124027633,1.35268571570725,-1.01526453731377,-1.02589178619134,-0.147032368839636
-0.0448864382426194,0.466149535292125,1.12687866957298,1.27289044080518,-0.477952241708872,-0.350857756113841,0.453497992470137,-0.58120675273631,0.651488078542991,-0.514663926473905,-0.529451575433231,0.171872047790227,1.92826985563144,0.920721348101972,-1.90649834520709,-0.983143465109546,0.594026495499269,0.0365160371925
-1.75394304959598,0.265170215238708,-0.901528974380944,1.64712443781954,0.0134867497961546,-0.0357069849513162,-0.0585601941955434,0.90468018900696,-1.09586894823901,-0.898986996240778,-0.0742380742299346,-1.2646890441952,1.92786087276947,0.226418190428091,-1.60046721638274,-2.13493512794268,0.258255479265538,0.442480553059695
0.573848558037882,1.83266780028672,0.483719464298755,-0.829687728260381,-0.762671629054369,1.1049248847087,0.988306298557922,-0.379143476870667,0.482204660654267,-0.859698769679422,1.32872129428204,1.61708085554595,0.5258190954406,0.692273828516237,0.77484660357569,0.809632697527183,0.537084863239062,0.169217045204478
0.527137077323617,0.535755145341394,2.46991164493148,-0.0488264475190826,0.556160113515808,0.951947403915978,0.176575867599179,1.43554694304291,-0.612044922774174,2.32579485081203,1.38818088292712,0.849633665148965,0.717269219624408,0.607116001042599,1.75710179199389,1.72841786840352,0.989020439959023,0.637806239546254
-0.121754849516608,1.09603811870023,0.0304884145737683,0.760851537303082,1.24880245118741,2.09304743006853,0.0124726180092701,0.960570114897147,0.0774399934218691,1.31694172026358,0.383792880193835,0.310884245218335,0.28182276457576,1.70922200973727,0.440179314106093,0.56545585921636,1.14697949974037,0.748389441351282
0.69395950220945,0.113591169096695,0.218581992301469,-0.0317982192951337,-1.01970410730532,-0.520872715172394,0.619044508769045,-1.42866096977444,-0.172576861597564,0.381344852460909,-0.541063957529011,-0.495746737021699,-1.19725538555004,-0.0745544975429598,-0.182027729507939,1.06994721488005,-1.26591948575558,-0.274044585880974
-0.127868265837063,0.338905913894061,-0.10808634399868,0.442797805510355,-0.985842753774801,-0.594819756213236,1.81338316281453,0.241562514948863,-0.57713926407408,0.0419197583484776,-0.477580829581559,-0.0765009933302964,-0.0686160317854383,-0.186575582582539,0.157885482433144,0.609910680535511,-0.160020976469066,-0.481582032628243
-1.48040285470841,-0.0476643482523674,-0.431097642346208,-0.233874016018247,-0.443177655336458,-2.94109037932898,0.550512395479173,-1.69047296388394,-0.863425532576549,-1.03865914065163,0.587409449316248,-1.06969139426145,-0.188755357211494,-2.28432531396158,-0.722782445577632,-0.371915475600113,-1.16746362173608,-1.49356381576361
-0.654315308159308,0.0296780978302358,-1.5981519615229,-0.685753350112192,0.201799038892268,0.517968290354904,0.324457051393303,1.79890100114123,0.472655616283286,-0.444614840631193,0.961111624960854,0.679724888617096,0.199782265672208,0.899652231608905,0.0636713984967094,0.0521723029923179,-0.176221252831753,0.964199691442541
0.696924717621796,0.56208815641891,0.0116492761821092,0.239818717948015,0.573859425301882,0.896430551803713,0.657326333059431,0.444716094480707,-0.370907023083227,0.594650577190231,0.306949043174168,-0.414318785644641,-0.475606184897254,0.656623476686668,1.39993909220616,0.480784096573743,0.924178925989616,0.117372383973801
1.36080353337091,0.253458483344571,0.150831736997126,0.686400745407715,0.135890736193185,-0.604545006229759,1.41193254306933,1.12313185323282,0.102082020714615,0.0836920217639774,0.303064801106483,0.941197142742935,0.412992813572789,-0.239187588026797,0.470396654652189,0.619139986814957,0.00217754655307451,0.754733102903529
-0.639844993646258,0.00337069870626091,-0.482207974227115,0.44184873164838,1.44367810151323,-0.270906905258609,0.0373306875440708,0.250069544344083,-0.550601436681994,-0.48083056382871,-1.00536146736059,-1.15490690509826,0.806104235224789,0.453110463358806,-0.319069785725123,-1.11865866481913,0.320971465448125,0.40889482463794
1.13397896080844,0.877560251059252,0.443435126620807,-0.555401842981874,0.0400581378231903,0.493067627411078,-0.450697138775598,1.45398038544631,-0.345545089945568,-0.0113956483338759,1.53491038048752,0.580316436565048,0.906153209154265,0.106641034619797,0.681066884070764,-0.374464519591195,0.539313126864075,1.26078359827893
0.422736602969249,0.492765943575631,0.154103494883662,-0.148400918048613,-0.028897590118349,-1.55990503998594,0.0824276870720172,2.0721383889584,0.585072492751868,0.0361251840573171,-1.00512233381626,-1.09088743368483,-0.390950593962602,-0.310537516374342,0.308764940776464,-0.583180993615593,0.743600437180594,-0.362307545402246
0.887560865957503,0.632670129818687,0.576355067403686,-0.346288504622325,0.0673519750200824,-0.135072906395667,0.00237136496994471,0.649318123242797,0.984392245862952,0.212352567925827,1.04038121829075,-0.821017532724854,-1.19453434468082,1.50219566808029,0.298109704834952,0.149923208611365,0.565760859420363,0.465246134757077
-1.12538901674037,-1.51272009028902,-0.217215943684661,0.60267739292175,-1.39398704483604,-0.316386542304439,1.00184628548554,1.34560215103798,1.05520580248986,-1.32338149034783,0.982559850359635,0.644746722266951,-0.194206942341866,-0.665497552844115,0.818368540832508,0.80208349068069,-0.148516855815322,-0.878412906028621
0.260987169104723,1.05768709683381,0.0408063114279787,-0.646816841230007,-0.506737367104735,0.679794192892174,0.183215595703078,-0.100132842822887,0.882188562780405,0.252033061571172,-0.211954356202534,0.402347135594522,1.28807124721223,0.319899565896236,-0.137343741918976,0.52144950507574,0.393711981893773,0.0906936405620714
2.01351900960795,1.31971379184515,0.154791742548082,0.304289610186267,0.978070869683333,0.424426888608102,-0.037699705310027,-1.14671425990505,1.96843612034558,0.527230577083102,-0.0659005560079418,-0.294006337741437,1.68405149479896,-0.345289854612684,1.39986681840452,0.215369946806257,0.293308723924461,1.61675559676486
0.953522336469772,0.424742800761019,0.189776131612043,1.43153670120815,1.71321300611953,-0.170061591341259,-0.203926076181018,0.589599230990584,1.109397539656,0.492492878276052,1.72482394368761,0.400867182309852,0.932146409676847,0.934603165817441,1.42550085033859,1.284885549956,1.03321143446443,0.475222710485972
1.61461042737815,1.63944557189651,1.93595456839506,-0.469809674148224,1.36454128620659,0.389611066064305,0.217692249446901,0.274705522386813,1.75277193645985,1.36159530458033,0.593813317119471,0.756906875475705,0.544665160204752,1.05093971972675,1.07926692677596,0.906526344007227,0.931253337260761,1.38714487481585
0.507901425932793,-1.19834807077964,0.0707526064798009,-0.65072272594653,-0.300906544562597,1.0497233747623,1.64851985146551,-0.140661654394365,-0.0185775766560313,1.19538123605063,0.192492222971927,0.70931895076724,0.731743350771703,0.259131694863941,-0.265992370559478,-1.1071850341699,-0.106169677701402,1.74300152998301
-1.43628477744768,0.0501727251347437,0.546771670280825,-0.584037819157002,1.00981976555558,1.6681412441601,0.0873735435348352,1.93088701369401,-0.372218841580763,0.447991809453088,0.58814645900413,0.717770099487236,-1.30123697791976,0.706771189080345,0.656225756163571,0.283599677377516,0.950763628084617,-0.168553098343171
0.999533563909185,0.223663130729341,-0.292071426748106,0.0441889179717647,-0.00349766741508755,0.656066220103131,0.538824991206934,1.21627582550044,2.00868424308998,1.24340752988935,0.573770849847409,0.351005961146636,1.59494342631694,0.70581752836989,0.377855673874207,2.02233860542696,1.09927231923035,-0.504376682906416
-1.94731001269427,-1.3640918083955,-1.46669759090699,-0.56611370562255,-1.44837001608666,-1.06436832968453,-1.13567942937782,-0.318967459010662,-1.90167490943672,-2.58867842632175,-1.04408398837865,-2.68247635282655,-1.93743478781178,-1.9904707409389,-1.57797200543274,-3.72872637874554,-0.0733977017253837,-1.98857925877125
-1.31252428498127,-1.27601326258145,-1.13055955324627,-1.29011403563216,-1.53555337675222,-1.61488331134777,-0.73401050262504,-0.890730765330029,-0.728056785314636,-2.24420178125827,-2.81951917788982,-2.72972585176431,0.715945512531105,-1.2838664445943,-3.50581235160853,-1.39085086195665,-2.21763515046129,-1.71141559347722
0.743121867732909,0.796154174697684,0.282322668649143,0.675988137512305,0.309385393532698,0.533636515408456,-0.517256134293589,0.343787186143607,0.831509903780192,0.379085031417997,1.56707456200291,0.552532165293395,-0.447059895923845,-0.150976789001264,1.17142911025932,1.35656609981064,0.0607736736388431,0.372540284196739
0.872228273351604,-0.537877463897969,-0.113769824474053,1.20906246245667,0.661816850954244,0.17230509734954,-0.649164254014821,1.42958069310747,-0.222682112953448,-0.111501568030936,0.568225893673326,1.14630036565239,-1.16591674411855,-0.752418657438495,0.615523470030848,0.286541479684253,0.756043960578935,-0.536371823114547
-0.36569003193755,-0.628503350389022,-0.576864623968506,0.236816963011288,-1.2518667689045,0.501383275531424,-0.935685108212328,-0.903883087790816,-0.432787110204145,-0.921902698929967,-0.338649771029943,-1.77329908708352,-0.0996270879507716,-0.567070068452131,-1.21331694994699,-0.860979743981483,-0.658507175467085,-0.676353055873739
1.05428907903423,1.31891289371601,0.409548642088421,-0.154393953699831,-0.716618542770528,-0.612234066692937,0.75825007701884,1.24152440645059,-1.4859096037384,-0.540190566943464,0.228250173588995,-0.141796871272691,1.16749084346983,-1.26988645351009,0.0878896994702835,-0.375756821892827,1.45383325128783,-1.20197764017509
-2.23683364984437,-1.58016445561361,-0.671784165600679,1.66630970905911,0.336419300422424,-0.642708612232165,-0.049351355090388,0.495014633477195,-1.03252895331748,0.445458614989981,-1.61012322288289,-0.182452674440035,0.158809688262566,-0.965861420743017,-0.468184059468787,-0.518198542225145,-0.27971212427062,-0.9242274314143
0.0743801226380465,-1.67697441370287,-0.556258704687117,-1.57944372614195,0.540428441139494,0.558384060645726,-1.1106440205431,0.401639825085776,-0.822459787548339,-0.014626719368262,-0.618790383580506,0.488753005944422,-0.835786709769659,-0.0496381233629689,-0.265865382661117,-0.221742578019043,0.160070250376884,-1.04498760633162
-1.53965659134556,-1.82068623768975,-1.16249771033984,-1.44842015587267,-1.4275370835879,0.626161460810385,0.10226701613564,-1.41340324579906,-0.680588348038058,-1.10339433097286,-0.994428818854107,-2.12906257690919,-0.251485540655952,-1.66074024169061,-1.0687701035856,-0.360119690585892,-1.36348640575781,-1.56218022316582
-1.10680001334139,0.397185545959204,-0.642239171052932,-1.46895046406194,-0.586565708345351,-0.738325400330432,-0.0675187910676215,0.163020457613234,-0.477528197589212,-1.46021423078076,0.459737090300466,-0.786210010267662,0.753907544451167,-1.70632540332678,-0.902716433244372,-0.543752680641619,-0.0528801356958304,-1.43849490816349
-0.304006771960273,0.914556250152603,-0.19330733934702,0.21364454513163,-0.502436170811269,1.70606139007213,-0.949183251901245,0.860734938354459,-0.756266199126465,0.967711692341503,0.812240405825767,1.00264709159872,-1.07505841789146,0.185321678385404,0.706006496414458,1.07420706929879,-0.409700876240459,0.363809156220579
-0.681442626487029,-0.868513068072186,-0.341745209067485,0.325891800318592,-2.27410293002924,0.307072797903708,0.193798688214242,-0.275014774238333,-0.483371968038214,-1.08137233095375,0.258141796363573,0.326323246240905,-1.95376713027982,-0.383720761919622,0.0196213040498637,-0.776352872061632,1.04697562931257,-2.10573224346477
-1.35220097357838,-2.65817905229502,-3.21802808881546,1.28878054871274,0.993184295535718,0.804778749241818,1.30336036689299,0.359766762315522,1.32029526131076,0.0409377694282731,0.126041493615336,0.00659303365329843,-0.443130970140621,-0.653388706254836,0.17400386360071,0.262501943002426,-0.348083234361147,-0.158710584276883
-1.04792152060169,-1.4448300871552,-1.0161879866328,-1.31083107546121,1.61327360565887,1.33247121432825,0.148684994805506,0.920380718572785,0.363853794364285,0.47405414662538,-0.447485902144707,0.434329407553371,-0.627109377870211,0.333819637238289,0.849267071246154,1.22123617463177,-0.190730044898359,-0.264406784215455
-0.287228554892387,1.20476441453556,-0.569877159328181,1.51222090290579,1.38673062732985,0.41499212775902,-1.85929909176644,-0.981404507165334,0.550346597416152,0.152647741958712,1.1334699908651,-0.390416266901745,1.90197047751616,0.922392076736239,-0.10480107307094,0.972808107656923,0.919394998158348,-0.62482570607454
1.53097419586297,0.150416391344603,0.647174218475978,-1.57936930851337,-0.924764183725349,0.833417643848798,0.64847058892621,2.19312136913584,1.14181894216877,1.4064116569584,1.34494713379248,1.3958569867728,0.142936849484267,1.30693130148459,1.59460121730356,1.03665529869429,0.447342300020819,1.57778175081514
1.53598126571951,1.44893618396483,1.04582062817317,1.16135993687789,-2.14858095074339,-0.643211124034092,0.497864898108035,1.96486877437943,0.901041613703934,0.088812052263036,0.501428953372309,-0.41888067822406,0.705877429988615,1.04786085087407,0.518107416966171,0.198111602286329,1.52329974072018,-0.0151305462814514
-0.754311355453848,-0.0788597466124002,-1.5260962298819,-0.940438816750032,1.22058194117567,1.9096651062769,-0.94183608256351,0.896841841051011,-1.29389313117605,0.333650583993366,-0.183469882598267,0.0396686572130322,3.35325949207586,-0.351484805172765,-0.447236636362758,-0.878150969001036,-0.19716737313567,1.26528159465774
-0.764194773598703,1.35542891308556,-2.0307002499845,0.942181003969375,0.797946495120694,0.182763105813067,-0.209444861157472,-0.423871250965537,-0.673984708311111,-0.518233429391383,-0.606059124092183,-0.54209389882725,2.77361474826719,-0.87703396670629,-0.837849443252017,-1.2533401408073,0.0454080084383917,0.374865471143229
-0.731957560660422,-0.0284480874442186,-1.5136063773624,1.1150654704632,-2.64341932470688,-1.80562475599052,-1.78150910263052,-0.558810262739436,-1.48895555832436,-1.98371800600573,-0.656071549443236,-0.338947476439958,-1.35407603728308,-1.02756084030941,-1.72414279099116,-2.11061928421427,-0.903555176531543,-1.18899514728874
0.088352290073008,-0.413569173061731,-0.780962316589118,-0.198599110551923,-0.132000864970938,0.0147229856016981,0.516233752047218,-0.00197272404483179,-0.563085315027899,0.524795533237054,-0.565083286994526,0.734679776967315,-0.137695705183295,-0.38732134094572,0.647470074647609,-1.22912876764081,0.567383906941403,0.546255213187671
-0.496407539083726,-1.15904825255349,-0.600207910650308,0.7245860487628,2.39969938343549,1.73513305040419,-0.535336691326763,1.90758889179175,-1.26519227651463,0.218309723555211,1.13561128288902,1.36067351223011,-0.338968858640375,0.82097805763466,0.881361635067353,0.515005059168242,0.406305364180458,0.731696136935602
-0.328313279629595,-1.12080418167667,1.03342399725084,-0.600099503359291,0.168932781587837,-0.542802320448841,0.388421976184001,1.59547396655714,0.0578678556454063,-0.378787885977675,-0.755695185285573,0.843337747082797,-1.52406323518296,-0.13733603287627,1.08680839188908,-0.794319940985312,0.895303989049548,-0.298943664635198
0.877743954204526,0.518351799025873,-0.31250322197012,-0.0532952397806048,-1.4143841366018,-0.646155483652473,0.437437922056181,-0.52421654962674,0.827644851063592,-0.652359488915805,-0.120549942392385,-0.668699261815029,-0.555472644972727,0.11543416526849,-0.554716133762809,-0.0389297777026989,-0.241706656049275,-0.15947391366266
-1.12449902418446,0.111479707843424,-0.248511563965076,0.786013118508636,0.882723328130241,-1.30935241433583,0.638530975741205,2.59349292659841,-0.289410042412326,0.401646216816666,0.730522226130358,-0.117489461518365,-0.744198128649061,0.55745276087824,0.866130250733645,0.715234249008879,-0.504171589649441,0.748154291661278
0.294991312502442,1.32192125435771,0.693469086745266,2.15208543580543,-0.502820237068404,-0.513322128666854,-0.968865809631246,0.476393239951351,-2.49959349110105,-0.922233338386311,-0.23912551874504,0.756108454804006,0.117696483821232,0.572066958004098,-0.816985925809027,-0.903194702861757,-0.0909246027621748,0.201419618353605
0.712225108016248,0.691559731371663,1.17869893597988,-0.928216867676812,1.08790403790486,0.506059702299432,0.200117977761178,1.35266261322595,-0.657349196806083,0.215967460784726,0.777039974901419,-0.345976190507292,-1.28375533985166,0.646401098783058,1.23037542449126,-0.708689228884117,2.12219324867612,-0.334124168166222
0.0831339703764129,-1.24734852069699,-0.183754752967322,0.350028431878163,0.0685642444659547,1.05313562872353,0.322009489464788,1.70770628399162,-0.125610642669656,-0.202830736043281,0.408487303354865,0.280034007457028,0.49026203953449,0.969259215545593,-0.152693480840734,-0.936315477542569,0.874435768407229,0.624193759419386
0.986753179687254,-0.538581241978762,-0.0977115181187989,-2.45843022345247,0.819130079367223,-0.691174377862986,-0.4110753849205,1.06994140678861,-0.660234669992266,-0.719399417760311,-0.967163629386785,-0.898779848595487,-2.02076565504364,-0.200613013049666,-0.598452467492225,-0.458535222170403,-0.252317936601152,-0.679679442556801
-0.246547917391313,-1.05990367342623,-0.78259041982489,0.927092382586931,-0.156680141735794,0.11234738046786,0.424579741781288,0.877574161707747,-0.0118232006279993,0.546969509973459,-0.765351802585271,0.541394367782154,-0.587834944718648,-0.166202055355302,0.627925302566637,0.299019171050975,-0.576528513068509,0.419112611410834
-0.488181353854079,0.858084973011478,-0.817925521967943,0.183247256665288,-0.139909648434809,1.10597516243674,-0.508603489592697,0.29541809221169,0.368449906257191,-0.699093274836165,0.51453259595072,0.29302585958891,0.0199293031179211,-0.7908188171308,0.924333113602223,-0.509175918488484,0.338109386465487,0.294798312558633
0.223085324429792,0.957640937427333,1.17508227640572,-0.224398546132849,0.295353347483424,-1.58825183417308,-1.56707969468606,-0.27458992528344,0.529354314423423,-1.57348609273481,-0.0387592254594805,0.77038259035294,-0.754081592662982,0.251170864612232,-0.382218372738727,0.189604272095492,-0.703722090633369,-0.396437585975945
0.387909824702419,0.32482692615825,-0.149174954525415,0.128401227930748,0.191762915680593,-0.580505568356051,-1.20337008640722,0.688000109576268,0.0117192040987683,-1.17029698921999,0.343289927060611,-1.29887536919437,0.232574084881723,0.0790142406641735,-0.686449852587987,0.212083969754111,-0.300983985276279,-0.454301432153973
0.195896463900095,1.24698706931773,2.89086300781607,0.0971763074777515,-1.64218646871222,-0.188238332734162,-0.321479824069973,0.447842659139319,0.711035912276992,0.138895782596746,-0.887544427911655,-2.14817734695132,-1.04248703176659,0.933858560650334,0.407026963325323,-0.740972386558232,0.045036320560801,0.941663415305318
0.486202002030834,0.772317318002974,-0.0682344729019475,0.157699423611685,-0.565991710680285,-0.0475435583857466,-0.265480943634123,0.624268807750865,0.45001010215602,0.0995820417509684,-1.00279141611222,-0.309863933325181,-0.880054865512281,0.203783355693133,1.03947362165166,-0.122420635328035,0.502833160043751,-0.0220410209350785
2.25757647110356,1.13376779170833,1.82514871790062,1.79005455361389,0.255449555507956,0.929062928857601,1.69771140368716,1.36540500587503,1.11299139966386,0.517402385160552,2.39774958098839,1.43550808734796,1.05711020378769,0.552667444949982,2.23719273315307,2.41908922119075,0.148886955585236,2.34209500736534
0.671123978437889,-0.662342270074396,0.946487289002394,0.364218365874461,0.23178593337576,1.0060026410329,-0.507615765070779,0.460189952612241,-0.196842221788638,1.50995473034868,0.531675251305225,0.399831173404449,0.232540027773901,2.49165894012062,-0.597095029558787,1.15497180186474,-0.990962371317333,1.68896197506844
-0.0692048193956857,0.628347765889596,1.93215875021692,0.13638699155905,-0.0365946631920676,-0.571300858483978,-0.345719922915588,-1.56413476738497,0.996322267150326,0.366974745356524,-0.456617435389701,-0.260624233713694,0.00129879447927972,-0.502087984709044,0.275096309827889,-0.642189084156069,0.535629239826238,-0.188170175602169
-0.573001507936652,0.11005136638112,1.62686064814288,-0.710608174417776,-0.960667866179235,-1.41711587091817,0.232942592532171,0.0539626746402733,-0.567957615047498,-1.40205017491943,-0.517358122961136,-0.140510995063098,-0.297593755170976,-0.952189928267323,-0.184228363869432,-1.08557714828788,-0.219080383377399,-0.64425228152242
-0.258180165009528,-0.123317066477927,0.0913813593206728,1.06418249830146,0.389397602530344,-0.447676631602317,0.6956820853012,0.570612856817111,-0.230078497226998,-0.696303326247851,-0.255766854836965,0.191502012154766,0.111055686787576,0.117279995329131,-0.334211043364389,1.62710775998745,-0.185937710922438,-1.06707241434167
0.806720264053125,-0.616010357942241,1.68439033023814,-0.608741461570316,0.905739890415397,0.495320119043323,-0.0634072212253611,1.12072658312306,-0.14110423403104,-0.032157581752404,0.764337154661747,-0.860933710963319,0.168529392117151,0.474034128707837,0.357119086067341,-0.162811995760056,1.69264295106453,-0.520215062178721
-0.512018640435494,-1.05448911543986,-1.03106282477555,-0.153085226423872,-0.577665926365174,0.220017563659252,-1.25814803425328,0.618225640645557,-0.331592260631301,-0.621244893312552,-1.4823601084934,0.421879667660472,-0.467099841544591,-0.23951403666584,-0.321793532049734,0.686372008621928,-0.821878581921287,-1.03631466667266
1.70950464327712,-0.330943028113449,0.773635369496291,-0.642123927630786,0.960560036225404,2.19106371188538,-0.598271789047309,1.4119113757372,0.423964311346804,0.864963656506049,1.98710143485554,1.75152517785252,1.65642188687587,1.6847652361696,1.16647024334437,2.10982382026372,1.46330552852247,0.371520155302273
-1.32034877048467,-1.02279036603006,-2.18040188026246,0.356461659132803,-1.05005148861217,0.530040906505125,-0.862434381160299,0.748752517607079,0.14270208209899,-0.59552678853221,0.211950057586668,-0.569201236067099,-0.617804296058632,-0.249721018673925,-0.427584250431654,-0.714505008638155,0.329058695684689,-0.937909302727385
-2.0563367881792,-0.627499509298069,-0.104616869896868,1.64781879453368,-0.285381238618703,-0.23416474925526,-0.0903049343583068,0.234569616263365,-0.432198395276595,0.255727306667929,1.52502142229332,0.0956485722267558,0.451378962257135,0.13627883449691,-0.816775959901396,1.15787841035452,-0.62059796483805,-0.828085710556064
0.575380900019062,0.0684163455694464,-0.53720387691511,0.216847152641233,0.114665457789161,-0.829852989618911,0.327355136022958,1.09852323103883,1.5993145572381,0.406605035757031,1.29107777797211,0.612717256426953,-0.27794137940649,0.732566550980581,0.279774657932102,0.759563997553844,1.08975137575683,-0.396138361745464
2.62469606388545,0.278954348823936,1.7799147323431,3.48356144646647,0.542348323294151,0.0898356005053706,0.477594679039714,1.17798305604458,0.174077925979044,0.735030540330822,0.90082568179819,1.87804706545433,-0.100792343134262,1.45624766512274,1.89451579001795,1.15049448011418,0.96870500235555,1.67250526061656
1.52458167068382,0.752062771315425,2.01707152005573,0.832371780305087,0.408442842340034,0.480965345499775,1.16349971577284,-0.057606250555614,-0.493655656570918,0.626359854990875,0.756371104571907,1.07975776063434,0.149347969208153,2.16398504205725,-0.125456237581991,0.234630082701645,0.84710335269053,1.13747264634562
1.16713005650902,0.484752389595994,0.338318967512381,0.0128521571883522,-1.19028377426009,1.98026777513348,1.10183386865575,2.25477061125138,0.470227413344881,0.206689646867765,0.304019110799191,1.18728323480514,-0.861094969180151,1.59857444270217,1.20515735196434,1.64181317356237,-0.244363659796766,1.3712757601235
-0.525760900367317,-0.495978501239944,-0.65922519510958,-2.72926914695383,-1.40527124544951,-0.171088466867241,-0.273532058065219,-2.04096751418167,-0.869208164569043,-1.17086993144298,-0.710184289329865,-2.02162781112891,-1.62410737296041,-1.07815499649191,-1.4004599661668,-0.516575497961289,-0.6706483035915,-2.53484320074691
-0.242044339546404,-1.25978997596253,-0.01572927540659,1.11047257081617,-0.369579952482545,-0.235850688350422,1.2219577216235,-1.24488759318545,-0.217094582642564,-0.25887702508426,-0.375624380910935,-0.590044830206457,-1.70383800928922,-0.714090184963743,-0.0248974381315487,-0.17214402727678,-0.637258531760922,-0.228749304090251
-0.587234089778573,0.578091914885159,1.12485562772204,0.0475411213064908,0.11807723241215,-1.15385412151561,-0.762192661427398,-0.424160600783798,-1.48283639630739,-0.879936986834632,-0.0443888778889116,-0.205834650713304,0.563984797676974,-0.431486817522355,-1.34842574112862,0.399648740851162,-0.752154383696344,-0.933783356946671
-0.790785339389462,0.541726698464839,-0.71811705863581,0.348310350886662,-0.396836346254166,-0.171107903124646,-1.72770265573672,-0.677786955981753,0.637026768256797,-0.430710895516161,-0.20531937433557,-0.929596500229944,-1.55033829032819,-0.747988536340256,0.55271603667124,-0.510957080301902,-0.382383493842888,-0.210749455894303
-0.216110565348363,-0.542555958067373,-0.860333588223762,-0.388399910555426,0.220678922807412,0.161618577094508,-0.713237826198531,0.160016640566495,-0.876118014964508,1.0659038993237,-0.511681515044135,-0.23279238360784,-0.280474681541153,0.0500999565857963,-0.135086554212877,-0.545042538592969,0.0472995118822058,-0.123551096147067
-0.374230879809244,0.167707539059287,-0.295911266885498,-0.116858708278718,0.18177629928218,0.767648119078238,-0.648210083310021,-0.360029724652057,0.0384855541573846,-0.0872748558936286,0.0452762083020478,0.467018618194328,0.68664856034362,-0.314873741854888,-0.554493643745014,-0.905678858754507,0.68335449226619,-0.103840780591041
0.797200091177476,0.723955624557268,0.0376810900682309,-1.00556928464718,-0.0069595510417936,-0.435942769906344,-0.447534360494897,-0.55027695475818,-1.5549338901792,-1.14415442048264,0.166379465934811,0.553658934514469,-1.86644080496022,-0.0220764938673299,0.289211326156521,0.336131744444883,-0.58541188506863,-0.522790034591442
-1.18393198170635,2.03846181862542,-1.64789648355768,0.364648816348334,1.38180447109947,0.674366415422393,0.368788513412682,-0.606993072712523,-0.13445464417918,-0.510863147985236,1.0774325556764,-0.462474675208036,0.189544478118661,-1.2869384106175,0.637839296760846,0.961258495669341,-1.24406745376931,0.631818487127895
-0.0293135165852412,0.403746640586814,-0.985623753558173,0.262005436097663,-0.879806204636846,-2.21305681832954,0.105971638666145,-1.57705321723887,0.48901189320297,-0.44123072852402,-0.58899831931075,-0.0683955619863128,-1.1693799944743,-0.613001084619308,-0.557454099769566,-0.918033587600874,-0.713168415178571,-0.270016717961646
0.271727811379515,0.617958267631518,0.105060185751538,-1.53205823580477,0.0873249967228563,0.108755340059709,-0.266922325881808,0.182412913839301,0.587567787254856,-0.0966765744206741,0.917855227639407,0.935800751322934,2.37564344776337,-0.583004561644078,-0.141094095719831,0.917398744095734,0.0704740365918806,-0.303805299846118
0.105639759218867,0.480711256092283,0.935093467947634,0.407268043127451,-1.26951451151976,-0.333235548268055,0.842144830422257,-0.391037158425577,0.796651576327615,-0.384055284689025,0.577704157683033,-0.338842564263611,2.11736601972522,-0.406477492215395,-0.602629616098911,-0.313720849455667,1.56481226125392,-1.05677378274222
0.0878161407937325,-0.989062338505072,0.0437205395229148,0.86985836145363,0.225768946302531,0.373958577979776,-0.174937458837776,-0.602117695905039,0.452254681290932,1.76729317445719,-0.543830710953344,-0.618568986307446,-0.00508848201390549,-0.103058749596875,0.472580387789155,-0.400793467656719,0.267894064317083,0.575984994065563
0.156933212941767,0.769441723939721,-0.413056433364241,0.501528732017313,1.9444292370715,1.75725373917827,1.2190643993569,-0.471407043524706,0.869319269185863,1.03096797609639,1.67607308204273,0.122155725778521,0.130210988047098,1.67632727812268,1.17437024890599,1.33914057259013,1.09285722256059,0.64004661742614
1.04691278006018,1.08850330922646,2.48265415403012,1.12230167897672,2.24857114572896,0.628848691784064,0.436572072117309,0.765428774851673,0.624129841260571,2.38107472936348,1.44897946348905,0.380842174376473,1.37158365328002,0.973605151099109,1.64584086590619,0.736901525417579,1.81259986308905,1.48081921519799
0.179883426084292,-1.39819434351115,-0.718794958613936,-1.34069852635273,-0.683063138547839,-0.0408920032096718,-1.09242561897642,1.12669715029381,-0.31734192937031,-0.928391810666156,-0.903336681781459,-0.121429316555505,-0.296983127403094,-1.46995430239289,-0.306697885771926,0.442156782316744,-2.47920805905684,0.441307033398098
-0.672774446567904,-0.417796354120343,-1.66789105515436,-0.227704468677345,0.0860517535636547,0.258510234512725,-0.484664907054215,-0.218824151055617,-0.799286224369629,-0.273673204029759,-0.419872668735203,0.652046210394499,-1.29599089373432,-0.342247781680091,-0.0384341548845754,-0.722275504597728,-0.759907764266662,0.148193018119392
-0.524902920599125,-0.885037188196416,-1.79758117027091,1.74019865871249,-0.0338603654336782,0.110916056326391,0.524731570555106,0.933988964241472,0.127311049348068,-0.44336643881189,-0.194186634258505,-0.505108356248911,0.122811713500645,-0.405420780488622,0.281057291344237,0.63897480902589,-0.699071847553677,0.0334045481653071
-0.992651837037088,0.623354951222192,1.98411605339831,1.32563308811582,-1.67817284130881,-0.915571910137631,-1.29741664517154,-0.67236651806348,-1.00161502283577,-0.567243012662879,0.118826411222028,0.36535611984926,0.528823899184999,-0.31301962254431,-0.589937573168856,-0.639091793381646,0.89248417026619,-1.75996812831973
-0.158206359578999,0.0606843951349065,-1.27906662434197,-0.0108147060170828,-1.18812003366821,-0.821488136195339,0.273754693432822,-1.20627046807229,0.272526857667042,0.55711219495935,-1.68295996709079,-0.704412985965615,-1.60395392473331,-1.17954009904236,0.706081602061207,-0.455342920573586,0.0830032951856298,-0.973485906507161
-0.689217097922155,-1.05264785732225,-0.233424781310046,-0.196584375466146,0.0818317213458274,0.188343601180894,-0.969342657632603,-1.5223249365694,-1.83934560995223,-0.676103670183631,-1.83360457792813,-0.480683665590673,-0.735990960036913,-1.70071364429528,-0.332800338287216,-0.277644704150258,-1.87218456744415,-0.612205180912259
0.474336601053975,1.61753432171881,0.92495555622638,-0.0608986938907817,0.260886905358109,0.652689374170431,0.0912138839662388,-0.216819559098587,-0.0532885713510557,0.86674638712062,0.337531044137077,-0.472815315710999,0.715347944868678,1.39453248070565,-0.20225426142512,0.861333083073122,1.02649236409491,-0.230196888157407
-1.21068963199507,0.56541158675949,-0.158456541300705,-1.53026646395339,-1.50023365803545,-0.00524581336871172,-1.86314567520897,-0.882544773778028,0.30247455775953,-1.13583361359955,0.794873832474212,0.648706805960233,0.111029606827636,-0.959334733258808,-1.24699282364464,0.0793245618985456,-0.83430441684635,-1.09860294074167
-1.15503654549393,-0.367964263988293,-2.22979069071575,1.49805886607379,3.25232606523746,-1.06399182155499,1.61272044566892,0.837086803746793,0.665704882645279,1.08771183352429,-0.400843431585165,-0.096754518768725,0.0407026418700723,2.29807764310833,0.159396445244961,-0.707106292424647,1.16967489623475,1.01190756726026
-0.33138819366497,0.0617400667324686,0.274169347644501,0.251140775655998,-0.668784029468937,-0.0795644607956823,0.778026686105982,-0.626875450757649,0.0659113578552228,0.840848972414972,-0.582984451349671,2.20613847178186,-0.225152784016343,-0.434166978597053,0.538979870309915,0.684178798706774,0.115115733906923,-0.350213100178372
0.138380534189633,1.58941542478581,0.480905810489342,1.84721836678332,0.51161928713618,-0.0701868886215633,0.914998002097092,-0.796675878887862,0.529417240968629,0.763629774834862,-0.237344148027015,0.697195392344098,0.9122500408658,0.70511031915393,0.349734800515101,-0.654966560807913,2.51571441628909,-0.419939237773022
0.599768542272204,-0.908445101564362,-0.73995380723606,0.705117240644634,0.836657493328627,-1.10758276900062,-0.136755564118238,0.638395594232694,-1.43464728994174,-1.33432180132857,-1.46015814046824,-2.0843583348767,0.508559468435132,0.0839719834138615,-1.00095990106803,-1.69183810243087,0.627125808894091,-0.546475107799676
0.672300934313104,0.582435695151131,-1.42436294390876,-1.33331854811574,-0.725381597853974,0.576447730015264,1.14673459352852,-0.867659851925187,2.16947178720305,0.430028755928097,0.751763280216281,2.07254854689543,3.47000849033062,1.0691348564472,-1.6218678632717,1.03430758982757,-0.129276179523496,0.653015904244945
0.0457814904106157,1.21982536170358,0.7162451546022,0.853293908640021,1.33654518721202,1.13100199917392,-0.105511261286944,1.34476306123261,1.08235998415847,0.856236706717224,0.336788288727371,1.80522378166593,-0.192905801689504,1.21114422407364,1.45434482494601,0.652410369843365,0.798178785523732,1.31469581163324
0.652205612893349,0.865859737855335,0.560174735760141,-0.29551077513158,0.721303830172827,0.445241429463355,0.297712735911,0.511556099829095,-0.0118125938861028,0.071496261034997,1.51023932113368,0.807844545967268,-0.64430347462951,1.491670436245,0.618626089683791,-0.138608765367037,1.63516853782598,0.200591018311814
0.881678278199267,-0.575704394272536,-1.69708874224869,1.08863662393334,-0.354357382912318,-0.639507346801648,0.692678862314453,0.872288406615111,-0.781672269627878,0.386459094664408,-0.269320618217916,1.67167880146316,-0.693961936654481,-0.936919817273723,1.04180775627111,0.189362151735411,0.667721440220786,-0.6430602417717
0.293297038448635,0.509445693808507,-0.195881669737517,-0.65898990123676,-1.87069772979646,-0.677922975873552,0.564110875242872,-0.366697189869595,0.249255279652325,-0.307635201306389,-1.33418319768445,-0.697858597786521,1.18445616532435,-1.16190694897598,-1.04568229901412,-0.642271508179406,0.0545175856687696,-0.880611537394682
-0.678781985319238,0.409982662012492,-0.382798351147898,1.4190951176261,1.71614643791541,0.361988045896397,-0.121811361310628,-0.274047222316622,-0.382368569470979,0.522545222092097,0.880294748678549,-0.448726890838996,0.0725169166630047,0.380693785679743,0.985441469213362,0.470902625022928,-0.132641234495868,0.852591912155514
-0.340667317451409,-0.148823306715334,0.644305383212989,-0.493762282306916,-0.488158413500882,0.059489229455548,0.282596611109857,2.0773293377762,-0.874393526604745,-0.514935300424905,-0.537892509385443,0.243458485531232,0.0668043602050424,1.271435455,-1.22271686694594,0.914445250518176,-0.549830791345668,-0.406778925624637
-0.0644401010453609,0.0814559441882673,1.09050348531914,0.773413381429313,0.0499117581991794,0.205314633225005,0.495110556255492,0.234053732025022,0.299768752848318,0.710616632172243,-0.481679724273951,0.40272417095028,-1.38705095052349,-0.609958861032746,1.10101110956201,-0.587945607175249,-0.273418013223453,1.2745804343727
0.78650324133844,0.340903275200972,2.18969507760228,-1.04088458324504,-0.00136634198503351,1.9062859132691,1.18976480428466,1.20032060118756,-0.0480500476261696,1.43562596386849,0.972191249587262,0.451571733200261,0.946923571447884,-0.127486176880921,1.37678072979318,1.50587610257914,-0.567491961442585,1.86912012735057
-0.486934300625754,0.746836899030614,2.58453557898749,0.129919043402353,1.16409551545069,1.04612802684628,-0.48602443591974,0.953399371713067,0.559950007024951,1.72505997805137,0.922736603257314,2.05613714884559,1.56461707255702,-0.254337736938095,2.01353264886847,0.491052606371557,0.520431917587619,1.98879889012972
0.871652802780935,0.538833717748009,1.53849238798084,0.184947583306317,0.836108872256412,-0.0203238182899477,0.272760481200375,0.527068167195063,1.33885263327836,0.754778266976537,-0.0849222512357507,-0.629838044226373,0.752714478504657,1.02815660072104,-0.0637090804749829,1.04374042112362,0.107428077584988,0.700889333427002
0.767917105660143,1.86490222500447,0.659627949498736,0.414372929027543,0.251897876056456,0.31341432743173,1.01220625187625,0.818772147068332,0.846250566851082,-0.0514634492810301,1.44973933648417,2.1377984525493,-0.497405646185469,1.81012166542946,0.271918409692624,1.06579265466272,0.816009253446338,0.614923444592379
1.20735222732027,0.544074158959679,1.13905864853116,-0.0148590255201437,-0.0912600739725212,1.13565843875695,0.321335063695575,0.687087678072332,2.01810654424699,0.831774894029697,0.424004046504642,0.210099452431667,-0.719594463938815,0.847638934666704,2.19655547078091,1.61853087338826,1.08476329873416,0.155335277051188
1.7431533287262,0.56042405191064,1.32007006282312,0.939577126540293,2.88380000665595,0.7041784379174,1.50107973064686,1.98347308290172,2.12376013144265,2.18179084647951,1.38613736754439,1.36130490261319,2.09430517598547,1.87688263396095,2.28180972877729,1.64574044291172,2.0782032100765,2.03210403043344
0.33330226007161,0.925810430817747,1.49609397869289,-0.222372234233388,0.397840488014231,-1.16662091960218,-0.851437443228198,-2.06808009646473,0.769502263049448,0.372656313612554,0.142181080033727,-0.722959240265772,-1.01603200187307,-0.150683712303801,0.868080528156737,0.123191481605266,0.719103278140245,-0.822773591458564
1.242689286747,0.698083095632581,1.57143145371946,0.798271482839394,0.00728765631762128,0.172899137080217,-0.540966563813474,-0.163773614988877,-0.797816120826465,-0.278291639048417,0.357409243548943,0.42809851608889,-0.460322889980522,0.673471802902229,0.573080523601196,-0.518736270725942,1.01729212367458,0.273816265671412
1.11351407033634,0.883440731903945,-0.038225628589356,-0.273000984446035,1.15166085146377,-0.235316896829168,-0.346097110979677,0.736633748820717,1.08338985294742,-0.328206505115389,-0.583039529704961,1.12835906754257,-0.143668545503674,0.705437409230209,0.405908280940916,0.71476178413011,0.608931215278106,-0.160218902224472
1.35918768010402,0.498621701026244,-0.651556238239479,0.856499927190594,0.365548145838849,0.744547725079434,0.17680428544363,-0.420032914382684,0.401753973683726,1.5546992845425,-0.425137390727575,-1.30405052187304,2.97254188178236,-0.407554774266981,-0.260885633963617,1.29459691335339,0.500232216475052,-0.29121560097393
0.121609545547546,-0.391907483707339,0.561722630611921,1.21913086209115,-0.808003463540477,-0.0257211173450243,0.372761075113979,1.42913430079285,-0.998349498866284,-0.559313713111399,0.192113211274036,-0.0446626113928972,0.734480782754026,0.351698118776997,-0.527480161396945,0.721024047418109,-0.421062022551551,-0.034090987226069
-1.05602910650941,-0.818016750801996,0.56268426270184,-0.0593278051252701,-0.042090037808172,-0.481763669774657,1.51361600182921,0.722381359265438,0.443397736047514,-0.427959603456497,-0.617223829274638,-1.04694715240188,0.537385138075392,0.297685719628526,-1.32713247338554,0.438731266978361,-0.753554545998257,-0.339156634350394
-0.750786841583275,-2.42267283031457,-2.45108175867089,0.904977071718499,0.696959005165149,0.275255966883133,-1.6434534372537,-0.127808831846924,-1.38366431767123,-0.251673278268082,0.185101613123743,-0.828439778566428,1.48430561348475,-0.682256347751244,-1.09855899565561,-0.909963746218043,0.242505265366933,-1.15544996511468
0.44465956665873,1.3904409979388,0.559996519685726,0.577151060928221,0.088501982961946,0.828300116799232,1.97501374463596,-0.328789938103068,-0.208518113237092,0.287552765743449,1.19626330476582,1.12874397827121,0.907949552800808,0.552453532920363,0.372976452254852,0.865188113846265,0.36183882689648,0.910740262958011
-0.12967568602705,0.636628034898749,-0.29333409493079,-0.531023453041852,0.212208762101025,0.0574593464884354,-0.180439476106472,-0.325171769528994,-0.318416474269558,-0.701504049447685,0.521008826135246,0.0844339815191189,0.572956021390041,0.613630490071667,-0.438986033793689,-0.0149245031882647,-0.396636221430542,0.38371512594008
-1.09315002412473,-0.815683159140352,-0.411000831655729,-1.16332525519574,-1.99356619301917,-0.366181017408409,0.868493395150753,-0.5728112645908,0.107298221700936,-0.615224641120974,-0.585252796155835,-0.403997782435553,-0.748540865025812,-1.06533844861516,-0.355413921245807,-0.430211285642552,-0.351668629288457,-1.18346845584704
-0.666347406051053,0.517480414860834,-0.979419708174009,-0.604284028843656,-1.19673129574105,0.551044907676615,0.792336010660502,0.530942033600863,-0.946627444400946,-0.670327981998922,-0.140872179484101,-1.00613158371281,1.16683659460619,-0.888727381346628,-0.51694370666847,-0.766129586106997,0.591803779611147,-0.950454981039087
0.0670766225289973,0.210489438546306,-0.186591151863889,-0.143759302144842,0.588906708311802,-0.112744043229549,1.23264419964683,0.648655254174288,0.957072154667971,-0.191653070783274,-0.0432482530320814,0.613764917770676,-0.688494849128205,0.540671061467086,0.971436223971728,0.0570422399926207,0.34535297973475,0.605750542784397
-1.25603083901441,-1.696990438219,-0.971149141630603,0.36432322963237,-0.556547604288656,0.152759602175543,0.672270859537532,-0.405799816104548,-0.417428348712761,-1.04728718277925,0.776172820324856,-0.491591765366153,-0.467058235330311,0.0643004889073181,-0.83283400302438,-0.323166060035184,0.253010379109339,-1.36363108998463
-1.49837385837615,-2.10831743336151,-1.60210829659656,-2.24653159861541,-1.85527680013434,-0.326072246982858,-1.05400312713307,-0.6759616516609,-0.9442290284548,-1.05890539263643,-1.88671653372063,-0.937695940558572,-1.17643002182015,-2.00134457087202,-1.23185758784393,-1.11314070930597,-0.836633467278889,-2.35269856723917
-0.0289995087804658,-0.208549384698874,-1.30714236329182,-1.5136993310862,-1.06999922485301,-1.46450519019668,-0.0960386491240326,-0.90478084768722,-0.703474334964304,-0.0807092132982345,-1.99819420938561,0.538024483125454,0.63173988702685,-1.30553658532966,-1.38004299073434,-0.886249355981051,-1.6530775794729,0.00547268041642912
0.969063293215068,-0.452104787706122,-0.0315157966404206,-1.63270823906937,-0.618189256009362,-0.625911023220593,-1.46354235262569,0.318834639300917,-0.641583917202692,-1.19829264608235,-0.432872005378373,0.501341407789907,-1.02238625645297,-0.406142729251695,-0.834241960034404,-0.590192783605782,-1.32540918085946,0.149622502901154
2.76808094746007,1.34807579119477,2.1429645787665,1.65631514800924,-1.77291278767723,-1.8894222948051,0.950186474444686,1.000064928157,0.609918637618985,0.683107429521085,1.11022545192658,-0.497126144207509,0.383729087624656,0.386684037963043,0.695142332946799,2.02899767033151,0.196584246967736,0.106956439112117
0.187839355045915,-0.0982081937917115,-0.284160629920613,-0.527430766904551,-1.68327141386881,-0.726612158830208,0.713703393365997,-1.59792123035055,-0.914445053961369,-1.03055814020881,-1.32040044483452,0.666972711945065,0.771105143916764,-0.0301613815443136,-2.06738046528584,-0.144614578132949,-0.146203060665229,-1.72120674490577
1.39052389508005,2.70243367400849,1.05877570185762,0.345742818571371,-0.590100300376393,-0.258101213846733,1.9541933850599,0.35958571706067,1.3507456081957,1.31157336441106,1.40422634053271,-0.202241213632714,-0.0695083695874978,1.81034612569116,1.23947177283389,0.782430234886153,0.8245960170789,1.68198198319519
0.0102131516429712,-0.118876637691939,-0.443206936744546,-0.235723129200222,1.21513343239095,0.980931376864704,2.36054886079765,-0.187745476833261,1.6139942589212,1.10633151021004,0.168074804073078,-0.253127377971388,0.488672789606059,-0.503921982149555,1.87521579960965,-1.40464184636692,1.7899106407433,1.3067527799898
-1.68531895742719,-1.01595758533632,-1.33987850755069,0.589485512180211,-0.549587544973171,1.12419962239773,-0.78364113034948,1.23078145039164,-0.63137567491867,-0.790162017197947,0.115268911160612,0.614133177678783,-0.0353557105746878,0.553806226621185,-1.08878715108135,-0.901709122014016,-0.597967363977611,0.45750541170588
-0.108695730339836,0.188687391221716,-0.373750773833177,-0.342227635609992,-0.710602582677455,-1.16656162895222,-1.67746659099409,-0.820877675909145,-0.325492192551553,-1.05906154219175,-0.35224586946769,-0.935031685655955,-2.2494649563987,0.607461871349331,-0.621727972576829,-0.264168121984748,-0.655941033992511,-1.05141320460233
-1.11937654713952,-0.689713608298535,-0.319245678465846,1.5885647966371,1.34693709124007,0.0231247794965022,-0.504465828315802,-1.7321126795348,0.628212751250208,-0.132249757312917,0.474565220516776,-1.15272549068645,-0.441467114920578,-0.690096633561463,0.649123007927904,0.0716650626385783,0.891516229411159,-1.43475420041292
0.979478272053583,0.268116885562028,1.42793532141016,0.778336225290826,1.40918795227289,0.51773368105462,-0.128796913909232,0.619035022990701,0.640577086304413,0.14107526501549,0.823632332870351,2.19529305410966,0.304666386734765,1.58193665432503,0.0501263205173511,0.577048080222772,0.375425907942025,1.26545322414804
-1.57518694790691,-1.89611674878182,-2.46757382173777,-0.756359600355136,-2.63716288888396,-3.50431122356382,-2.51873170512466,-0.024613931710685,-2.66882391218971,-2.75886033310439,-2.30545198825755,-2.83233455771082,-1.20818063930659,-3.18579187377762,-2.40992340925657,-1.9856036212233,-2.30062256133342,-2.94339280796217
0.00313906029504922,0.599862546485817,-0.21595705827281,-1.73204759517576,-0.0723925463706275,0.230550661642696,0.664295188654843,1.39260488707106,0.134958096782311,-0.140287990765064,-0.368755825257606,-0.0618560672492669,0.117724711634813,-0.147476011852515,0.398770320031721,0.290347660892345,0.990020542483791,-0.863238523968518
0.0247947731729004,-1.03475491807091,0.802264450652028,1.27234671256053,1.58815121332913,0.398525543951199,-0.0910845342499993,0.0884632538370501,-1.36923828836336,-0.940040098506938,-0.12797732819005,0.229786229328907,0.0792280168152752,0.168334201824546,-0.161285250580424,-0.227726581964154,1.2094444784372,-1.09631071595642
-0.703348463547692,-0.723080090174114,-2.03662334583646,-1.86032939866231,-0.414575811160405,0.00894205560242145,-0.818583731621601,-2.1317772969684,-1.62882740253258,-1.04735306131147,-1.85051216816776,-0.189482603373877,-1.14572162174488,-0.73397982955977,-1.66661177366671,-0.924298292705677,-0.717237797883276,-2.098590524765
0.437361564166519,-0.630506836737907,0.447571067406239,0.408944990845356,1.96618146267863,-0.162142548662347,-1.07322064825761,-0.250780740137318,0.300497707876756,-0.0311419348016187,0.750917915557809,-0.360736287051333,0.611345619830537,1.92028904241145,-1.43751657973149,0.685028299229175,1.01357606120946,-1.03147647406002
-0.950743406104818,-1.10687545404161,-1.16578849515547,1.3786595121593,-0.79702514388799,-0.869780358908029,-1.17448309942726,-0.764855987032139,-0.720525774005497,-1.093838255928,-1.25913118352646,-0.973092770282202,-0.879842411438914,-1.48784756687571,-0.322837376684769,-1.8752386054032,0.1624145496374,-1.20495588871289
-1.32787809679875,-0.301193548668688,-2.20807833258913,-0.497938646399645,-1.23499187741672,0.735905366465193,-0.213484987759115,-1.27581094282851,-0.432309141672397,-0.435708709174667,-0.0307463978828742,-0.597401047843924,-1.29463765767337,-1.24973624436077,-0.277732694555046,0.546478400048376,-2.34242695106759,-0.119108631225512
-0.798504837285458,0.258664244602311,-0.833184173137519,-0.093425741591699,1.20270634304458,0.421649818230487,-0.735332001089066,0.303427193552148,-0.135424534873165,-0.186893466102413,-0.801579204100613,-1.19016550012578,-0.631540075837174,0.481003883450331,-0.131914801477052,-0.155755446266529,-0.904779414503827,0.620667019390194
2.23587743173588,0.676250251693756,-0.589285904646677,-0.309116367876815,-0.735151738037275,1.93953964254247,1.44207236465551,1.14263989705129,-0.779355760543397,1.13375294657109,0.905686221108736,0.785437234239021,2.4899513080044,-0.120032584869235,0.530910700962388,0.689912237130734,2.3037951080575,-0.254657295525954
0.920107556233675,0.659608246193845,-0.443149443037274,0.244433489035422,-0.903218630864474,1.31173733246103,0.887198002898941,0.553136288711553,-0.642972920292435,1.34533591196811,1.2864945613864,1.51857084090453,0.00235479710545283,-0.658197944766725,1.99760070730049,1.06333178953355,0.54607288898864,0.665272451177104
1.01681522541167,0.820829777448222,-0.255241835433179,-0.204771572908825,-0.889556608616829,0.502190653485302,-0.675709009361852,-0.341454757413012,-0.112555630393981,0.294566515613074,0.616948804116391,0.591674397407828,-0.41535506570166,-0.0731363452689937,0.460511672464742,0.758427369329984,-0.190564231074602,0.0114929619706216
-0.613318784150054,0.00092403682270716,-1.12156761923135,1.73664323265128,-1.16196138520293,0.164359959977793,-1.75696171427404,0.781614256384106,-0.382785624168886,0.69425486547713,-1.31670559993713,-0.74616680448319,-0.865693139325628,0.447438675222202,-0.289840105073708,-1.93884272183279,1.31820552236736,-0.566939919145633
1.82345619983314,0.782577363472359,1.53707197848912,1.96674642069537,2.0260840718546,0.616826648492998,2.33210411094434,0.71826439699285,1.58336434191751,1.72559521018002,1.94553597665526,1.22141025078716,1.73791454770454,2.53609077700303,0.68207618698879,3.28340967495052,0.241062623994266,1.79848069981581
0.129881654038089,-0.369193310959448,-0.157742302921858,-1.29355068387291,-0.0405512978114456,-0.227576729288668,-0.0941082286729867,1.62377355752414,-0.184669170523402,-0.289164399877402,0.184265482170977,0.310474449418881,0.439649016435915,0.233258561357788,-0.0617764260106846,0.472449583170619,-0.811121332678015,0.409669517019986
1.23690748842519,1.02418551227547,0.825679609659715,-0.0199641739827881,-0.779644387906312,-0.132003287100072,0.775037520146832,1.25782929380088,1.1828786164716,0.309651390659352,0.942453594215137,0.393717229414515,1.11334763200442,0.685867777611176,0.215315385922606,1.36531881682536,-0.559685986813605,1.38436234979751
0.812940710094169,1.76471817064359,1.06315672273168,-0.145281302880139,0.146835012513343,-0.577177019910106,1.53279583203886,1.43034934303692,1.06810170022993,1.92150112820032,1.02742897597734,0.324019508416693,-0.590646656993743,0.777978067191818,2.2746690401597,1.7841844357467,0.661213896770584,1.0209761175866
-0.237354112554098,0.414502754166657,0.744756316392698,-0.732508427611117,-0.136997488348017,0.573304637103652,-0.702899008119731,0.928660183965078,0.837495498714792,0.7210908666647,0.107677222715256,0.249977706400072,-0.0698900618083077,-0.0505808973208166,0.552620319654571,0.175800833018925,-0.0987915358015314,0.642259079998668
-0.262034141837191,-0.951956507516748,-0.599634016330426,-0.400219962117844,-1.44878022419606,0.212492786636473,-1.87412116850259,0.233333134224662,-1.18598907217837,-1.11884916704779,0.506874607031554,-0.358641781131717,-0.189207089570667,-0.60775350295022,-1.37284587988802,-1.6626798841361,0.29352823513445,-0.921686293923169
-1.79360912820967,-1.81482765358752,-0.790090112215582,-0.657195248102423,-0.307125985337964,-0.717763952254662,0.0809412791432186,-0.375925496992731,-0.331315269822449,-0.901450895763139,-1.05559671653314,-0.571265437244148,-0.248333323869654,-2.19024264996516,-0.300668161728227,-1.89876648640882,-0.271665892647885,-1.00516761679286
-1.09538102685043,-0.164771905019701,-0.353415629815876,-0.328103561411296,-0.294969393741408,0.305348685539842,-0.461412002788919,-0.486214362133005,1.11551668243805,-0.189379445968567,-0.0252097918017632,0.0329272859696467,-0.161488547802605,0.234503985545177,-0.613906526703812,0.914317572502127,-2.09405216745289,0.909952774958255
-0.617689848397421,-0.500229480322178,0.044270401238614,1.37406765032684,-1.71462906024168,-1.17192328714173,0.44144632358663,1.12367737768236,0.285714177189907,-0.368551717746694,0.343946662370283,-0.162009072824802,-0.0638423324248279,-0.777349848320627,0.512842624943635,-1.07568508800091,-0.0390362841467355,0.442861600642906
0.22871264308318,-0.686277553432203,-0.0604214320332482,0.714865671665295,-0.931492237010353,-0.758442902754549,0.414308658659186,1.06870183090917,-0.149800937437191,0.399822510651519,-0.705883765811117,0.965697535152158,-0.763991074708687,0.0829197357056973,0.186007464926564,-1.0887875562554,-0.355487894415055,1.17626325314515
1.97451153360045,0.276181167640123,0.595955168717206,-0.231730150752763,-0.526073951254564,0.349174681647919,1.08704657663923,0.584173437128029,0.0889172699965103,1.09299035993396,0.31617648882016,0.298862477679514,-0.492924735474187,1.20489868664512,0.349693043534574,0.105068477181696,-0.512492073601057,2.12948510461548
-0.683140685647735,-0.250899778390193,1.7049325389475,-0.443272448482811,0.8923017606115,1.69149045152238,0.720832178569126,1.84605924938307,-0.316494885314409,0.0490448407079556,1.45895156750322,-0.40184522685907,1.32942319883906,1.12156960002029,-0.00825309660089525,0.877776614669148,0.769109618102728,0.228856395124094
0.296149201874724,-1.2209956407935,-1.57612532377836,-1.08023582341823,-0.276010213146587,-0.0658852967606543,0.176749172259995,-1.98573280465657,-0.683794512473957,-0.816616933974659,-0.776771981750866,-1.18367545945373,-1.09390896173147,-0.313721165995302,-1.36180340082964,-1.80979080756364,0.148449145288984,-1.1592226377569
