"ComputationTime"
2421.59600000001
