"Fitness"
9022.98976100835
