"Fitness"
8788.48375085192
