"ComputationTime"
3048.40700000001
