"Fitness"
9262.0156149151
