"Fitness"
9732.73601923087
