"Fitness"
9345.36928518247
