"Fitness"
9744.7258726104
