"ComputationTime"
3857.82
