"ComputationTime"
162.644
