"Fitness"
8803.20017515563
