"y1","y2","y3","y4","y5","y6","y7","y8","y9","y10","y11","y12","y13","y14","y15","y16","y17","y18"
0.547833453919556,0.889849378178305,-1.53620068859789,0.346992932435768,-0.898612125402562,0.29708571316025,0.182662810671397,-0.0151219375551282,-0.547655385038228,1.11460679694285,-0.357680250276747,1.2661886477682,0.956187475037602,1.18919492180251,-0.0464910518304077,-0.540590640717195,0.0860699217413094,-1.18110029699456
1.4333017627225,0.222796909279609,0.495529209829011,0.980910785964313,0.327343062370549,1.51492494844154,-0.369543123256088,0.157404788926786,1.4329484312543,0.353853646715119,0.460390899832145,1.70633623468269,0.298113174969763,0.597256110178849,-0.6266428270182,-0.127158197020516,0.820664564546457,0.214256223624512
0.815751467037477,-1.37024110714504,-0.650915957627851,0.151509251380385,0.463932149677338,1.28203846758102,0.0455782243970773,-1.28776276408981,0.444935969773643,0.489701566025822,0.93420918306389,0.910580863189833,0.118126456314808,-0.0671775558715867,0.917406042032953,-0.338783230440193,2.04846457908277,0.775278179977103
1.3000585795704,1.27280827698007,1.29810200833107,-0.15636105621699,1.01106538676575,0.215949445606984,0.344860881358151,0.417756619777579,0.146872720707613,1.16684426200621,-0.027304383121251,0.218346908294487,-0.219983731034875,-0.00330200976660093,0.66225600120458,1.10170435924014,0.35812608533241,0.807687671332871
0.742075132614242,0.190856533168595,1.53428916320685,-0.898360335954871,2.02751663646581,0.968220264049649,-0.434099943063738,0.715836920942965,0.233409139707916,0.687920191103706,-0.687561016963645,1.15331424400846,-2.0343292145609,0.432360481683883,0.232952898854865,-0.569896398350086,-0.241942112707911,-0.750915710650741
-1.81348779295312,-1.52531713604468,-0.99677678287331,0.0933988242712876,0.405468972675113,2.4617446096961,-0.948715581483248,-1.05204500192597,-0.632959791962434,0.473260648848612,-0.0612052986539635,-0.0173847762847858,2.41430369619279,1.57657905251177,0.417540865823247,0.929494701997975,2.15350909631798,0.80663088300691
-0.572667866970635,1.43825723097991,0.86161214122756,1.1687417075787,0.40614866349515,0.886763044107727,1.52924045395822,-0.602125373534929,1.87062332477051,1.18896852068228,2.74565862567747,0.858090667060391,0.721722690488894,0.640128318981628,0.0500551323735455,2.06062784489644,2.43772357817658,0.695544867602571
1.93670547394782,0.620586856012471,1.66837315196845,-0.307073120971713,0.996947842954786,1.35794781240078,0.570469668003285,0.684949971736557,-0.652881550810086,1.47783858194327,-0.197082611214181,0.39635434763417,-0.273542179365878,-0.720292598424018,0.381699233141319,0.043496610017986,-0.199186342706277,-0.265867329788067
0.0184893174764289,0.797195740049473,-0.643524945816286,0.404811642585989,-0.981402488499995,-0.31051469669838,0.264738651774589,-0.306979612365847,0.286216559517269,-0.212896450711873,-0.167266573638514,-1.08531682230022,-0.179524130590513,-0.483317536497354,0.0294218892279012,-0.705598237321066,-0.532029828545804,0.651481213575292
-0.214012055814606,-1.30149177953369,1.30631544707276,-1.34300714315988,0.0735046944351667,-0.155919845109421,-1.11934791700369,-1.50647771484427,0.513859595331817,0.271300175174547,0.655447332564179,0.194098151171206,-2.65870805826875,0.00218991268229065,1.85044304648721,0.291463484195099,-0.71649564109793,0.500175150443622
-0.149944022630078,-3.07870311185234,-0.420706688363143,-0.570754138665989,-0.654939861856005,-0.751286111762927,0.453347288611651,-0.702329540652988,-0.397282441358176,-3.11737077670178,-0.526894858762788,-0.329398361423266,-1.80509331135865,-1.32023007640924,-1.39623871423699,-0.169877977617028,0.322792282332616,-0.339807042220764
-0.470218653674161,-1.08797336886543,-1.77404333750691,-0.75834835888806,-0.577440072193155,-0.201959662538164,-1.53211705408989,0.101542377596598,0.95657009562632,-1.00531594424081,-1.33714462092468,-0.714903605484098,0.787164683485843,-0.560257855038697,-1.33681256193748,0.730116173752379,0.539038967259043,0.679081321718084
0.450347332809077,-0.926504198252682,-2.15542134059332,0.18341869739912,-0.629227896528311,-0.0109215472500552,-0.757247084825273,-0.225362707970882,0.570921174948888,-1.03209050103148,-0.82081882029918,-0.368088836045188,-1.76108604531418,-1.60314513539286,-0.834198514301059,-0.256135741072739,0.0426213177091634,-0.27375769961637
-0.747601785981714,-1.93378373206938,-0.765647604291199,-0.616919226207507,0.123564350392837,-1.01394276337702,-0.465483512379794,-0.983173207609126,-1.39812532099193,-0.797957766570498,-0.395922787104182,-2.893921368296,-0.110657591934152,0.402726990999362,-1.24340571324413,0.4369804902183,-0.357019586560669,0.838852082592354
-1.13466125558218,-0.792215641582093,-0.613455180783745,0.876484732984094,-1.12592277049214,-1.71877034723948,0.822715144900112,-0.366279258545365,-0.0742166248950107,-1.17357749132494,0.113546579717301,-0.505852612778404,1.00573040283847,-0.285911748733017,0.595975895581915,1.42726292222333,0.920462919518065,0.534902884535867
0.948598064276574,0.639033465021756,1.46004070267441,2.02307033437199,1.39759050897569,0.962971637556316,1.51799625940251,0.857211947169504,1.55673090088491,2.24490531588002,0.597923367085073,1.58704553192095,-0.610902376272954,1.3712809470432,0.66466294536873,-0.956824515664576,0.207313289969148,1.00597093146951
-1.74707389872521,-1.56090488516533,-1.3011736344117,-1.53046561762224,-1.45875379413294,0.593886153216938,-2.47262768277324,0.505774962459099,-1.71885141110069,-2.32062032198954,-0.629720781938561,-0.462580862168894,-0.531464689868817,0.278984235646703,-0.0794744412251686,1.59590475046945,1.14332275878957,1.00214061788963
0.525061516239008,1.53028968670385,0.717059647131122,0.122440115526254,0.784149095215481,0.70552524068497,0.84316818136293,0.308576889777476,0.932112577133714,1.35379116505959,0.49231220309236,0.0271745986655233,0.731789222917345,0.348630081359561,0.636611284262329,0.742337147563413,2.42939849652176,0.875330038300578
-1.00799484440684,1.3951655342844,0.0832540055085598,0.366718473634069,1.83717443004067,-0.194090516191758,0.201983695792363,0.68871178175556,0.791836469539141,0.239219130262484,-0.790912805256863,-1.21730209756958,-0.347258356303793,0.000188035914108292,0.827417470084763,-0.224803627626728,-0.217790264678045,0.225402232541036
1.4720142104039,-0.0763314621753311,0.549894277775939,-1.24040569998988,0.813794390519236,1.0915777418031,0.255392537840621,-0.649108505406464,-0.479020634742777,1.91424299835601,-0.56269976955514,0.957161462054025,0.386932551406126,-0.334706225918307,2.21828288835868,-0.188765107947433,-0.694447072204464,-0.103829798147362
-0.549199453402483,-0.987383546350847,-1.26130839124327,0.655067260743716,0.075316311738696,-0.178367500718557,0.272012383072074,-0.368947459465104,1.18767969723302,0.178556593746541,0.491484680542346,0.90360735764578,0.0999944153797414,-1.68839210529776,-3.09503687822733,0.4722934463528,-1.9075994747905,-0.736513344353717
0.295626743355369,-0.238207741495,-0.882745851392896,-1.78975136923554,0.0377849707969862,1.93960074584274,-0.690064060051265,0.566931956020237,-0.606289938183833,0.18048953146776,0.288659103002593,0.552824146672701,-0.00110626404109439,0.335510895544493,0.831754425925421,-0.611419077128191,0.0326391324054059,0.853854724229016
-0.868927446615247,-0.139918265783248,0.0636304946587366,-0.919109043732107,-0.137709507521296,0.0202155760093477,-0.575878002670463,-0.468970035192416,-0.391571326360182,-0.892889375227022,0.064267532222858,0.278979168913234,-0.728448246677484,-1.08815815802141,-0.84653235911259,-0.650400777951221,-0.558413264121065,-1.4857213898894
-1.29607563059706,-1.14807240822786,-0.283192577174563,0.471047662018688,0.481344527377197,-0.0727241876385271,-0.475404092392539,-1.03210931538048,0.699182743331658,-0.271293227325911,-0.379764107172189,-0.202417114051704,1.03338232780887,-1.37795863283508,-1.83369497406636,-0.378294003525661,-0.49690841565026,-0.134492538223353
0.444866048898411,-0.0824174985155623,-0.180027900424847,0.521849755030575,1.2447900684683,0.0239543732621083,0.22976685226568,1.4040883777838,0.569805016811984,0.0327176614653097,0.370587513560567,1.16647365477122,0.41266261619359,-0.57325847349594,-0.19931469433228,-0.152854572479687,1.54236828662114,0.208199165296755
0.622807069570554,-0.55256556041719,1.00553047785103,1.3206378001886,-0.044327815143255,-0.55509426321358,0.393971352020537,0.110336472383993,-0.855627503954482,1.13860491193,-0.155370166370547,-0.367476104929636,1.22700360051029,0.325322119892134,-0.69524004097116,0.112731067950909,-1.03718106227403,0.658126710301076
0.758046311292464,-0.229714282913588,-0.00206691475175204,-0.393032767382966,-0.54819310040518,0.739992548793183,0.610198517207591,1.26725568421792,-0.066454060159119,0.902044981194411,0.534779584618055,-0.280067750605628,0.104370318869194,0.126648851415187,0.95828107362059,-1.43702706684336,1.55425169060843,-0.759809792576211
0.587667578430932,0.613372695723665,-0.0664645377751835,0.0663855832821561,0.989584438219176,0.179889229345401,0.336256767365568,0.889761468901444,0.892981350720589,1.18185603540804,0.331232844022019,-0.057742054524924,-0.0223812048031844,-0.64418721797391,0.391765485260002,0.0187272236742262,-1.55067766370264,-2.43971776049564
0.182225740086758,0.211906602740243,-1.02799321912389,1.12720612056385,1.27235244239676,-1.37821546865277,-0.984841327970702,-0.402351719216331,-0.610169132869734,-0.431926570920067,-0.396460588642285,1.0199870996398,-1.36029118019174,-0.843613379419602,-0.55364496192777,-0.945261290594716,-0.813666323836925,-1.54918253810684
-0.452173090937471,-0.651370443392816,-0.248997798678966,0.882318710377147,-0.506231209906257,-1.1417650658204,-1.09960436294358,-0.431009245185287,-1.6493256647418,-1.485654645562,-0.638469386083066,-1.88744598614048,-1.68006444238984,-0.638232138955254,-1.10030413597156,-0.189674941579645,-0.334785290750665,-0.790562138994012
0.122501252035587,1.15511144062488,0.753250655883205,-0.33480621739736,2.28195536079893,0.209452629713834,-1.06463213684599,0.432759486484818,-0.0646346685555523,0.766962002986317,0.519374759423187,-0.187647819148475,0.561706021470676,-1.99507035112845,0.244399470519425,-0.15708063849416,-2.28627440628517,0.802069909705164
-0.227284008831649,-1.94316134754247,-1.42741497466621,0.283275767260772,0.512458757067746,0.794243758097668,-0.848581741603462,-1.54186989298162,0.79175094518761,-1.42615431529698,-0.0908737685256301,-1.75960181927941,-0.383417830877098,-0.490837817199693,-1.09581197689202,-1.20015548295668,-2.31371388055118,-0.0520434726724279
-0.297204883670337,0.99997182921459,-0.527583450748277,-0.225714493800422,-1.31122206385485,-0.0474532894373064,-1.10460949541993,-0.592749570575996,0.289570745377926,-0.0864238542391456,0.261942487836372,0.774091873315213,-1.21101455768906,-1.18584688256978,0.945288015780005,-0.933823429365877,0.37428049285404,1.41638343654488
-0.346905578591186,-1.22627702422982,1.00075616563035,-1.75883750200625,0.101773237761389,-0.157149951070139,-1.78753443460872,-0.0465741341295951,-0.716695838072184,-0.550934744233957,-0.302137216904209,0.721348605650875,1.38851142713075,-0.437879493062789,-0.758064834369365,-0.860207221708482,-0.888204151518344,1.50102982509413
-0.179633424457072,-0.990216306763434,-0.920261521179948,-0.281323843393572,0.206017854718603,-0.619097218400578,-1.1360726734409,-0.723382220682726,-0.944723755101541,-0.421841901688232,-0.918877424929123,-1.66125775576545,-0.523132828917602,-0.14164003887969,-0.66156343251768,-0.7318061950827,-0.474283908454879,-0.285738741598535
0.553188214456042,0.542406667106952,0.599511630180296,0.00830083758225867,-0.164446411357551,-0.229389924767229,0.690347547570628,-0.170008039496209,-0.998899818844333,-0.121958368524341,-0.486829623201926,-0.802698011048875,-0.32493163420132,-0.292807525546765,-0.211140562011745,-0.345562335718425,-0.136259865950708,-0.468187584521022
-1.14071334068355,1.00804860288704,-0.282931999862688,-0.121984744491134,0.622093301728339,-0.556277789162578,0.192028171414513,0.402394237228398,-1.09178338081452,-2.3461387300153,-0.540827038308369,0.0634846463524906,-1.35135944089659,-1.92467005711529,-0.701781803991703,-0.585056232709456,0.0273559687240402,-1.17098557910771
0.0606119546829728,-0.302320834100114,-0.297644777144939,-1.45822016372046,-0.582290818405989,0.224921065544302,0.379551057525665,0.721097230059019,0.979452298118601,0.0460836141022289,0.0930910221505986,-0.426746871368086,-0.0710739174611236,0.222298647970665,0.282937957812977,-0.498621808874288,1.18485530472462,1.64763999879238
-0.730385587809315,0.766736670953691,-0.502289775433508,-0.684780365316911,-0.593939666547208,0.523422210413291,-1.12252458694315,-0.719694875480761,0.201873907719827,0.413688923821943,-0.280435356022534,0.655594166973269,-1.52554202823222,-0.965074346143076,1.70058459056747,-0.965450882304637,0.223965780812489,0.00628478481627076
-0.124959666576222,1.12622727476117,1.37723030067625,0.817773703060693,0.188575708290369,0.17421568942624,1.04582729066779,0.505579194844672,0.413001749130917,1.59781685857803,1.50331503469358,1.2684535518132,2.01391595687941,1.76564453993089,1.1543063418953,1.10939137841167,0.0655807071636055,0.543308313812542
1.09140645309302,1.34232577947919,1.79170727722836,-1.4400540095467,-0.485411186632597,-0.636835299161273,-0.44375021985607,-0.81523475664833,0.31869442883294,1.03652408126939,-0.638167782919414,0.606097028633747,0.290495808955046,-0.63286339756062,-0.32939491581285,0.714769435521132,-0.599278014561626,-1.83215316666044
-1.62129381586333,-1.77853928061173,-0.438093864919638,-0.532848393747869,0.563485054001596,-0.185684408027726,-2.84626655913867,-0.0806754830657544,-1.08274396457126,-1.52568867294126,-1.2696910621122,-0.89769705955803,-1.8678818995872,-0.203663314611004,-0.935914707654534,-0.519072905358947,0.497798063007013,-0.859888379003072
0.86598650006485,1.30859340030277,1.18180375873915,-1.04873074772164,-0.390741574233476,-1.25310065961129,-1.7835710029426,-0.399727041969121,0.929873118627012,-1.10007480451887,0.154107626720004,-0.213710854485421,-0.391926211907398,-1.04771934736262,-0.61787786101106,-0.0165071264711722,0.481993782283939,-0.46134534902387
0.835894544712672,-0.44472574856301,0.127195286437145,-1.76825432067501,-0.844390309306643,0.397936819860265,-0.264378894331674,-0.514470333631653,-0.575666474220431,0.229004288491887,-0.194629909624062,-0.980183720583607,0.853655860941735,1.16242496488941,-0.365880089794972,0.341631824988311,0.149686598234363,1.07529899396703
-1.0854307302507,1.00877039123361,0.676204283084347,-0.268521513098532,0.770954731904782,0.063910517072458,0.828979930471977,-0.944717685149783,0.336963290875109,-0.741713537790852,1.00680804715647,0.245190143361347,-0.535337851825345,0.368251540861264,-0.934675927703736,1.25254064406866,1.3355296401056,-0.329101387750022
1.71735792949648,1.19362469476609,1.07364837799154,-2.36582336145168,0.0981336836116172,-0.163925112644156,-0.229347501218506,0.133403542664049,0.894575094087797,-0.660507467736906,0.219556238011748,0.985496050718783,-0.0174385956719891,0.445562478801484,-1.38884319211655,-1.77177430851812,-1.37558806751495,-0.639963910048435
0.47786887978972,1.02934934779545,-0.240793746170034,0.264907019287697,0.652732776065653,-2.17519168304031,0.28853263239135,1.13597955758369,-0.97727875384172,-0.469806017415904,-0.480030139931307,-1.30717899808897,1.63701681248515,0.00209907088315239,-0.319587519106934,-0.718405189069454,0.747365143313105,-1.3095593896661
0.508127154969054,0.0918760625150093,2.68482972915498,-0.311820728287005,-1.46319257723379,1.77463399317998,0.602429955379319,0.482524204353259,1.00668260551531,0.210713248922812,1.13840431621261,0.263782023535834,0.92269862490371,1.48431196856122,0.405382856434803,1.26449423680223,0.848358582795973,1.85174964434177
-0.0749058226447703,1.90072843536761,0.469828921429187,-0.706385446573395,0.0324450623995194,1.95774734047988,0.81476969495328,1.50199038260928,1.34383222159306,1.42102585610688,1.53097497832727,1.16924113809508,0.0994352711544924,-1.02439703199609,0.249309575550923,-0.470913766046345,-0.63236854353686,0.631293529012077
-1.04461192516739,0.354232323819448,-0.587890978029282,-0.300013072721663,1.06699637562013,0.0286557711187383,0.107916825079563,0.0844072591859968,1.70221033246068,0.00155815619343416,0.625965451836542,0.353505036741739,-0.0660870340803949,2.34437636868996,1.27769598466588,0.444211140589703,1.74879990112356,-0.419251433189349
0.445916052858984,-1.06965330410174,0.934456781995619,-0.480536484360883,-1.27129893262891,-2.20286177290093,-0.536744012090667,-0.939384269429856,1.28175185863262,-1.71219710076128,-0.529093887644143,-1.36333743859009,-1.64488530769902,0.374639707514374,0.0705668469148747,1.13904410634534,0.265661876906803,1.12911328738871
-0.39604562706177,-0.565136506921753,0.128219519790005,-0.400358299365182,0.112272851475824,-0.537475187162499,-0.247572868106179,-0.789456306760792,-0.013074319926585,-0.945749660513309,-0.39876619086188,-0.594740076746364,0.794214850793904,-1.76513726525529,-0.733661640437633,-0.221769656130619,-0.0543681319269652,-1.57644212341608
1.61585035539502,0.97101028014856,1.59553009544538,0.790636883201383,0.737529297073833,-0.114032693967518,0.0301609711317591,-0.0242051536672967,0.286410764077294,-0.871763310168841,0.815036642576796,1.44663718006428,2.15758601753853,1.60996956439065,0.334347196690951,-0.216498554743348,1.84879128719642,0.284959649630525
0.752121800105077,0.635526599954142,1.39867810146521,-0.125779739896364,0.470823918558629,0.399991798819319,-0.0897406677932457,0.0841523140189447,-0.558502203989987,0.328488590436178,-0.512169163569827,0.695643944400931,0.751247711457475,-0.80483626821845,-0.937121532706031,0.427487568518329,0.337013440707702,-0.336114550391894
1.15075756739935,-0.669958677106577,1.91381869853388,-0.567741038780688,0.159396636061738,-2.06321954563894,-0.621469621870369,-0.738408801498673,-0.540465725636441,-2.20705439319715,-0.534925431261821,-0.648226713054225,0.250989226435604,0.226436155036618,0.0653996234455238,0.768018972551844,-0.194933191124339,-1.17748335192167
-0.769031427311523,-1.06737872000204,-0.261677546782877,-0.607766381838188,0.372503000739015,1.87079174785696,-2.02096115206888,0.404346721522918,0.0692952280750425,-0.335428628118837,0.728465596449722,-0.644389829522671,-0.455199756582525,0.752819493236045,0.614318615292138,0.0924746337231738,1.14892492269894,0.381319655778399
-0.325192776634462,-0.265906216622186,-1.3056393600129,-0.303508488325294,0.657928366346894,-0.322388577223859,0.401694301914994,-0.761118580351499,-0.164117483880379,0.636842704074823,-1.36483932882587,0.374666023437685,0.0642172305528236,-0.922084507169655,0.0239075477038543,2.16446754207338,0.933680883476329,1.72454606162124
0.22841509263297,-1.51858541491218,-0.176802721419777,0.076349571952184,1.19115034893468,-1.18136202444433,-1.06962540107108,-0.42456002567229,-0.742556624624981,-0.659025586933147,-0.119765681002808,0.429384340337066,-1.88139337778008,1.08348285744434,1.21610567124245,1.34669062354742,1.13708811334392,-0.121976670172156
0.509805309487364,0.905323514157275,-0.100082578539453,0.950943464787046,-0.569595411233938,-0.340170375496489,1.86115498242315,-0.981350886030685,-0.590021872226855,-0.0740440059860301,1.02022292317329,-0.292768695249676,-0.616636116926722,-0.592107776560146,-2.11045910076155,-0.728930023630638,0.188017341465453,-0.276639195681699
1.20162824712586,0.552119086396313,1.18159233090224,0.531159237379668,-1.96196961982278,-0.851136556040676,-2.09690638081148,-0.856729715962534,0.373980549202024,-0.248765082451687,0.282044594630236,-0.873334855995333,0.200202584941759,1.06950780979119,1.42904167531847,-0.624684942443171,0.903609433111849,0.0207766384166572
0.208120782239722,-0.0692924389730518,-0.223265541670084,-1.57897050411654,-0.231692484901319,1.1500262658899,-0.405823049972405,-1.31625969016485,-1.02383790830196,-0.373184255750616,0.65315254376888,-0.0134456766540873,-0.895612179696004,-0.607227414735055,-0.691378961797294,0.773003321008174,-1.05225105132951,0.640872481496056
0.517391591404721,0.351267897371927,-0.469961410944185,-2.0202404146157,0.21296851385854,0.705774860196174,-1.39698658074471,1.57028489927931,-1.30123325360857,-0.728815689459388,-0.606527186318547,-1.29112215200201,0.035071252538451,0.0305143682061996,1.78672329540532,1.09850097762326,1.58748280367115,0.0870107240233541
0.425854056762417,-0.81869069810885,-0.617694535032689,-1.07539746964532,-1.31255387176175,-0.271086299097364,-1.61749668716079,0.997193167424141,-0.625668837875288,0.138690671342301,0.727585328225281,-0.797711927149421,0.428442276549935,-1.96666753311782,1.15983763564928,0.110153318883768,0.545245994838798,-1.11089059515844
-0.842273049922476,0.218945254357621,-0.958033752245871,0.163597734627582,-1.00641922263946,-2.02229648788323,-2.16970235473069,-1.45454046620588,-0.212179591485577,0.977657930489962,-0.209345701587258,-0.372322706690033,0.391966630257047,0.0186795266651572,2.22873216398287,0.333960957290575,-0.471459929102741,-0.374951813789605
0.0378669064673973,2.47860775979392,0.84869168555605,-0.0350690569116766,1.47867430832326,1.57129094552925,2.88554606221821,0.217851665083066,1.34960653031843,2.68595168330612,1.29734973058051,1.76477164776478,0.541543036420189,0.405329312927725,-0.73023897938989,0.757681988369434,-1.24419787006983,-0.819558831679024
-0.319679484367291,-0.295055625949113,-1.0571130106469,-1.75462514164394,0.00771454083307353,1.27052252724366,2.12316051929547,1.16261433125954,0.668152359081406,0.454845125165795,-0.615379815133424,0.439617653993879,-0.935545336201171,-0.168439526560475,0.750387162311085,0.99586026390794,0.874880351781569,0.767104533754917
1.0231485705809,-0.645484443482794,0.509593575754386,0.646879645169928,-0.0757151245915978,-0.0788980707854497,0.126269154438628,1.58536110572516,0.012113873672499,0.798941190201562,0.9662569188865,2.86324726924912,-0.281115083297233,0.136781780732131,0.267219308598065,1.15952462792541,1.94033674363495,-0.930320330455227
-0.622990320917075,-1.37944628216922,0.21453256387863,-0.274070133883795,0.272320810470423,-0.130165565673061,0.358982369361816,-0.420822074147633,-2.22631596970597,0.047248464628804,-0.0159509845044763,0.0144678280635085,0.35809720720252,-1.00334553581648,0.040667991199561,0.978960915533099,-0.605083205978393,-1.58657164272488
1.42840876415097,1.59131498818091,0.784663003356845,-0.172765236324087,-0.161947250699706,-1.04636533669846,-0.181286043730679,0.743124656816039,0.532753955457502,-0.0186583470326503,-0.458017530107364,-1.83163655568926,0.0226294445235367,-0.645703383357992,0.610809352827866,-0.613896631888644,-0.296485390838775,1.42231411545344
-0.0501631691225374,-0.667010052099079,0.600129628412456,0.225368065337241,-0.527295481466181,-1.29880548485644,-1.17086207049343,-2.56829775709796,2.52552753770187,-0.267624536617439,1.05960587462236,0.175767494064847,-0.182796517693497,0.402569508971276,-0.424031339331602,1.17937306833991,-0.691940735460173,0.597971200348348
0.295252335629399,1.53919193115733,0.561677395330819,0.303706724085037,0.637539716647343,0.426504041623381,1.26940559978266,0.0653858867497359,0.188529059513385,1.16127620304504,0.52355766117517,0.798614763976912,-1.60579710697076,-0.185580942139021,-0.945546155052053,-0.620048434440569,-0.847743057697629,-0.788862543627599
0.501634860724154,1.26131312221315,-0.183372603736393,-0.627929378508097,0.232468163955486,0.26160219857319,0.162202123351473,0.770237101252535,0.363979724970431,-0.59442920954892,0.985447331092728,-0.0994494394625554,-2.0244984778408,-1.93694812776141,0.0438759825356334,-1.6340040662089,-1.01307460891749,-0.860211172451376
-0.0342152802373344,-0.607123278708766,-0.397933119014465,1.15613541403195,0.559188382701703,-0.442029449748951,1.43275505770975,-0.263360659992009,-0.888977470809678,-0.571246346430251,-0.478407805524504,-1.10053580531044,-1.21193705977071,-1.23722846085866,-0.890171495099399,2.02787392160117,0.99003180787014,0.71953015287672
0.72996929512565,-0.362951276107121,0.399951735389033,-0.285948927271959,-0.249391908611099,0.344594691793612,-1.31063676194664,0.11739629366701,-0.725142800539271,0.0919154692225908,-1.43548881930366,-0.326921414089299,0.972890289263144,-0.650751384000067,0.471255561325758,-1.26046980932575,0.910662604061069,0.73366917550411
0.687970141218432,0.419868625060032,-0.427952939565149,0.510028324757083,0.967657486715419,-0.266896883662391,1.87628869045169,0.059171886101438,0.635663540006939,1.10958120520316,-0.100916685712691,-0.0276451353565957,0.207068631523244,0.155222955458639,0.0105079580653599,-0.968474534348007,1.65371666538162,1.44773118215426
0.862965948181515,1.80280077214461,0.927984478471839,0.73829990541657,0.00854624009207715,-0.850940092056591,-0.522818539996475,-0.951650579158665,-0.997230930608909,1.29729004967978,-1.00617180954379,-1.08089635215416,-1.8058147129138,-0.339114992860595,-1.29840315140528,-1.1449059321269,0.166086323578225,-0.902584703139838
-0.0952296497203094,0.607158935326656,0.55702893315237,-0.0593741263658891,2.12382496374707,0.709672603898234,0.744036712727624,0.1734125990683,1.28023042436987,0.442783772332641,1.45100936737994,0.820255986257323,0.396777795494011,0.208994699301704,-0.39396884704582,0.732806677601336,-1.85872811991598,0.839776409668515
0.497017436972436,1.42610472146877,-0.299315433918292,-2.00204662468444,-0.153645117417421,0.908695376605323,1.39929219761298,0.401224138870882,0.466290273648012,1.34899088400145,1.06048941265821,0.349773777847392,0.906518865732888,-0.430574912639672,-0.443583000791909,-0.201344713908861,-1.30657495854104,2.38392141149995
-0.193470506965977,-0.212404243280169,1.19730597709694,0.56823596859821,-0.0775877154940436,0.231218293367911,-0.326381766922461,0.0564240577661187,-0.402310041835467,0.820749426978443,0.113380051983644,0.173732075414337,0.0265976759832064,-0.0393856652457804,0.130908416632745,0.115862952540418,0.323249089861964,0.915337948411821
-0.790579730667982,-1.52432386184812,-0.376131652935725,0.421954514119139,0.956030595228594,1.3672539500897,-0.0274834018561119,-0.191372849720763,1.87127063103651,0.119776259471532,0.472622079678334,-1.2833625582743,-0.209322046984371,0.711413463538872,0.426187351348389,1.71091215875053,0.171016086843082,0.712084045759702
-0.763530269420015,0.18562859502933,-0.933672092679932,0.54973381656747,-0.349823710352293,-0.12459372021784,-0.381661806561411,-0.0672926803426191,-0.808476340882529,-1.03117372858549,-0.460754461815308,0.740746654922512,0.0859637472879042,0.369854220572877,-1.53601701580989,-2.83253892812951,-0.908959042319163,-1.28554134703796
0.566901375879843,-0.796191109356225,-0.487783570311331,-0.141470706567932,1.16610390820908,0.857398558955562,0.397297564393758,-0.903419590810952,-0.714643609518402,0.611314319553633,1.44824967608977,0.627428616273019,0.235067724322385,0.727289347282908,1.01557859630693,1.14433255454781,2.17088398221202,1.7159174669853
-0.402492112883625,0.959026752982241,0.11968989873407,0.0611708128696077,0.500760573194154,0.52849487429771,1.13329122906674,-0.816198646394963,0.515767033824437,0.714614084564241,-1.04612996320864,0.562649155202839,0.874391448584004,1.9905631323736,1.46944362683313,1.06958515624948,0.156396853710967,1.34251929353126
0.373748869428079,-0.787170332418904,1.28821618635094,1.15099626246645,-0.633628314986418,-0.309388637627522,1.23138748364806,-0.68119033322979,2.19335416330332,1.29794215300158,1.13897743683322,1.43018027864742,-0.962672210027304,0.144511643606525,1.458031879706,-1.12187924898315,-1.15648912457885,0.51934597994498
1.06010660508774,1.48112156889275,1.45027568312511,-0.275567785750628,0.0297727094773274,0.758043130621107,0.574211243163043,-1.29727647587622,1.32813924601135,0.428792002076865,0.380582755592129,0.947275849099758,-0.482932538259391,-0.421106680581293,-0.983986437262519,1.1707162949893,-0.189166676940324,-0.112996133567239
1.08245735600997,1.16441530922918,2.0000391591558,1.3679225990742,0.316229574128805,-0.606435488271701,0.438238674009788,0.0521407579305831,1.18648416081866,0.194992455858288,0.109471563110582,0.117601890453165,0.508820917756169,-0.18095099677603,-0.476782234973058,0.444376317421096,0.635464601707249,-0.282994531878216
-1.30018838789182,-0.306735711342906,0.441748281010234,-0.863000751672558,1.00853548294052,-0.121676493043516,1.09651884190382,0.683838441812015,0.649827633001489,0.65981742075033,0.153687795689205,0.27593185640324,-1.81602401501785,-1.07555306107071,-1.15202040950797,0.842308202087433,-0.58597106576139,1.05375406805013
0.790859824029587,0.848699875522575,0.260652890167836,0.191701021726202,1.2380252983323,-2.84362343424372,0.146992360129424,0.381264582920552,-0.0210714298761715,-0.534093610463869,1.01986304077696,-0.140701414327723,0.901903068937178,1.06130179546842,-0.368205973108783,0.481114476014621,1.60638041762331,1.49585710680323
0.048829572239505,0.454262967497075,0.849825008655392,1.00791660081731,-0.0908109205756419,-0.201746977423552,-0.912796870344703,0.580467917008778,-1.35496829043209,0.56400339981223,1.3879474518625,0.747132539719666,-0.115561600320207,-0.14591943364808,0.105740290994953,1.40939583335483,1.06233603066154,1.70808611360676
-0.60574656145337,-2.82274773262895,-1.30064849599044,0.0594015171956377,-0.0790552706087382,0.254467233656569,0.90419656794963,-2.59523875406505,-0.729602532708853,-1.09078469231363,-2.44548117065904,-0.514982749545828,0.290720855990267,-0.244732699336008,-0.758790086607965,-1.21223928583309,0.885303116948245,-0.213136846321355
0.0356875459836751,-1.16800598234586,0.257616389073316,0.959912154928723,-0.156500457061312,1.41070263805602,0.00424701870590274,1.03930649216023,0.689553030482536,1.40192396107582,0.743326267283308,1.63794156498565,-0.777819123597139,1.60272724793543,1.89856627858037,-0.342830855131959,0.0861718328109073,-1.21987036458181
-2.13433432668529,-1.36658632127507,-0.363702316617119,-0.421434612536071,-1.81010594493151,-0.483886626991279,-0.740230436607688,-2.06981250798945,-2.12817513058724,-1.05114628435002,-2.7953288583568,-1.28450600664102,-0.18248508086329,-2.6362723758861,-1.7282430252274,-2.0886177358049,-0.106178051160128,-0.602925689342618
-2.12732402941999,-1.0851643807235,-0.904815579490875,-0.627756033898606,-0.165448632968347,-1.49507777861818,-1.28211282838915,-1.36861668575239,-0.415708824568129,-0.685004329109496,-1.94278997041285,-0.393543646184332,-0.156587580587868,-0.901902731855814,-1.00900427833751,-0.702902827570782,-1.31157857246514,-0.697554375643573
0.973882447996056,2.04077299828103,2.6839308234608,-0.416464260263069,2.16639557634117,1.04127301447121,0.782841474500393,1.99564031582895,0.282549358696479,2.21048349418018,2.60324392560995,2.64358265191847,0.539471527748581,1.35816221626057,1.2355294889865,1.5939338334272,-1.14894705968146,0.61297797752041
1.14141072075993,0.255522275544436,-1.35403127456573,-0.155858987841542,0.327410976335146,-0.292567840073651,-1.14184820355668,-0.798268852815358,-0.122059497512035,0.342181653631373,0.332798398901565,1.81875277841898,0.110567528186961,0.302706667632007,1.3815317729175,1.34205974209743,0.997789568841764,0.908891909306158
-0.182268919203686,-1.35353302541311,-1.06965761761468,-1.15083155641309,0.463691038723041,1.20532518361493,-0.219507301169423,-0.127264072512306,1.0581063063537,0.0513173134472522,0.0198016217994526,-0.0797448213853453,-0.888061024589421,0.165510168939597,0.102039690790533,0.547407939087275,-0.30799177476778,0.118164443265884
1.29570819794882,0.788323602718723,1.53736097192428,0.727407127703149,0.407604006937574,1.25722384564127,3.11003425417729,1.05254214179065,1.73799228185358,1.3424140826092,0.00830488559350482,1.65221132212336,-0.00906004447185752,-0.0002386406441338,0.744183882496823,1.12427996895616,0.81451124039235,1.73562385176214
-0.0802649479733639,1.55545582637418,0.0919317943100543,0.377288311241326,0.947869883161005,0.291121680912534,0.428211117151069,1.25827884801616,0.618909793761697,-0.0116748436212407,1.25307237193845,0.982696025363142,0.841875528112289,-1.13962563966944,-0.712438450514079,0.494772460754709,-0.20087116191832,1.21737189457708
0.390699597718293,0.611218749957159,0.398687447970841,-0.291802400532964,0.346505051312576,0.173180451482509,1.94659323970422,1.94152721941479,-2.02201630462228,0.496711398825875,0.0717349663482562,-0.0410495241210093,-0.408590820388716,-0.349637300671147,1.46132275235478,1.27806984959548,0.376248569749813,0.399184873595307
-0.53907759269346,0.370610145021888,0.378314406911347,-0.641684060897671,-0.362815758269818,-1.86963373955348,-1.28898323089487,0.291476190762355,-0.285243494657952,0.0388383057926611,-1.10865038772844,-0.83441572956234,-0.511125981201627,-1.35140763309757,-1.37878473903282,0.179503569593491,0.0395405472922088,-0.651804574830023
0.121830139500847,-1.02326071982859,-1.68492972482126,-0.743910195915963,-2.13104015851155,0.662445458396302,-0.777503313015752,1.39657914548661,-0.931514171121602,-1.02102851531843,-0.280787083407978,-0.557813634202543,1.27286323925969,-1.00675343516393,-0.744082918363074,-0.210782324044309,-1.12286371363786,1.07754247659067
1.14887979067287,0.41984920785466,-0.0691742670178971,0.435614960992858,-0.390320105227767,-1.16384541461361,-1.49097588823951,1.27131981791044,0.057354559780988,0.0817056467058921,0.472733061862635,-0.133663966733993,0.306537338340935,0.221074299863016,-0.951752280951617,0.401560500646362,-2.15534712626165,0.380334507328399
-0.0899360944596774,0.572668910898186,0.146047230157758,-0.45777811856968,0.427077109936928,-0.317832370745708,0.262639209955065,-0.705812921180283,-0.59101023445344,-1.6562431996585,1.18273513524377,-0.616931438479915,-1.84653722085838,-0.00450073509499733,-0.33875509407199,-0.865688313283516,-1.02313246976069,-0.754674190485838
0.368467354009657,-0.321248870869091,0.14927086567361,0.433441167404572,0.849999337391207,0.990639260774804,0.163634214857917,-0.499650828826875,0.317565401115555,0.0276473107754135,1.02190971090408,0.103448846659402,0.12245773409383,1.99454992775833,0.066361686877046,-0.147297759211113,-0.376134391225781,0.644684241350438
-0.309116040461408,-0.419662510584259,-1.27445808747992,-0.692325816458138,0.896174845432229,0.466969003591456,-0.140489706230589,-1.18039310684999,0.413874662687599,0.492593030091756,-0.592566335591858,0.63688777497479,0.0258984609903684,0.491934651434282,-1.39876259367762,-0.767191489223794,0.210305252479503,-1.57786166216634
0.211411624567599,1.02398795320634,0.0358540594939204,0.311984052348242,0.270291638373269,1.3230221149495,-0.465596667761112,1.01972860631404,0.153745005133771,0.144300987193301,1.75449136429898,1.4826155167109,-0.534691792543698,-0.892207197987376,-0.506892937766435,-1.00241636485091,-0.239271866400656,0.102580392852679
-0.0407743041119678,0.00258398041905561,0.0597640237571222,-2.79593930269125,0.471713820766733,1.53801356778724,1.55510262083231,0.596904554924126,-0.0979715843918198,0.786150988430653,-0.619736191647299,-0.185757393584507,-0.749451513561204,-1.1955751970654,-1.67119594771575,-2.08330278468265,-0.273848564693074,-0.619453712629597
0.916099697031717,0.886794695476929,0.28885838340973,-0.436475723643493,0.514471869033534,-1.16094047042583,1.1477143244856,1.79982019404034,1.26495960020269,-0.504201297854022,0.345850071329436,-0.411769097887364,-0.790788653820272,0.031172595330384,0.1650214835501,-1.97582936363899,0.430186145553496,1.26671694699392
-0.767719477812376,-0.356809557102468,-1.00010481977298,1.4288317213583,-1.92935943357568,-1.52515768617676,-1.26717076655153,0.58507088565674,-0.711678885424379,0.231182687990055,0.0587960422764007,-0.305359392904735,0.854170870001495,0.72300230927174,-0.109615676283982,-0.868426148299632,0.0692033935827827,0.278639662113402
-0.484994762728316,-0.669638546663041,-1.03165593184385,0.023115552612234,0.715740552938626,-0.132103063957943,0.702036665974399,0.453953895970434,-1.05332383729769,-0.0695493031036493,-0.456969628661903,0.520570469904289,-0.587287899329499,-0.103556018588284,0.512229318594091,-0.0206734464010099,-0.914113791174431,0.434031728333353
0.893417719107421,0.29596467589421,-1.30025222284363,0.651415825516538,0.240923250195027,0.551224114284956,-0.286034726589033,0.248171257391179,0.850556987296348,0.610527093913642,0.947393195608441,-1.39183758997506,1.24839225071589,1.15630596121736,1.32536849223029,-0.930691677063138,0.372367897854913,-0.941492610415971
-1.9035142385738,-2.81257587729006,-3.01750632957441,-1.34567099139642,-1.89983490759316,-1.94856580975868,-2.78716973888023,-1.00013838521073,-1.85421645189369,-2.36078293231011,-2.18517717238425,-2.83769353813807,-0.112811597792793,-1.17512294861587,-0.983469555076269,-0.26696649105,-1.2087266951806,-0.969014831202999
-0.170831767483652,-1.63863644785776,-0.20331057936867,-0.229206166389814,-0.836218777229056,0.196693252055226,-0.0543311732586906,-1.30430759747232,-0.394966413189737,-1.9389812433023,-0.840261421080142,-0.694169698431977,-0.479349753432032,-1.69886898657813,-0.439958571176995,-0.787534380442806,-0.500132934946735,-0.33270030622338
0.772036630958889,0.261729052683236,0.0966465180772946,0.0285872845660615,0.318506158217201,-0.576023015214611,-1.53177725476941,-0.0792528878113073,0.103065072474971,0.436028914194706,-0.0616313958574121,0.397714385369492,-0.584708753724069,0.639934060505772,1.8168020317259,0.0940364970951121,-1.14371702675841,-1.832746624328
0.171437151838193,1.08008555432832,-0.158228477307575,1.11893027509516,0.827205570884617,1.17048441943435,-0.0566970120079621,0.86064640078046,1.36474802833989,1.33026279037518,0.49971515594906,-0.306952560623693,0.275995584790919,-0.343826358315853,1.40307047890137,0.115687426373515,0.822405439323393,0.462531665365892
0.59376131388479,-0.672045062940783,1.78708321571938,1.28609674932139,0.134584317771307,0.429154098979888,-0.208020953663761,-0.764275076151814,1.04348342214573,-1.36624616420344,0.215429607973943,0.550949836269989,0.0866921526431131,0.732512905843979,0.962804132616331,1.34534677160828,0.274992326538431,1.45309181532883
-1.35849939127358,0.0177336897467514,0.560060829504206,1.21521317072209,0.989173443723312,0.871026000732096,0.543802810046717,-0.0251625568611288,0.843034974683951,0.445215145303907,-0.84509919099408,0.511161038858174,0.101242777712543,-0.354981047306499,-1.08747247433784,-1.09268015791097,-0.872374761358647,-0.89501304378168
-1.40739767635438,-1.42080864398498,-1.39567758676064,0.0951173099269062,-0.892422355804783,-1.1138630557311,-0.372094279280647,-0.324924106733274,-1.63252895080035,-0.973464654272717,-1.14050799399146,-1.40735866120485,1.16959615379263,0.925012506202859,1.48840243337696,-0.257519902681849,-1.78772301709513,0.271829680622384
0.524523429529851,1.01547721955402,-0.401550294854107,-0.577292760673254,-1.37453290613622,0.0726407736407194,-1.60256138954829,-0.632745051759375,-0.306742690627607,-0.0844091149681881,-1.69359939523455,0.311161064213529,-0.927792979550227,-0.514332095110383,0.799474437772766,-1.36200619683616,-1.10568021003619,-0.192080771226278
2.43762695590789,1.01125138980617,0.708564984885775,-0.253975563845449,-0.417020388636667,0.850371763215017,0.404420601071017,0.823609802987692,-0.222274412735697,-0.115045518637651,1.86768730052252,1.42943689485895,0.94590390332824,-1.0236466797288,-0.250302516595859,-0.643817075594022,1.62337357266628,-1.95320940300214
-0.091278436745392,-0.977002405361436,-1.03607377526523,0.146999184522676,-0.449202757977483,-0.0467543502989485,0.295828709382407,-0.538939366195865,0.907979258859338,-0.540949321907702,-0.54076386531976,-0.650027435494472,0.142997578139148,0.121239873772985,-0.806711684161485,-0.0885273179778653,-1.33183358708169,-0.300557351586625
-0.931888065362718,-0.140460816180629,-0.13842862776891,0.185112513769044,-0.00944794942269773,0.887126572183665,-0.788366172105413,-1.67212110152234,-0.736450184521659,0.288299257915185,-0.0234276662051594,-0.236333798533058,-0.00170969103470091,-1.18449114358245,-0.241232834705647,0.784493585065534,-0.278588976899882,-0.280502434751537
0.967244507065904,1.19036035233976,0.334322601834116,-0.485980108149497,-0.243608799796529,0.734538192100764,-0.365860091552621,0.755729305292403,-0.334542033122124,-0.286430544567678,-0.0478678193124667,-0.484573072739155,0.836611675479579,-0.421463559881786,0.0724760231981485,1.47031779795119,-1.05027011200569,-0.392498526910904
-1.89001295290985,0.0324096508592461,-1.77046697026048,0.266544997774478,0.617111619316117,0.911987848332311,1.87510319869995,-0.929892340625289,-0.671986866229929,-0.18133659772644,-0.946431111888464,-2.40888983843818,0.145794231423363,-0.994683239748033,-0.770012823639923,-0.728988723649733,-0.617838198514299,-2.39516825985032
-0.719394021509227,-0.665210185906829,-0.615990894193185,0.148479382189249,-0.638116241113881,-0.827655610557121,-1.49720095236576,0.576812454538797,-2.03361859012568,-0.992961480025659,-1.11164258915052,-1.2835686172358,0.365831998056835,-0.672091578814108,-0.821907969133991,0.464289991311912,-1.20079936158226,-0.064830098438114
-0.776226763347058,0.626293113753249,0.744482726185018,-0.393474095204212,-0.655582638965849,-1.13353050959014,-0.718874699208908,0.0902975169736418,-0.10864540529168,-0.464110326539975,0.474466507022774,0.748510322647581,-1.78386720855581,0.132132159940815,0.193533782075724,-0.816312058796225,-0.212816081098581,-1.03101608915641
-0.465672302650736,1.28811466179826,0.67420350135128,0.0202040609594736,1.62520375529144,-1.23769005121939,0.87730262597854,-0.388271532193985,1.76694002661025,-0.0611542861861028,-0.204095484670555,-0.0520184507496246,-0.6833472797703,-0.355227425340935,-0.55452008956076,1.16762336147132,-0.122009636963347,-1.52894271512808
1.20905384630407,-0.692611541930271,-0.165377592885977,-0.343094254578325,0.667766581454751,1.38173040773471,0.670397518520942,-0.242487376086877,1.20726938992951,2.60768263372019,0.562168709001095,0.206111194344163,0.82654281919731,1.77202681273238,1.51411474819187,-0.441133631194355,1.3929774595274,0.599473362446515
-0.0233597820155967,0.687211143737036,0.685578751869026,0.292595825482456,0.663533740325527,-0.449173332777458,0.98184832766061,0.866363805780306,-0.287250951127153,0.296015792180697,0.53675280685486,-0.278370155015743,-0.214903091375127,0.379343451501898,0.5066459947894,0.319199912473822,-0.218828139014852,0.637669507082035
0.69635791002003,1.30617071608036,0.416525441633574,0.360498106058859,-1.18880119750854,-0.493850222938226,-0.199515915567627,-0.97952690369144,0.284996618017002,1.13594449125138,0.775234262183938,0.523076742015856,0.599970127252005,1.58415120427448,1.74619808185072,-0.111144215116614,0.8274218383248,0.0120021623301163
-0.813415042197437,-2.3481977204122,-0.0827023132205529,-1.49121321146739,-0.0916132830193832,-0.232556166294707,-1.88043919397499,-1.86292842345127,0.176146277554625,-0.528809149337404,-2.15130494757823,-0.148979940396395,-0.513653746160029,-1.57748432389732,-0.50286170622984,0.141542086260959,-0.625234751445991,-0.710780671414938
1.14849816850079,1.77512853634649,1.35018430738364,-0.170055148857235,-0.694810467921084,-1.87147934241567,-1.07241621730146,1.17099993669476,-0.35301113217972,-0.551190127506696,0.600867769434121,0.618731966387881,0.486367578873267,-0.894772884717442,-0.106299145673164,-0.363085768015573,-0.239020858539934,-0.779971414425728
-0.455924284002857,0.973452189321026,1.06248805332583,-0.805157275244953,0.828635581792015,0.00946173889942413,-1.67395601585008,0.406506471020292,-0.0867082650761455,-0.739759215145655,0.908937139441063,-0.0631284412125469,-0.391257395034498,0.296757833807098,-1.43145076648179,-0.684194602823259,-0.742720691100917,-0.0978762595897346
0.00426486537116302,-1.37187221761946,-1.49181849854951,-0.624188802210295,0.643341512624752,0.400686213950241,0.648490350280488,0.00448486355079231,0.741272343022696,-0.839473285410836,-1.26569654855344,-0.734996898644189,-0.0508879605661792,-0.368684143048392,-0.544648335421261,-0.651672800953819,-1.44752351556111,0.895333258657185
1.97137037670325,0.779007635165428,1.17943882979789,-0.579155369202271,1.18791074207152,1.37840696168278,0.898793945637756,0.0375336474281527,-0.272540617488102,1.0773036374299,-1.00931689727969,0.550098048303702,-0.742197160000473,-0.807547170853828,-0.10209804140981,-0.0235154074124408,-0.15327709678332,-1.01298210579467
-0.889762270258777,0.258834735328347,-0.631166775209198,1.03134927448875,0.854790679479544,0.425986641719463,0.228458171139471,0.54307444191282,-0.102277168855725,-1.28945740697805,0.355210101382226,-0.808235044623697,-0.468786566833459,0.855313638201552,1.43880230176426,0.214900861647743,-1.74153687099169,0.204172981265509
-0.905321082808494,0.261646535503047,-0.721800043268752,-0.271877922226371,-0.232818042643121,-0.391582041901169,-0.328421941203966,0.565944729060652,-1.23576018875102,0.691019916290473,-0.348130487790429,-0.482628329221429,0.166179711217487,-0.286174062331767,0.215383643188582,-1.02833931642326,0.18203033520051,-0.030984657591022
0.71645774257734,0.115553263534182,0.607734740953702,0.701404786715856,-0.235898598535192,0.870639058685056,-1.14248187229375,-0.373107959763341,-0.460876037889197,0.0563928465329515,0.310494642934915,-0.542015901612643,-1.3935032795124,-0.40567965297763,-0.427352545866404,-0.399241335920112,0.54886556310728,-0.761831437087614
0.212710120713268,1.31368111896061,1.19456679081631,0.321263168725756,0.856790753273811,1.17259413388405,1.52459150417938,1.2784657466593,0.824009951072423,0.6641988100755,0.250948602096737,0.695021308657848,0.489038022204725,0.793554508676128,0.122270075463658,0.616179809936591,-0.205420412313119,0.774539336664285
-0.117023454391893,0.332893430687899,-0.234036698943221,0.433619863396269,1.31213851623826,0.38135871814739,1.69264575330297,1.07965270233008,0.194832245727154,1.2251102752203,0.772618257775979,-1.32425164956057,-0.0134200300931113,1.04316437095279,0.456653356104082,0.907514395531293,-0.721081911647631,0.495220527623433
1.55745189157931,1.91931417646968,1.27386107372913,-0.102085518462403,-0.777215410207548,0.341000499205253,-1.46413692898805,-0.409948079158833,0.0483666499896623,1.10499337029824,0.636498280747787,0.961429730825957,-0.668191512280387,1.31338953700023,1.2267400727822,-1.00463673848737,0.316364631655834,1.48173937218673
0.558614225485366,0.0717926268853058,0.915265416960128,0.840555076239126,0.158391721853056,-0.766419856064446,0.0160216595213352,0.54064070469512,-0.835801901228744,-0.0856527390839736,-0.127588400611653,1.50389290519501,0.69395736070328,2.0562209352539,-0.213918796078214,0.781253047775763,1.7688464299436,0.488402042092689
1.15597155814404,-0.660571569983109,-0.428203463724436,0.65225073108577,-0.318000328518259,-1.50930899816677,0.273586220871935,-1.23177470257159,0.880207341908697,1.0942840313709,-1.25593839436886,-0.019788443943661,-0.233381505964872,-1.46198847498908,0.63692237161465,1.39790217688834,-1.04992363815256,0.195642894731172
0.184004815859112,-0.315860569027328,-0.273615820278561,0.128993162687158,-0.407922672748882,-0.084385226087271,-1.25993141405878,-0.107691912540655,-1.96140880427538,-1.35151438180915,-0.600273073264168,-0.827445796006634,-1.88836305974953,0.315958763201938,-0.454548691108612,0.944085260038523,-1.53695318010374,0.641068662862635
0.560783550617327,0.681445592881123,-0.909078021923513,-0.497271249671695,-0.00119050619473243,-1.13488957674006,0.0473462358070219,0.318388837288807,0.361495610383801,0.0889458477604467,1.41507570862245,0.203968515073693,1.1042358849421,0.675678918166409,-0.804131397339202,-0.181214131563527,-0.171144545117295,0.0694994863762914
1.66986532677727,-0.158702293485021,-1.11435711808207,0.485470357417394,0.133300943312342,0.558089373331652,0.642497749958019,0.546870166795042,1.06869621558023,1.2482982671025,1.50938074078802,1.05068560004895,0.0477009856390623,0.924541785590836,0.346015351200494,0.668467782188776,-1.30368560738263,0.719372146422008
-1.83849948586745,-1.7103630697518,-1.32523619899836,0.178337772728432,-0.0657800543724804,-0.635181190987639,-1.24545174116158,-0.430462661898762,-0.0370401833378496,-0.230398710886926,-0.764225505108169,-1.01496821034064,1.13862928471972,0.966258757482984,0.525576557563976,0.385829488575929,-0.275601890619814,-0.602395031051186
-0.402071857220652,-1.26255847439567,-1.04131493942535,0.277866524698821,0.529153053815971,0.494245518936528,0.320608546864156,1.3873300481855,0.134486194325127,-0.316957074540633,-0.812201541192811,0.295396298816364,-0.982571730029331,0.399121995316542,0.343706949251063,-0.0560489621712959,-1.1767154322508,0.552331398238661
-1.57035300783258,-0.670756501740107,0.895876711118065,-0.690640249530937,-0.240050740236978,0.0158112726162382,0.545647461386967,0.262232269059667,-0.307734394825729,-0.376741045250743,-0.0116007239823905,-0.418803638344114,-1.44703902602968,-0.0572650340145004,-0.0609353682478448,-0.141944174419606,-1.92538948212877,0.280182849274435
1.51805392262803,0.796155798930938,0.0618094349764837,0.934319187457306,0.988259521627037,0.411302703142215,2.23689883812196,1.08094468268524,-0.363927711659302,2.33893156328485,0.291528925696841,1.05943931630178,0.254256997985025,1.32271785485497,1.08164520760347,2.77420264292585,-1.22872412271388,3.3402062932998
-0.596375993663564,-0.278436214329808,-0.969382057364834,0.539996520035501,-0.888355301967226,-2.19872748595285,0.30753603553059,0.59884002856974,-0.396200095347496,0.239662469526078,-0.273507400651624,-1.13952361920273,-0.45505136180573,-0.34648054295748,-0.934714969257901,-0.295781384956205,-1.02474974028022,1.34626490510637
-1.717751142052,0.381765836671699,-0.966052582677152,0.576665991383233,-0.800190683057716,-0.703396884612989,-1.47944711051228,-2.28835827373693,-2.35134631188979,-0.480876282516888,-1.17508136381593,-0.0175241120155115,-0.456737117342465,-0.0867171075090127,0.43623072090502,-0.16523892488454,1.49237169020083,0.661983122942565
0.386046351327654,-0.292072763658055,0.804772853832725,-0.868687047718392,-0.149221485132219,-0.70538344602679,-0.547796667690828,0.73619760307413,0.97287677652633,-0.655922612697781,-1.08798666565824,-0.253014138443565,-1.78099049543035,-0.163648361102371,-1.04770459081028,0.277567711554092,-1.53811264941411,0.446337631981943
1.27047984289554,0.147431185113427,0.89039127305288,-0.327127850332058,1.05912842272338,0.152507153212123,-0.328785754444051,-0.829177168563185,-0.0203010076622889,2.67401282807401,0.0786860697222733,-0.725602892442912,-0.83813720286861,1.37686812484683,-0.193930739454905,-0.686789239284623,-0.42850738908568,-1.40632369077432
0.473984117182364,-1.6891819365473,0.503673060991807,-1.0311891214395,-0.71920381835291,0.457626634829343,-0.927663522024222,-0.253394886967685,-0.141902470643755,-0.517783102372262,0.61416679918731,-0.169992853594182,0.695500403332661,-0.912302571671183,-0.953829146757627,0.303641746776285,-1.65609024779907,1.07260196812526
1.47667616988178,0.515700790517058,0.859366296642251,-0.536603029352054,0.663694179039418,0.953913475161569,-1.33533858880789,2.39146085524389,0.337783613233848,1.59568920177339,1.406188898879,-0.231754557759801,-0.0146604932137369,-0.847119875321249,-0.769979005224204,-0.377936369178256,-1.26928076089771,0.264154306027107
0.296683995718074,-1.1285281348416,0.443282937132587,0.668327572758031,0.670578527172123,-1.43322550254508,-0.769403293107287,0.466910738714175,-1.31748996062557,-0.742124277130226,-0.601312148339741,0.63649523815606,-1.20374525574243,-0.713306130481376,0.499368361629439,0.61443405516434,-0.180459219280352,-0.315237021867142
0.746896194607754,0.216428158937447,0.182891815247711,0.0346624206599979,-0.789954296247235,-0.670921358264213,-1.16289927475107,-0.327201910783883,-0.589653610753825,-1.35703999090882,-1.09096963200932,-0.0470373484330028,0.628605726875444,1.6347173499195,-0.468509432622747,-0.36284790405014,-1.17582171349209,0.358383068829505
0.797753396997234,1.3866159046743,1.46839607419132,0.578058784285223,-0.161939528276252,0.180871304866615,0.776841710539942,0.326032481607997,1.23038115750778,0.159143418848099,0.597773611901361,1.15080907022721,0.143415868989978,-0.170307392252777,-1.0817360102875,-1.23078896970489,0.77957886494679,-1.31453816709176
-1.26899878766757,-0.646723855513512,-0.44510714560203,0.472315196406986,-1.14075361482834,0.0758238502226035,-0.453098520660887,0.911452741665039,0.0119488737263667,-0.0805239793008429,-0.4796724533012,0.873466448328543,-0.60140090696469,-0.0530271256486084,0.196387847738112,0.784546076350397,0.100259849729353,0.49292439605997
-0.188447202999444,-0.320578133641174,-0.958709555309615,1.46365645019842,-1.58919692853495,-1.08264576694243,-0.319441835922359,-0.551147816589329,0.297878409493723,-0.708896796400517,0.262979608665196,-0.644675132990056,-0.387615023244988,0.898616530074733,-0.146894145921401,-1.37710641552806,0.907974666926434,-0.363140321746421
-1.43598439357085,-0.101820804597988,1.15623395164089,-0.127549870577758,-0.308283572351564,-0.00743971516892682,-0.525116076445081,0.686942333929601,-0.17997125323557,-0.3900081919306,-0.415516662302444,-0.553525795040466,-0.119579673585771,1.34250441514268,0.373899742584687,-0.575804276632325,-0.861077712203108,0.572531183512049
2.17569393014495,1.15720988738584,0.855405364352391,1.35647871793393,0.863636947961971,0.129376211717391,-0.489756892939445,2.06413922186175,0.242621381121354,2.58222653608345,1.20837295661946,0.723061304306023,1.65014650323811,1.07812467173027,-0.42404588318069,-0.35973361487171,0.579135816083983,-0.233988236486778
-0.7929532358982,-0.294509834300226,0.445666846025015,-2.0282712984595,-0.120285960932889,-0.190807067987756,-1.62066865573751,0.368965872007577,0.416153347683011,-0.591361119753712,0.191732861494144,-0.373778236950523,0.770524927224151,0.140356658311942,0.825604146444485,1.52504054422728,1.75180161986016,-0.441609738162078
1.95369572862422,2.19782180226827,1.65667016537655,-0.78664933714546,1.15212272430558,-0.193484739215939,2.74567392893437,0.920994340296896,2.60706336547556,2.60513262613673,1.62823118539563,1.63032496016735,1.02337943139966,1.50105020105611,2.02425719198215,-0.0732269190507497,-1.09797340377632,0.0127089607006808
0.72629022596699,-1.03537599968396,1.60052791807188,0.751371249605739,1.51004792116999,-0.429650547127183,-0.920385925839904,0.840873835950731,-0.366170394829888,0.376125268691639,0.118505829662156,-0.615861483831438,-0.0176383812995176,-0.353731292643063,2.22931082009822,2.29874966494122,0.10839533320176,2.04018713285217
0.219386125005073,-1.74689159427996,-0.914008142065038,-0.00338608642851129,-0.705992086813884,0.338625053924429,-0.181450360396409,0.117952589376827,0.438164273735991,0.549350125624679,-1.10489881290688,0.28985112105641,0.956802768738883,-0.847346929567516,-0.169360072123171,0.323966466712899,-2.07256262050701,-0.293101400782673
0.0582973547788038,-1.39107215104697,-0.935418256149107,0.8483110724756,1.26217467602232,0.321324863771416,-0.0878347406555806,1.02589646824557,0.957668252717544,0.559196239873489,-0.547993418962119,-1.48220414674797,1.05989981434008,0.325224626969902,0.289300728386883,2.03089653879051,1.56520577689645,-0.0664119019296068
2.44815145868947,1.33598154230889,0.800510329900676,-0.334298014787534,-0.473897708626095,-0.199285406499819,-0.825646330053379,-0.326007959830945,0.643353457196806,0.136555362056866,0.775140580188475,1.08003547096523,0.300630960656076,0.431049075193471,-0.646099110921322,0.302008767657486,0.996004242433828,0.0785876554384817
-0.071667768617796,-0.220842775202827,-0.0264157922887888,1.40044018267422,-0.109580018610408,-0.879234058597768,-1.3317172684575,-1.24567233665397,0.306075766015536,-0.394424267081664,0.0860699259543161,-1.1023087244806,0.377947158358584,1.65425649785554,1.40466013408405,0.400296032712426,1.12974989906401,-0.737696867664336
-0.606182814507989,-2.62685258844067,-0.869733145199577,0.850811827578602,-0.303551048077678,-1.12509478101196,-1.32536379711782,-0.557710769303116,-0.492661392626524,-1.17653575198349,-1.225774392305,-0.283666773471784,-0.292327174560636,-1.22736283442396,-1.11663431200746,-0.846303885149447,-1.32196075194296,0.427908571451524
0.563918074540284,0.0840465323390524,1.10085165220538,0.211111809888509,-0.146291502021835,-0.0138365758169355,-0.0164059134819333,0.0836484242836395,0.41384307828912,0.312119233972957,0.477572714542933,-1.16868979774102,2.6077916659487,0.330027059655669,-1.04182921098928,-1.88315534787498,0.257722695775231,0.312124062646159
-0.23503245671182,-0.0728229121379327,-0.284264811366457,1.22861228249659,-0.0243198463565164,-1.09971160913607,0.895922666391188,0.169574447195573,-0.599897591411753,-0.66838043639921,-1.12261429481665,-0.716334928308597,-0.499076290270798,-0.697065071680267,0.145539461602921,0.218529803279145,0.74471737278053,1.6095659088789
0.888265485461841,-1.2277722222802,-1.33303469334078,-0.410969380873165,-1.30025093823157,-1.05395482826964,0.0782969121339193,0.696693851173678,-0.950966943135981,-0.468493790400521,0.245664843684095,-0.868035071553252,-0.119079989751455,0.840315353571612,0.239584464577438,0.0392213337656093,0.799666437852962,0.322368485666603
-0.55028735922531,-0.667472755794501,0.185008403964304,0.560877663543816,-0.230399369225783,-0.475288541824221,1.02512885277591,2.4924126608215,0.63644175992542,0.650587696908947,0.632629046937575,-0.460560261124587,-0.425026079034484,-0.766894547174024,1.90578629935771,0.339606355854287,-1.53489962859641,-1.09324175052703
-0.669192313605516,-0.0396825833516635,0.0188729788785526,-0.77144779021551,1.74647024419129,1.15779467510335,-0.686742772282461,0.908323570837547,0.128171249617481,-0.264742354043898,1.22629847485485,0.692269857488496,-0.357369127149798,-0.708319612858413,1.51077912898704,0.7287104789001,1.51698292844042,1.07945741887757
-0.078045496811619,0.670143014958786,1.9060622886865,-0.267559407412314,0.241714915729831,0.670608259344666,-1.62906243073042,-1.13325022642785,-1.11232407185068,1.31360531679973,-1.84880068626087,-0.915257931573386,-0.678448894601106,-1.95324811739321,-0.107431175982668,-0.501510612087622,0.062163145367103,-0.456468549216969
-1.04249884068161,-0.0762084120302309,-1.37791635778595,-0.943951781195295,1.16547188966958,0.292494305152491,0.575463303312483,-0.516976090676775,0.388398351227229,-0.356617789388332,-0.587639222707533,-0.871743614660286,1.74829159280776,-0.136260106930379,-0.586345527776542,-0.573659525956042,0.658172217886941,-1.28255808789323
1.86226270459397,0.728822269058448,0.362075880426859,0.721370213611658,2.35928231300775,1.52997389578594,0.741612789417599,-0.720289802827182,0.657004045016784,1.2740039286764,-0.336746029003894,1.11435499720385,-0.712027422653125,0.894271034897016,1.12063627893187,-0.868401298044523,0.97194677075504,-0.861517502565718
-0.13909379152096,0.129448580353831,-1.43118318131544,0.340267668177742,-0.283342095777133,0.989345739180626,-0.0886699091236128,1.20219105524261,-0.459581341342705,0.733447756040547,1.1183688113981,1.26343337935624,0.557193935752734,-0.0313380828084463,0.510811586109459,1.68878327202781,-0.08011481085246,-0.312084843766339
1.69989517511115,0.648378356451485,0.883724748543545,1.36161157175062,0.480398940392611,-0.0202632729185904,0.983562001581406,1.59463391427116,-1.26148812295318,2.01695929686804,0.497669378077891,1.35171978793417,0.463903036631298,1.29433211842672,0.615968353325726,1.88763562540202,0.378918614972073,1.73246485751998
0.191592265007657,-0.132217591478937,-0.284276274228931,-0.00827177054721089,-0.169164445180045,0.544158201504094,0.109847744348226,-0.268178591568514,0.289925488275366,0.303865440003518,1.57127726075682,-0.226567760071953,-1.14102658591965,-1.15292730709616,-2.33595408447571,-1.33107535975958,-0.473170229575296,-1.30392866536631
-0.801631231291139,-1.12131559467388,-0.458261364037613,0.397058597470517,-2.03045145148125,-0.117285633365723,-0.23021493012536,0.00667229275524694,-0.405652952021793,-0.0824523306735307,-1.02338497253734,0.253961542938282,0.161898490887974,-0.582861281290864,-2.57218309495425,0.24696876698606,0.100705175092861,-1.4723678529708
-0.73673602696038,-0.247062917541996,-0.622247817190091,-0.672260339900278,-0.445303929749947,0.455907512221615,-1.4660525246738,-0.375465821808232,-2.22054668541485,-0.447940649829623,-1.58023935916807,-1.41990858044286,-0.911941904563639,-1.08202642659839,0.693458041510256,1.39830077121635,-0.721504555820514,-0.646574620056458
-0.511815452834371,-1.55019583333981,-0.78985793833933,0.836002116738424,-0.220195411192739,-1.63292046630978,-0.0491521602236777,-1.52577850627698,-0.0753360123228076,-1.25660492715904,-2.09569885065739,-0.0453743470444787,-1.12725980030005,0.214727384203982,-0.854532168097833,-1.21442094733676,1.03589301377612,-0.301064721058109
1.12451280512383,0.0423073717303846,-0.791984495523132,-0.271471120265245,0.270197337569233,1.23516950052669,0.426044253702453,-0.355934185430003,1.89453432851738,0.443837922042986,0.890169131815153,0.0438630725725989,-2.25614423523665,0.615227408087987,-0.0501247531576522,0.218281440838601,-0.504034813393479,0.457530044189396
0.435735162467168,0.764894848425224,1.40154093062726,0.512777623187933,1.05087878672809,-0.396159188345846,1.41366511341694,0.849594119845908,-0.638043604321569,0.98383537334609,0.19649966490363,-0.022940436096412,0.540830632328431,0.0567580536445299,0.43795846620694,-0.976143664843782,0.273818112117561,0.562896721182786
-0.824652757096641,0.207225302553697,0.311835553446907,0.446704113285681,0.0205266134627724,1.41572643927459,0.465786750422995,-0.64544564463835,-0.267766228739088,0.992404208817447,0.262176780469964,-1.27416931644171,-1.41075769715446,1.06973651236095,0.804871859170164,1.50080844398573,0.396369526292832,0.124331756054666
-1.9658159997461,-1.63842978134634,0.556404528184081,0.41576275739002,0.110622469496681,-0.997265667328103,-0.352947844181303,-0.143516482475395,0.110653456803922,-1.97317672315197,-0.364149935196729,0.0345596191253512,-0.0633918147802048,-2.29080729912188,-1.56501866982124,0.985730495526275,-1.70685050358203,1.20354261517203
-2.46668808327246,-1.28641162262481,-1.86465293744344,-0.467424540539408,0.898342149051167,-0.159828369845462,-0.357473180300329,1.36373506275348,-1.38692610767057,0.303645617498154,-0.831444572418569,-1.3632322883528,-0.454716485682679,-0.650692125888701,-1.17719946721758,0.510366338491288,-0.084339921810817,0.545347616719501
0.621562553300255,0.149346962181449,0.553129656553175,0.755126459977835,3.14751740327267,0.683298021596633,1.57709011776298,2.84359208653136,0.639929355716461,1.51637935352757,0.950985297976543,1.54320387078338,0.388137880688476,1.41865940089433,0.320715779828197,0.783602121890907,0.879970494372285,-0.595964180324311
-0.21132901680926,0.992371923629952,-0.405570335556196,-1.28558465024429,-0.81817030287444,-1.34846856219144,-0.839103387498399,-0.151568714652074,-1.02811494936882,-0.16461001365285,-0.873976879820401,-0.520533518623004,0.0665049896170431,0.275305206260835,-0.286586987325072,0.531622093258732,0.501022596273909,0.990313773587005
0.29055521842578,0.214828460374567,-0.370791071118071,-1.76139320565636,0.579411358873267,0.7659787130104,-0.124334218233047,0.875748478702991,-0.847920257800098,0.644899234906042,0.615685272689638,0.117950217970722,0.726815688430114,1.53399967914537,0.464013924296593,1.3584209352043,-1.34760470531621,0.0171150841166983
-0.328002452249815,-1.57005384826694,-0.730605609751839,-0.812049514063595,-0.341305401994044,0.675837368701343,-0.730591385567296,-1.31667384967953,-0.456872328789625,-0.251384889010246,-0.258145874204335,-0.0458534352474833,0.377085281074121,-0.483708975437744,-1.64793013662683,-1.24768231803108,-1.2097576395923,-0.408470945748348
-1.00156476257817,-1.75159490354099,-0.156814984112916,-0.0295356609187725,0.381639908626451,0.966833339176723,-1.04221451676849,0.811861630466214,-0.127196389066913,-1.08860109555344,0.869021901388201,1.33482755780579,-0.217546681531069,-1.80213143157572,-1.18035865834218,-1.34633712819715,-2.47348703519913,-1.51086693559344
-0.674009283714537,-2.6645954609939,-0.789566288897908,-0.616573250732957,-0.267612787022994,0.457465723415957,-0.00206620861353625,-0.898252237157456,-0.996112595764676,0.306066126337113,-0.484561419890743,-1.67174866064016,-1.49663223997301,0.611794784311442,0.282698928986338,0.733968011311855,1.04922665591087,-1.20982068254198
0.36998449726851,0.49399143279587,-0.428779390647843,-0.201578605916902,-0.813992570456058,0.776200832613767,0.233831633521447,1.03666676000438,1.14419632699118,-0.350667120963473,0.273493142322973,1.31790805857483,2.25650156582747,0.773940911343181,-0.969813688700606,0.0923663295306681,0.149402177867407,-0.416311359743197
-1.17715917450287,-1.08853396421234,-0.629628400497571,-0.0404067712350133,-1.22578123904546,-1.43511287350336,-2.86071364398083,-0.148235088194436,-1.60581069157673,-1.48149691778715,-0.0277162141728263,-0.941330217415541,0.905796147652762,-1.23775030837825,-0.413060115436049,0.919780844703164,0.840275779154171,0.516945711075108
-0.567319607455904,-0.595130430165872,0.797352492946267,0.464155377647244,1.78632261056602,-0.198118908307173,-0.412370116245015,0.871215905460857,-0.804897360019271,-0.937703208759341,0.550863558481888,-0.564088995073315,-1.27503240416882,0.872132686008009,-0.0495208493106055,-0.793382469060247,1.38015120234892,1.10407643961186
0.280267543218772,1.04751470891862,0.532395377241258,0.240425623741823,0.0341845314636238,0.583801894637361,0.0206798693656959,-0.377505411015827,0.927266948341242,1.07128730071555,0.395591980700254,-1.20122888071117,1.08026856131505,-0.726118637024465,1.94584969508748,1.8874573257873,1.72691974305989,1.17414999501403
