"y1","y2","y3","y4","y5","y6","y7","y8","y9","y10","y11","y12","y13","y14","y15","y16","y17","y18"
-0.0348698514985864,-1.26663729655926,-0.537310884072713,-0.984233713266356,0.403883676220727,0.817441211050052,0.017962324447278,0.93504275718865,0.112389390062243,1.26655740801302,0.510993605830015,-0.0118370162587429,-1.38060547954824,-1.51514830392307,0.146485284534826,-1.38132937875671,-1.08429543098543,-0.0455248832088627
0.468176845354293,-1.07335522475439,-0.33448910139551,0.831569551086843,1.02506238254027,0.662985517576952,0.0993910903308642,0.698799565595968,1.05348539398345,0.756570426167442,0.0454179185319974,-0.202953157450866,0.716458199902261,-0.295884444870989,0.516944242240373,-0.224861751636291,-0.869856951950187,-0.5785459168861
0.320781397093751,-0.280791020634141,-0.90939833634959,-0.211903432274586,0.608117777440488,-0.161259568962176,-0.451092532569292,-0.805115831974804,1.85987506176362,0.132303829646126,0.595011223901207,0.197103353588826,1.24873085167332,1.46529009917094,-0.283981283331594,1.24819023760529,-0.2329732873254,0.673038009984972
-0.382485244591508,-0.788560561041547,-0.5102056524469,0.344501528855535,0.91455695394354,-0.460052486964032,-0.00216615594047556,0.491802379234814,-0.456677304703155,0.364139318883824,-0.0827772865363361,-0.152729807416685,1.03735773881853,-0.838646597194421,-1.13962408863762,0.785532460637385,-0.704264527794668,1.44548705820195
-1.55022494977513,-2.34032024271378,-2.22800937386278,0.106589451276351,0.236413309513743,0.0233463578516312,0.258002574911482,0.714051455433323,-1.31885248143768,-0.551430377102436,-0.734356456462557,-0.524855575690158,0.212827680962319,1.33272399023688,0.324891012761655,-0.510819078997814,-0.323683619701431,0.837309216189394
1.31071939464009,0.425808538787014,0.0796046964660685,0.6827755722812,0.113430211590926,0.703872224635368,0.768526291464375,-1.14086905709751,0.389759422296575,0.698749633857442,1.07647186935549,0.98954882198245,0.365144211247123,0.542505476332411,1.25486998151804,0.0875388052157564,0.000109600723405739,-0.147792854127543
0.428451900445698,1.12562695367136,0.845329749870923,-1.96607205999017,0.00517970209738997,-1.13013525599025,-1.03142195204522,-1.05540991275179,0.84314358262864,-0.260099015144831,-1.88664991455219,-0.316847114716737,1.76415321663421,1.45517169359447,-1.27878547207519,1.7363775158676,0.460635577444787,1.27708397718296
0.191949036348301,0.0981563878245689,-0.411552889089287,-1.06707160414418,0.610428957582063,2.16432141092415,1.99106047996069,0.550983664484238,0.748931160765627,0.587455375206324,-0.134567967243101,0.865903524818394,1.97412421397676,-0.658861138235421,-0.40412846568906,0.273145106621171,-1.06983352213254,0.135190978672812
-0.0166133328125591,1.21602640924921,-0.713942413614774,-1.02811680864071,-2.04074876655088,0.469132649627392,0.0609791536156813,-1.05083567320409,1.08497673360246,0.503393007205977,0.151129969317463,0.593123633308594,-0.247140076841005,-1.03659020096158,-0.573700632149086,2.17104312144092,0.357491041197591,0.266743819360373
-0.428047927216288,-1.14759952558587,-0.420539159231973,0.782908064385376,-0.155895169037906,-0.385713236465153,1.04145621907858,-0.0427122096515938,0.850746713673916,0.436581511712601,1.08474685364956,0.645876019597156,0.0984468594677518,0.275820726617044,-1.21751079000276,1.38942380351512,0.425698036042658,0.825606116291246
-1.45089402144069,-1.02821584519561,-0.103020852304828,-0.453665280210868,-1.14551153015767,0.156980484314319,-3.14098139388562,-2.66593050604292,-1.85264027963491,-1.69693780204645,-1.00427823000041,-0.810841833045465,-0.756869810846899,-2.01541570180636,-0.448617960939309,0.709221563959039,-0.800707089394397,0.392112614226353
-0.113127747637404,0.681808990472921,0.874797505970421,2.63701354698866,0.740148030779211,0.696895031818243,1.37104303439108,-0.1602338662324,0.569690958935894,0.301132946542866,-0.806034622167097,-0.35472392318002,-0.603366542637359,1.2450161583206,2.03226575378851,-0.21140902670807,1.04562296990493,0.671963217377889
1.79452402891452,-0.662885530033328,-0.817744886898253,0.582654755746192,0.798029840283697,0.685552872309329,2.32855567798598,-0.687199703938257,-0.272115502667941,-0.0614384728776107,0.652661021478352,-0.753584256738251,1.27650821827356,0.696713355305516,-0.993851245085928,1.77311505927233,0.240393187510084,-0.24619615091288
0.423230791107837,0.911648962220306,-0.00115603353364013,-1.38495344120465,-0.207275970485596,1.16453411624453,0.337316527674592,-0.774240245738993,-1.20240211440786,-1.07413607809532,0.664834524545948,0.290270480450097,0.710914394469948,-0.401491975038436,0.0373647715257717,-0.0675173403160303,0.286695202805481,-0.811621754939243
1.23410025054798,0.907365365599383,1.25892324744989,0.79759693183389,-1.19339091293136,1.17482257253937,-0.250380378753323,1.72136921966702,0.141269697513075,0.83814098282164,1.26805509895797,0.509169814446975,0.4926587782718,0.321077795209442,-1.0266239760595,0.0399484888885217,-1.01226051612811,0.143982113378175
0.374903220019097,-0.0328559266924086,0.849013746191723,1.09270096653487,-1.31095176987546,-0.174393892681322,-0.686130489881242,-0.845054806034109,1.1396513299242,-0.939561728206704,0.54787093879649,1.61792829331673,-1.8179114785933,-0.168326946611435,0.209582018590279,-1.38323145381545,-0.994988361324181,-1.89555077169374
0.356933365936475,-0.241639198295429,0.145979811512098,2.67357616849317,-0.0572198413019121,-0.196928137998291,1.59513209797073,1.15361593236638,0.856215119781207,0.232287984855946,-0.624534255928253,0.723069137733776,0.52349822929711,0.408571004936358,0.956829340904313,0.14476703156433,1.20646567840233,-0.339513535644772
-1.18930506728165,-0.357252113039731,-1.05159994891136,0.437252330305917,-0.707709294323034,1.04918702961161,-0.567690706509418,0.105596202418737,0.00450276063862718,-0.649723105062798,0.400388788361425,0.25607975940684,-0.632616458709092,-1.86727975063191,-0.759551457567461,0.549445113662714,0.060226554566065,-0.3873186504384
-0.62132158908244,0.0703893463255416,0.102290573880646,-1.66992314302051,-1.0223333496441,-0.980088071007764,-0.314006819096341,-0.585829784735256,-1.42281934650581,-0.411961162437382,-0.161284794113187,0.969778328913275,-1.83528212688103,-0.449872351160845,-0.240666565862572,-1.27363188332808,0.0661560025628601,0.591047080537525
0.0107960335339842,-0.502516409193144,-0.37289518790897,-1.88451628792366,0.021227640278994,-1.09561458284033,-0.908095289453408,-1.33754626038321,-0.038964977531206,-0.0948874907414572,0.558388153897734,0.369586390457743,2.0241230514655,-0.13005483108113,-1.92722858984471,-2.53099055187096,-2.20238882308844,-0.870719196471761
1.63353556219765,0.894501872884957,1.1670815437512,-0.286056770142153,-2.02680288937753,0.120384519353379,-0.452379914115898,0.481938557254669,0.350404683968372,0.36727651522008,0.0428954288569859,0.105947316509841,0.261332072642838,-0.0978988187430768,0.0886673153765742,1.44004514651489,0.678923085284687,0.664894335199747
0.865631709286632,1.24612818153289,-0.434343875511004,1.11599773768161,1.15255513762092,-0.210171140349692,-0.434165999801864,-0.991250086200715,0.81920503533694,0.646754596573814,0.11321084065178,0.106466652015479,-0.883060785227433,0.00704005134486922,-0.875633865668332,-0.109404160370464,-0.07268785524996,0.254166761231271
-0.987506518408256,0.0209622828380309,-0.138997777351444,0.299507869168481,0.251852094982456,-0.624595469960231,0.20889522347411,-0.675837392014715,-0.498815738002309,-0.789802471756076,-1.27593708276446,-0.952879410849551,0.215232961491498,-0.699165293009139,-0.299808902867923,-1.1384351310517,-0.970396415924679,-1.26177787239741
0.944275006644747,3.28193253370016,1.66897550453827,-0.942615985355577,0.0090113561428894,1.05123622047655,0.782885001542643,0.924088500685635,0.535040541023067,0.984506584090045,1.55300599305052,3.16996393207885,0.928955500184943,1.2463129456387,0.0420592807956055,0.658905728087745,0.121982174013629,-1.02494016954106
-0.777536042156912,-1.23996376505205,-0.851991492507319,0.0769940570485789,0.320397060705873,-0.855384739121151,-0.00276121682349153,0.205090856982189,-0.571509544981688,0.32954107740717,-0.882696670458324,-1.15279469066887,-0.0730455593658601,-0.760219940802606,0.0596415571337074,1.04313705570783,-0.194146877003087,-0.530891900974542
-0.620622300399303,-1.13833587169926,-0.27419516112992,-1.17352104526533,0.348500670967507,-0.531485121722815,-0.263606450733041,0.00658549626086429,-0.232341713956462,-1.4129053962927,-0.884717515935984,-1.71639383766681,-0.439422452051485,-0.841659246455767,-2.27951140031968,-1.02156871747909,1.99692490458029,-0.0200489149193422
-1.12754975950787,-0.474966011385621,-0.773778940684174,1.56539511883351,1.15825329361683,-0.0524267523735434,0.238934846092104,-1.94356274611073,0.0326748119547126,0.199665318704141,-0.886469267605394,-0.205305353515867,0.868055708241602,-0.171041714622087,0.151139387413515,-0.0494469269841069,1.44986776541018,-0.787041878767125
1.18795637214554,-0.25477751728279,-0.0268724820966167,-1.48860037836729,-0.201549831446906,0.0608751154860538,-0.0965255029050977,1.07327582960954,0.162316852518644,-0.583632518829935,-0.677121072608787,-0.702782685883629,0.0864785148186764,-0.240001437499108,-1.40335431104435,-0.613572834545249,0.181389179983546,-0.465747873581299
1.4379457786362,1.53360889371529,0.668783297480358,1.4536706804397,-0.991732862663334,-0.304513652155828,1.33269264663938,-0.526040156549788,0.907461625958608,2.0569737865066,2.12178911550638,0.592512343490494,-0.919553533775414,-0.667157368057205,0.572869732286499,-2.59438903837228,0.152229420188397,-2.01722881773968
1.07714738127309,0.348267565427891,-0.527067639877389,-0.0394840665367874,-1.14292656132896,-0.75574759196774,1.0567125355502,0.154801278343432,0.341129863966535,-0.440760529827382,-0.459746245502867,-0.954039840367199,-1.75674442148784,-0.165956406646627,0.677121876098798,0.344758009623657,-0.122709241226974,1.16733461483804
-0.82035074116083,-1.49376038992552,-0.709243037535256,-0.230052937007958,0.275605597915082,0.432353414243479,0.00269896668290386,0.621206215901595,1.10820057756305,-1.69731609104145,-1.39725080813949,-1.03530411599287,-1.66325114799041,-1.77782514029239,-1.40285750190577,-0.506599931323658,-0.953588990942812,-0.231773847756544
0.0297695474384375,-0.02950815808189,0.953675008640325,-0.0182662073433707,0.758209983255943,1.46779224675622,0.231947630005306,1.20063886075459,0.527600740678972,1.44611773896857,1.70641446442353,-0.380493758670763,-0.391609461604969,1.12128218720472,0.767955303149196,-1.04641835111262,-0.248523205737601,-2.02255749224137
-0.423516835249095,0.30140088116024,-1.70125255269845,0.48112584035316,-0.774381327882774,0.872217355557082,-0.8281864631166,-0.633648713669886,-1.40659793824889,-0.0815290814374897,-0.0613030743602684,-0.47536364322991,1.03275735251053,1.63584594881283,-0.152564835658421,1.52747268409051,0.80734298763419,1.14195793395749
0.62012855181185,1.72257457711046,0.668269945573819,-0.34378511455141,-0.659253170160716,1.43696774952821,1.10890032824483,-1.106999005082,-0.600529389171314,1.21106684005352,1.93559826990967,0.778168061159906,-0.161744443393454,0.638159696693741,1.19903492178221,0.267905303585856,0.0745951057310919,0.714866875079387
1.25700115968955,0.590229632392656,0.00376530805822072,-0.101969294658758,0.600493850154313,-0.536942860679957,0.440865287118532,0.971994738039802,-0.852005244377948,1.18776292325435,-0.578116294297436,0.305516826664283,-0.574800431879818,1.03472638423457,0.743828113024698,0.81994378130681,0.218867260595939,0.374168063526029
0.869120067593141,0.762395038815389,0.645798364113074,-0.449617261519029,-2.1544628304755,-1.53639708819357,-0.227501431615917,-0.210452520186414,0.847055385991792,0.0286339800285383,-2.09227476732543,-0.099263229295026,0.432955882564721,-0.572337435221623,-1.08488505230477,-0.0894979879266144,0.129144997811281,-0.237467322013306
0.00815922148741248,-0.720175186209141,-0.36195403045888,0.621060575269954,-0.521821983851448,-0.589449645401862,-1.14898236174396,0.51151503925189,-0.0102705859967558,-1.46558061913568,-2.05646819487996,-0.792459968275174,-0.303222657470444,-0.133405819344626,0.193411692941975,1.57700913116905,0.242426318233467,-1.50301536358976
1.20022686625831,0.515278682626897,0.463774644435468,-0.911364764748817,1.02226428267934,1.89549402168481,1.8263976724506,-0.864412773717369,0.511699491188535,1.3973304743982,-0.0142552138257062,0.161127945145239,-0.495939463554968,0.941884436440456,-0.205918603493547,0.807495033286535,0.344066641368943,-0.307366634030268
-0.381013856366673,0.5757560455219,-0.0377014306924114,0.310167732047224,2.24963694674692,1.24350879269969,0.0117368782709517,-0.462761321786157,0.537300077582802,-0.390875650971376,0.227073849176026,-1.51498396614408,0.117017178299788,0.620941852327218,-0.00548646626565002,-1.2394888955772,0.70599835476678,-0.606769050847428
0.816938052594851,-0.412441534107584,-0.0665345298250307,0.693235254568493,0.245607613073941,2.5658275461101,-0.814570447605488,1.53591912365681,-0.652742442288973,1.17507294405968,0.857200823760655,1.14557374120565,0.793616435390449,0.715544951975055,-0.180795263877917,-1.81173592373872,0.755946254113946,-0.801527392816487
-1.14318385976411,-1.01190409465642,-0.546146260216764,0.697181774981959,0.209132936659805,-0.311014522007992,-0.535784253560358,-0.087908729789883,0.888689095176681,-1.69346203888367,-0.556004672824798,-1.06081095563189,0.289473917391386,-0.667290737244586,0.786570930893024,0.115122948176412,-1.39505935607788,0.509616611831627
-1.11540352916962,0.490830088428372,-0.601344891587976,-0.997806060687801,-1.65239545636351,-1.18911993293334,-2.24785423640198,0.261162284369091,-2.48863494882973,-2.27786752160774,-2.83473277843545,-2.39831693374757,-2.51914294825683,-0.193328226563532,0.650555670858709,-0.61141704853836,-0.101985236327444,0.260199036290791
-0.343579242340891,0.607847618793823,0.250331051404052,-1.23837446959996,0.254021445784843,0.574596154763993,0.322524914024609,0.742989476084111,-1.85608662341557,-1.02130884285337,-0.193171792207437,0.254710972758611,1.3368744741781,-0.167631225239588,0.695791490531802,0.253818365477317,-0.126836587971906,-0.166358535620495
0.757734900080779,1.00180552505118,-0.69069389767496,-1.36886574104455,-0.218779463964526,1.88301801067525,0.993445334953094,1.29591990670651,1.78315644383066,0.249071291108632,-0.63917768745728,0.359298701206465,1.54193889467162,-0.415144655328294,1.3513936872966,-0.318720828245673,-0.84913294508156,0.901405782889852
-0.449657039304111,-0.441993997633796,0.781971119697638,-1.23091830560353,-1.11894499599409,-1.51794714958689,0.3719812599079,-0.786971400033896,-0.82628574292476,-0.675764492876072,-1.53764885853359,-1.26341258563922,-0.674944758887318,-0.33115900349233,-0.4952449041086,0.677895444023331,0.399917205431422,-1.42350841986667
2.16064579604586,3.01806914634148,0.988279066781021,2.31972174073999,1.81209315302892,2.67560473030118,1.04975376392257,2.16356300422976,1.10415232041322,1.78597454441599,1.80680680433916,2.43376406394179,1.15024825133098,0.287427938030497,-1.44994080348026,1.4237918091405,-0.565067277739269,-0.701543436267119
-1.07562991596552,-1.5280829008089,0.48877440424542,-0.159835542091068,-0.707225145206875,-2.02392024582177,-0.316570288624422,-0.104882348868084,0.595461218442034,0.253210490208752,1.08261763152159,0.926010694471249,0.942732150128623,1.35924140099844,1.36802162742596,-0.425098817107527,-1.33940641994256,1.56193696549071
0.0846048492477056,-0.653957788571767,0.578343501473078,0.187766186092336,0.976549553822204,-0.142384649097973,-1.50110651485037,0.614384057000957,-0.868236858410718,-0.801366375408352,0.0604391252716234,0.779412340859289,1.40771619774143,0.146714484975745,-0.0390952819374974,-2.29054721494626,1.49354595187305,-1.80603101456963
0.785127562003283,1.69884030081919,1.16316709844082,-0.22802707434321,0.698134016340118,0.458868747394251,1.28105363645477,-0.926588564230562,0.725302142019457,0.257417685576445,-1.90402290775648,0.441098794759478,0.895787153106786,0.848461446636974,-0.263855114598374,-0.289092662951732,1.55403618349248,1.37078623936401
0.919347491082806,-0.0376426388033678,0.0336923944335374,1.39028463547948,-1.7045753705347,-0.558596371931274,1.29159796319221,-0.257833840534497,0.924926511292257,0.970039337846706,1.41263452376231,1.34586059433931,-0.204937800872123,-0.540644214874869,0.96356008324094,-0.506573568438716,0.981185796337183,-1.0903560087579
1.39970712831684,0.532678650991317,-0.0893805363990873,1.65966846404481,1.65637450905779,1.13041012106781,-0.987795611979056,0.633275263752797,0.669145083488774,1.48838126879318,0.151614128923932,-0.353567607641267,1.88568947832898,0.159227607521276,0.0291089795805499,1.58040109630576,0.375656235963162,0.310477811877421
0.0268058404505146,-0.78348680012397,-1.83301649385188,-0.489361891078204,-0.730043154645882,-0.301336078253145,-1.33512438562818,-1.2323596331532,-0.388988409636239,-1.56243267042856,-1.16048723330439,-1.08634088386146,-0.635308567661166,-0.89020315488373,-1.80771952445273,-1.42560913248034,-0.00711267348837034,-1.31049052387457
0.0429410489856623,-0.176812608103508,-0.888887855631715,-0.717970356696365,-0.700309270414806,0.697460065637645,2.4192984185833,0.168889789333394,-0.257792420034415,1.31673979081756,2.42459687629204,1.73861811541242,2.27431805622397,1.81324863570063,0.34772498828476,0.96761110181369,-0.18913256250105,2.40585625271067
-0.333599769029304,-1.10307311127764,0.0305292751989608,-0.141633324862183,0.589453921330589,1.42061776921105,-0.871323602547189,1.45211183081394,-0.483880675985475,0.120132261686724,-0.166091237547269,-0.122841403829304,0.651365463318431,-0.0622649724063194,-0.491497904791276,-0.382231102479041,-0.752844722731476,1.27913914423447
1.30167756799681,-0.120899942453729,0.378623015632245,-0.733874289638205,-0.366083074483626,0.150913982623673,0.456219151913414,0.126934366816068,0.623908121382333,0.461234763522653,0.392047480480997,0.786942742729754,2.54291274996064,-1.09059017892876,-0.328191927403856,1.91788659655424,0.373650588051694,1.92471600056265
1.10420684505585,-1.17138181616261,-0.8379550459943,0.629619603635789,0.82059563894428,2.04123573386948,1.14228926391818,-0.216035163391857,1.58275932866893,0.645814219700711,0.327809467245316,0.454913347756867,-1.58533950415437,-0.170276995900304,1.0078079274801,-0.671446043107401,2.08283529952121,0.899559270124196
0.0994765715668861,2.57647335926806,0.982019868435072,-0.353004908948356,-1.11892456603461,0.874214358543933,0.827652654209467,0.130513467062785,1.42245155058076,0.984597603449845,1.81112089926385,0.264677447575207,-0.0485215237460169,-1.4895682663026,0.33507092576085,-1.81006960985396,1.37694708722614,0.26941467940914
-1.33242502802276,-0.0431070876997924,-1.16479708500934,-1.1265927602775,0.838298395592711,-0.142386203595555,0.797682094692628,0.349773069701248,-0.425031414931833,-0.546887601180946,0.984434663597632,-0.792759205154104,2.22206117052313,-0.258564705194149,1.0678120666483,0.265931870560173,1.40464645160248,-0.678347747790483
-0.918741791713101,-0.49087492398666,-0.309677410066344,-1.14747422769318,-0.363108835136554,-0.0468469956302834,-0.00669759483737948,0.00177139079161481,-0.413952204339248,-0.626356419076559,-1.82009485858127,-0.76563231324054,-0.286302085667375,0.269403910457828,-2.11343861910273,-1.27899009695103,-1.25634624636295,-0.214157675901203
0.0741804970680223,2.2881669930472,0.716099769398286,-0.56445221311272,0.126465820374566,0.387686208524374,0.50944813783787,0.714911462915264,1.21323106122761,0.0526687533120264,0.285546883708734,-0.160359138659465,0.946221275167894,-0.68026641657913,-2.1933455209448,-0.238365661828371,0.280756831287109,-0.946980891766699
0.0202675232481336,0.600634005905695,0.181727928436414,0.913611008605492,0.210176589953472,-0.9071717332424,1.35745808731474,-0.371650344019205,-0.282580249887841,-1.43521766520523,-1.79504200372342,0.39651147244909,-0.626653670672385,0.67309864851741,1.26067575028796,1.18527758597869,-0.048550616598061,1.61619698106065
-1.5620392495651,-1.10632232842409,-1.20400637274472,-1.2488203388018,-0.24153450906308,0.105321651230391,-2.24866150316986,0.0488410489420176,-2.81934477171758,-1.14605237280113,-0.65004450685758,0.0343426832305472,-0.866040097125005,-2.56705964689142,-1.3796889007833,-1.28340469901051,1.472090476792,-0.868153218248494
0.819392211104645,0.082270095974825,-0.0919073408978966,1.81709855284927,-0.200336955326973,-0.758456788257063,0.185279101035955,-0.887297213764238,0.145717426791942,0.292404828690511,-0.150376168854109,0.26848067796463,-0.399800871692946,-1.33038915522717,-0.495687957496505,-1.09337257358666,0.289412664696541,-2.13280693073538
0.796733460457929,-1.12195459093378,-0.305482836490332,-0.262254299523258,-1.10672657130397,-1.22041814505215,-0.67945761656502,-1.44386946866603,1.68558313941961,0.25022316904745,0.737943482163327,0.469858683296824,0.867645285257482,-1.11267697142993,-1.16616201990079,-0.232275925329388,0.921874501679792,-0.59520525937872
-0.0690908995076192,-0.344410212740745,0.741069386539326,-0.177638657492178,-0.421873150029747,-0.657410135902547,-0.345247711283798,0.627221839438536,0.0818286137367531,0.977249642825273,-0.0213002540397229,0.330997633806001,-0.760641113191691,-0.57071640771974,-0.611444608557498,-0.847674930428804,-1.5132204331655,0.376855093357088
-1.16280194001134,1.17293638359918,-0.0477964340342523,-1.37311644930197,1.06002003078047,0.145777057152839,0.239825915998886,1.79547872951069,0.79831398058463,0.213088320076028,0.752919040003073,-0.553541601905318,-0.824495001550765,0.641283118113953,1.27908034766121,-2.90982887491085,-0.309206450158378,-1.45528824988935
-1.65400957485645,-0.126151199683448,0.69098578682998,0.724714470893684,-1.0412900780291,-0.154557222498113,-0.232051130601027,0.270744340087296,-1.11884518658112,0.805661576622671,1.45740744315766,0.628075008842281,-0.548866155975199,-2.33680561229835,-1.41969998496085,-1.13064378992783,-1.55888783966324,-0.910387884482378
-1.83693670352285,-0.439969786203135,-0.651097960532526,0.468781122260074,-0.900195249358433,-1.57749111047209,-0.0973016733928989,-0.326250977589354,-0.084050051426656,-1.45787530610038,-1.63348547663831,-1.12640267011179,0.53501301242472,-0.969806049724364,0.44361960949744,0.573682586567355,-1.37857949394008,1.37915615345712
0.397613164234981,0.358243090508943,0.15916291758074,-0.941409163317777,0.985365612312919,1.18833790505263,0.363590495003491,-0.942266003980896,1.94486100670249,1.10132686429831,0.911810740339198,-0.380760252213592,0.143432343680922,0.484549737070414,1.06959589139916,0.512601899048996,0.0264435224341969,-0.122308789746132
0.020283350027196,-0.092436514879508,0.0883889962748098,-0.120200331008238,0.930045435849562,0.0571833610904898,-1.2001317796068,-1.61763532246748,-0.880637144345756,-0.684643357950784,-1.33654268859501,-0.595547943071931,1.05473666224429,1.03781781860857,0.595590597924335,0.0156553659358111,0.875857617500971,1.34069423085662
1.37414770650337,0.759294603939772,2.29173722931371,-0.456915382385326,1.83803594135767,0.42620458490731,1.36651024520296,1.76573979692117,0.679696233499737,1.69424178273711,2.09359467679263,2.44028545013676,1.22127880705426,1.65144945388235,1.53392521236995,-0.824770504898928,0.42829072308405,-0.39486402531404
-2.15925209368343,0.116107108225117,-0.388840030557944,0.0967960062452316,1.83846220795052,0.93872266242088,-1.33229242044101,0.0219219229401152,-0.940634572067209,-1.50177529545114,0.369757860197382,-0.228690404121237,1.06319263139169,-0.250632341542201,0.0107879575738714,-1.10161766186585,-1.23582623546727,-0.431217048564015
-0.541300528425511,1.19419110537376,0.570924338823712,0.246894623730121,-0.665905560509854,-0.101812356901326,0.958584844925178,-0.122463396513073,-0.126297629338243,1.00897124871983,1.25386983737849,0.587000055844908,1.50814721906943,-0.0645126715253685,0.63380541536866,0.854360149900686,0.816399170934729,-0.176399084376875
-1.3389828269662,-2.5526622069402,-2.7663715264357,-1.67090374487038,-0.543570865400304,-0.00252362279476569,-0.995167695719266,-0.432404330185542,-1.55506738134497,-0.483870334957152,0.397192872222776,0.496425555609417,-1.83290791385735,-0.0217484208743246,-0.755499816006687,0.173354119211114,0.0632923897245352,0.396513099967151
0.0246018394569426,-0.0981016591607957,-0.951418537789264,1.07478240209993,-0.526159689995253,-1.26601493923987,0.312216682003255,-0.442180015095694,0.19824611679562,-0.591589516078447,-0.0390868662191959,-0.0253943328241671,2.26062434098938,0.607071992136525,-0.3682300363196,-0.258596956767306,-0.421598784251307,-0.219006678691162
0.734416914361229,0.383325832990601,1.10196271023695,-0.566623269387461,-0.139287754868596,0.00994415626331903,-0.928265183126237,0.799620110572487,-0.299999358839078,-0.203477262182088,1.49366912997156,-0.88658082159387,-0.880662475801127,0.118334307483527,-1.79302746241079,-1.71676863020304,-1.7368256668623,-2.42409287135806
1.01796924086752,-0.179367301129036,-0.509740357138004,-0.497605523772299,-0.715272899419098,-0.323344575132065,-1.07021885324703,-1.10416164934736,-1.10680421834091,0.918328869718632,0.940146615816581,-0.261259741930083,-0.703838033763205,-0.892595045104982,0.192972283715627,0.972063170100445,-0.136481098796397,-0.255957832648224
-1.57540051086285,-1.42135701691589,-1.62763339118803,-1.08711289618308,-0.270823337266945,0.0925646493221376,-1.79556854824675,0.431322786647297,-0.815070189449662,1.12263184456788,1.7284566616981,1.65958645141755,0.304037331457512,1.706682977211,0.931156585498424,0.248457289022329,-0.435951629561892,-0.000822076325986076
-1.38209651263719,-0.77138753048524,-0.495369168480977,-1.14515877745928,-0.024190280795265,-0.639613339826608,-0.805786670349784,-0.730739513718997,-0.766608433359778,0.901290549184271,0.306081669296337,0.267951295718935,0.220744100046719,1.11912616166022,0.926457230263226,1.36927610500199,-0.756852855118971,0.311760715346647
-1.7465632188822,-2.40945403870671,-1.83832978262948,0.431876664668432,0.363798117742974,0.14729922746492,-1.50172350432778,-1.23692792800444,0.0874886072963778,-0.525971400022511,-1.57634230263991,-0.477554241050855,-2.27096154145888,-2.03626761017897,-0.701136528168751,-0.380122981222145,-1.37678468374744,-2.59093757710754
-0.715600689891337,-1.48078978912487,0.157032486687812,-1.51223108747969,-0.823873878643612,-1.01969214487581,0.27874792022281,-0.296607488042683,-1.18186142164235,-1.82101927164602,-0.956259956391757,-0.808943194219194,-1.25534355523145,0.0685964797687674,0.523614025811778,-0.332143680623733,1.01663617444573,0.813967129810086
0.919480190089695,1.92108395432845,0.0382956147119903,0.0876731421855173,-0.474333251186896,-1.1399216293458,0.484219665714476,0.884040184744213,-0.460196883008199,0.38798937184953,1.7207352333049,0.379290467745896,0.507730325556659,-0.621634833113238,0.0243957170702948,1.58174965929289,-0.938910834560113,0.463019266441985
0.37767170020787,-0.857107700962373,-0.976178699778121,-0.888565111434167,-1.22593963566349,-0.00868745369164858,-0.25179574144946,-0.657807060240422,0.82754805264506,-2.53744387797294,-1.48054068045515,-0.359988894020522,-2.22760142497031,-1.49980448373485,-1.429972146728,-1.04907055545963,0.0794508450807171,-1.34518028604586
0.311816545893433,1.67434313174088,0.168895478512099,1.05270590557195,1.55425142740088,0.0847633349521205,0.134643481927172,-0.166308441615919,0.432108011891693,0.0323756988029289,-0.135140141241984,0.045942149654107,0.365914902986994,0.423900285223952,0.966628943375928,0.628840366678276,-0.00199140000405118,-0.720053345486137
1.92943043819447,-0.387666561498642,-0.447187187529587,1.5448388183174,1.31229993649271,0.911579454172929,1.54298489764905,-0.242068744665061,1.74122671399088,-0.846394058331509,0.527849855051155,0.345109239891782,1.10949811205349,0.314530391221675,0.298667705231609,-0.490035493571328,-0.491680486249667,0.330790587559375
0.193607547935324,1.42357813766632,0.18471436422358,0.791757458057563,1.15028922715936,0.803059790926274,3.11720625255789,0.21334216964627,2.4377385342543,-0.177797463818081,-0.194278754310205,0.381074626739462,-0.596556250248332,-0.279511105805453,1.14266923767976,2.26121069974383,2.85352353783939,1.39850851850788
0.836373301519681,0.427409568377413,-0.599928340569744,0.695680424410643,-0.524654925620093,0.741876941934817,-0.674914406987078,0.793699404810177,0.691623297319041,1.99473070492641,0.948492972666473,0.368190949783874,-0.0750234837753446,0.000347945810709142,1.39085700120462,-0.169291350589365,0.810618230652689,0.749782998873876
-0.158911953584142,-0.187294486622464,-0.396091842482045,2.46781067266923,0.251492342616763,-0.7957628935008,0.988326997461444,0.150800056408771,-0.186718935185809,0.0999612138846831,-0.961644006200133,-0.633925122173417,0.432329233628244,0.885585080526937,0.45836643007126,0.558094489160074,-1.37631981032423,-0.304275927460174
1.06911409563018,0.588819624943464,-0.254996798563472,-0.12832200054155,0.450932682055653,1.48184647987369,-0.918066889803663,-0.202482276796263,-0.368776662129229,1.86267432873622,3.19099520021395,1.28381190144146,0.485870263382278,2.28761756471869,-0.344084190037406,-0.625754191266578,2.76845965155741,-0.450655713745947
-0.687564327250159,-0.298067588386598,-0.582792445699817,0.454228795074587,-0.546869135533589,-0.653710335347204,-0.0832186108816946,-2.14920921253029,0.173623909161848,-0.2043690593639,-0.534252081550807,0.854031894409593,0.000170037240880503,-1.47807553180352,-2.67126559684462,-0.27049726692152,-1.13192624459576,-0.771346729497103
-0.794846380020368,0.368717935735399,0.918363026254925,0.876720471219356,0.616349048381481,-0.563071816651106,-0.612320130842391,-0.486431705614094,-0.420225643618366,0.753862675728353,1.54954053582155,0.490927496778287,0.937308834017329,1.6996352491222,1.80464269969066,1.49454746982332,0.683739053324051,0.74493474374987
-0.569165509586067,-1.58084100556457,-2.39723131432657,-0.22093463077238,-0.874598356578573,-1.77655700739229,-1.16534548408802,0.527591668702907,0.154472756377597,-0.963229998245859,-2.06749587098984,-0.129544606093301,0.512222183954429,-0.25453505827921,-0.8311255083407,0.333680102109482,-1.18954627529065,0.15319552617518
1.62255838654568,0.684236826229461,0.661218959198125,-2.20870151333841,0.0798748905989863,-0.488595498247246,1.6494277582963,1.4533235781478,0.946288788883999,0.799219916926449,1.87072418904969,1.25350942643954,-1.29494102854564,-0.8915311531829,-1.37925779736413,-1.57930442896477,1.04532033109094,-0.627026261743299
1.74460938113099,1.06049079747213,-0.612161315214423,1.36492371259296,1.2435561933683,0.62248040938982,2.293672645488,0.115411531387381,1.33971661536376,1.27667801789068,0.330464742428892,0.481277874711858,-0.241572089541958,-0.148504998399247,-0.128367998074286,0.232041966756267,1.13174005726199,2.95420848361426
0.653290595311597,-0.83521792199092,0.732584425172979,1.14862230024078,-0.269970059163596,0.155731131213918,0.333833351957266,0.534406982426649,0.0779720661209058,0.223688506959587,-0.0114821362744547,0.14344631711905,1.11678394942424,-1.19698961409232,-0.35660621378001,-1.46149731475979,-1.47965664670834,-1.64516587983717
0.907160074769729,0.185265004561465,0.476505266624166,-0.0195118596751639,0.465304347152782,-1.60401282229983,-1.62602678313039,-1.07674438661694,0.422102986108731,-2.42585383206934,-0.677955975468854,-0.41223294626054,-0.374120127822511,-1.0187122657125,0.271677506474283,-1.13498740512298,1.01932501335922,-1.11832471424709
-0.803079191117814,0.046739594792636,1.17295319180434,-0.713838373917648,-2.07887130016388,-1.07409102322095,-0.749797917681207,-0.831164280188395,0.267726802133527,-0.618808086359225,0.231354176922993,0.867412966813468,1.16398822753393,0.520828688679892,0.0472332495833746,0.0135641594195311,0.99699170361866,1.22402242860768
-0.221307393281458,0.0425700363492121,-0.522176486141243,-0.976535807455061,0.413502379434915,0.417684918555622,-1.15664785098802,-1.48852025146462,-1.22284329796501,-0.77652136275516,-0.139077094533982,-0.457841337702653,0.0596569000441763,0.23128793774232,0.516192667759205,0.585836279258586,-0.486155626031675,-0.718119668036707
1.86590029949096,0.342399221795022,1.00648688697872,0.7042636796777,0.157281933974316,-2.36634059605544,0.735049781529221,0.0420398855678815,-0.823328242480284,-0.270007057953015,-1.03043566057224,-1.28237716834898,-1.01973913080318,-1.13813494321438,-0.559140747588477,-0.209646272481992,-0.731144315323721,0.131038553520814
0.8955421899851,-0.00597082522411607,-0.0509081105315853,0.0142515504629845,-1.03917041619554,-0.152090750180977,-0.856057402770931,-2.15773952303864,-1.65149072546117,-2.01751817216716,-0.464312826463369,0.169129066613466,-0.581628852564916,-0.687878623019487,-0.401883360919018,0.966290474740111,0.508948761016445,1.18340727148235
-0.244424539453958,-0.721481005052939,-1.97623568741569,0.160543739519981,-0.262718321286664,-0.86129536171713,0.112842816291488,-0.50514593028346,0.393837599953418,-0.808563121714256,-0.818908684463437,-1.58727812193302,-2.04351033573313,-0.535341363072624,-1.26588756695389,-1.7014408421926,-0.877391926539634,-1.54884245592891
-0.245032858521559,0.571737728829404,-0.215578932912524,-1.33831258097539,0.222115320182961,0.184834997397029,2.98369727935494,0.597652358074841,1.23685518045128,1.21935768639015,1.27290769674929,0.827652348755288,0.590494905706274,0.643786769630581,0.848619478599737,1.46823871479924,1.72046470882816,-0.0803626064100262
-0.752659786076908,-0.307925894394369,-0.666805688961765,-1.60149989988721,0.203303072939686,-0.421684646101905,-0.697239455818617,-0.241980354661083,-1.45724919051306,-0.731288115229546,0.939564785038581,0.206216433891069,-0.309671136420321,-0.379562901447378,0.608561846978663,-0.181429188223526,0.171773895997666,-0.71376541627904
1.24848305190136,-1.26278492125289,-1.25529703433476,-0.402560430595448,-1.64688090492963,0.68122174241034,-1.21548073503905,-1.43659122904027,-1.03171285593757,-2.70030869687224,-1.422203060466,-1.63190533287537,-0.72708511418289,-1.14160121671649,-1.8648759801592,0.383284711671864,-1.06157218130185,-1.22161455737068
0.924164547041254,-0.0783373818685795,0.0326527826851879,-1.08189575540284,-0.229265445607065,0.779922952492242,0.176114729516264,0.190957759776325,-0.000129608897344969,-0.829950010683036,-0.127369885584094,-0.595513311092406,-0.0173412939010817,-0.221796191880417,-1.10410128583563,-0.42401315035133,-1.18148811286255,-0.661130571953892
0.650751193209426,-0.0463433191548861,0.545905979424609,0.241165528455366,1.80576217743871,-0.0877846946961953,0.77482614024787,-0.0685983324448246,-0.0858995499275967,0.225344678562143,1.11155025959949,-0.709981637508889,1.44355384232647,0.50777390577846,1.35855345035333,1.69926760409664,-0.619064645582517,-0.107434914145292
-0.325201845354012,1.11365254848772,-1.10122634815687,0.2607133184957,-0.71764208613244,0.76956429662408,1.00741431025038,0.217364520243629,-0.255841916059159,0.238434911793606,0.102605708272817,-0.647356320184044,-0.25120244617959,0.168621364390513,0.811912074754903,-0.60492791913249,0.476274135560769,-0.390853913290782
1.0705606177524,-0.245126268730229,-1.19302910465735,-0.0626783230913155,-0.217741058119738,1.27381851822037,-0.11520972287989,0.329300330662897,0.413372651438764,-0.688157415740392,-0.751381761968855,-1.04941253427131,2.55471348095611,0.585784801088025,0.595927651124091,0.337376159896993,1.29568157224093,0.0160310977475049
1.02900388770917,1.89375803830281,0.388653194469569,1.04424461420496,-0.751382433197293,0.105978889986543,1.17116242626092,0.821827472918712,0.540022327352966,2.14367412333006,1.09507229403835,1.36549245116013,0.350541403634558,0.583997997464839,1.76299025726533,0.0899917209591691,1.8366449878533,0.257288698510747
-0.63574353900331,1.14287695599534,-0.365514433399922,1.25646351566445,0.595383024474427,1.5798080209876,0.223196084947691,0.0471284892060205,-1.29121624709205,0.585071006440088,0.93353490356088,-1.27686271945742,1.36647701403595,0.237919566147435,0.675437855068941,-0.227752328989334,-0.766149527271966,-0.855641228490136
-0.589067356478276,-1.86279238547797,-0.440451994309298,-2.06908255533693,-0.305809496077586,-0.0131286160067598,-0.294892928200932,-0.53202682169112,-1.07169832708722,0.396345463116083,-0.841155274837692,-0.221945961938994,-0.668733218310801,-0.831845025466598,-0.256717850390392,-0.62274503002586,1.24410317070883,-1.1243063220538
0.616510126542118,0.259434537862516,0.397154141555934,-2.01003295186686,0.295521796194691,0.274803938148513,0.740595112734802,0.076600490911215,0.0958791989002339,-0.0412444977538244,-0.474273597474322,0.499154933302892,2.08314086444312,-1.19170914937165,-0.752151539236906,0.77096230040858,1.18348643626353,0.333955139307946
-0.0733653721159604,-1.86651638600778,-1.16874797822734,-0.390881493163699,-0.667624578645613,-2.67100605207835,-0.67213046838032,-0.468147099689016,-0.391689458552686,-0.894993714070923,0.0685508658039706,-1.2329960115652,1.53515784851359,-0.889997421162972,0.657569156493795,-0.932833442976837,-0.368431622971414,-0.964013452124969
-1.18735254781627,-0.580725537692509,-0.888059744580639,-2.82296468352011,-1.12168409232072,-0.944948844286277,-0.137020072847552,-0.595850340314811,-0.732837879586091,-0.121907592727869,-0.345499870083911,-0.629667228913303,-0.071517677010443,-1.55051323606183,-0.516243793982786,-1.21800777866317,0.304496106124494,-0.84766137227
-0.634580732736277,-0.975410792964717,-0.0803311282449615,0.779675681141776,-0.614660364198315,-0.281751898412605,-1.51852047005552,0.372842670095315,-0.128059399686631,-1.19832751698406,-0.40589435776242,-0.412470957397959,-0.157996943598697,-0.210348124040023,-0.0631181168829198,0.417911107415407,0.444396142281112,-0.504235199171717
0.210683841970509,0.0746831980856759,-1.42203176474128,1.7757090356434,0.73395415209299,-0.427973998527336,0.52796396380129,0.740866426124019,0.123816706390477,1.32633382650904,-1.22717645950824,0.297072011562425,0.434062721966407,1.25006815552672,1.55532511381147,1.77712526478093,3.97301251040012,0.793390763406582
-0.859296731256005,-1.1029624909358,-1.68673936064999,-1.60737682439313,0.614995121210497,-1.15659639504952,-0.557791842436072,-0.667931969417228,-0.270612199196994,1.56410803991893,0.550900662263071,0.777085736488948,0.38711288512965,0.390660250931396,1.0308181891892,-1.55881816884816,-0.27730801916562,0.481531065408741
0.34414983471726,1.70550397734479,-0.686593989288398,0.629281300757427,-0.515144999394541,0.536001147487538,1.68720357832417,0.67323014129954,1.56734571904516,0.731753455017413,-0.621506576550397,-1.30504244008267,0.130887286634157,-0.90561815786061,-0.0149700630629776,0.26811659193224,0.474465856984116,1.58816935146918
-0.0667399720249179,1.08629532012709,0.92279269304656,1.90857463939675,1.16193502697223,-0.668473714094017,-1.56744523006605,-0.749127134461879,0.416092750781413,-0.100106322524106,0.0274875981441034,0.791254369056396,-0.199362273186625,-0.771800311408071,1.46366973631113,-0.358077716905714,1.01924059920445,-0.161707632162458
0.0594253340772903,1.41810112404139,0.303934246671049,-1.5440365267156,0.261305450041881,0.454216006910508,-0.450834274351344,0.322474358348993,-0.174528088447842,1.06120946628473,0.503529508451791,0.456905199250888,-0.840187761333615,0.126702608742177,0.273190209751198,0.0366073457913769,-0.129832913525923,0.692541714543294
0.250413924935563,0.300233560665312,-0.577389300187986,0.698744085141735,-0.575925522776094,-1.05549854327014,-1.52463308931037,-0.81741340033943,0.209362037098692,-0.487364230689846,-1.1238632068147,-0.355522380438376,1.46855919675907,-0.259130906461978,0.699230664743313,-0.970577347437846,-0.39046996577604,-0.425693345698158
1.10801045792231,0.683768404517173,0.765795878229181,-1.04895705974562,-0.616068584740845,-0.819822538834625,0.818893323235997,0.484116665535753,2.00872591115561,0.30337063107087,-1.32993261476734,-0.728520391256998,2.30458916646822,1.62845641808978,0.374859866418819,-0.322160221820514,0.244716709264622,0.644184145109124
-0.291199110431767,-0.475733696893952,-0.812093518657275,-1.084180994829,-2.15938082262915,-1.17946492911599,-1.53110596709815,0.113135615814473,-1.24356415332813,-1.68940939741748,-0.207974802169086,-0.520095696383753,0.189934355845526,-0.585314518455552,-0.139278697220071,-0.591705830034199,-2.12257185892874,0.958989451997743
-0.237961483161538,-1.61397401310167,-1.25063035554041,0.872496415894971,0.468120318612268,-0.835876488108498,0.922542121953888,-1.0660500662411,0.469871320810777,-0.563081166214366,-1.41678189728152,-2.25498898241471,0.293544558877274,-0.718295218000698,-1.50316697879552,-0.947105565290257,-1.15199534273151,0.878302907180362
0.211077420324119,1.45914072864374,-0.667956577700351,-0.331883419933401,0.22652123697248,-1.17321635082101,-0.377588409917671,1.07035902094519,0.45324172178841,-0.872969919625487,0.242727414407131,-1.42907618576254,-1.43203997415276,-0.679016260965317,1.74851348879561,-0.145269642572496,-1.32697642975823,-0.314185214298951
-0.0162870636554284,1.8553715238261,0.879872373217221,1.23591370713637,0.397889000113762,-0.0015839227108281,0.671639671208208,-0.37816293074892,-0.254912940571196,-0.83598371093634,0.0572209146332504,1.75574222243408,-1.22424291581511,-0.188316346122046,0.571230001884885,1.71618449349729,0.302976765897407,0.53707182154491
0.26343511715886,-0.640202286309086,0.0604723203459141,-0.127717565148091,-1.15943746852635,-0.225708404664621,0.304570585567821,0.110278733484292,2.23786399036278,0.781974618560311,0.505083611270125,0.172862176264093,-0.334161752061842,0.114720161662798,-0.190352732147688,-0.367459060958322,0.400032065766556,0.848340598734778
0.0340231021253702,-0.500604497302993,0.439386325046852,0.470463376681304,-1.10793075048789,0.487069234819415,0.29685906288427,-1.33074476266473,0.760198008614846,-0.304267906544732,1.60170193287755,1.44708168801689,0.803101951829164,-1.77326999387175,-0.760300511857139,-0.0695833692639109,0.096482017408028,0.587519794561712
-0.276629832620491,0.100689111644577,0.424035323336518,-1.20002258797242,-0.421596323939274,0.124562388404521,-1.03413359184868,0.0160724720474708,-0.433508604500786,-1.23916395629142,-0.245350171982403,-0.485105323292913,0.426852848369235,-0.870256080477658,-0.628508752312797,0.393010760477878,0.989258161067619,0.917372685847497
-0.0193167970889161,-0.0987219212420874,-1.09141429544085,-1.90293773317217,-2.6142836831603,-1.62906634544708,-1.84450305422751,-0.0101731988168032,0.295714530256084,-0.449149411678033,-0.327164079694871,0.218657378940172,-0.984655891053224,0.235508325363828,1.58710267837919,0.751703453301892,0.456588591536577,0.541864905381498
0.416958905971874,-0.476848722049177,-0.00560556209388662,-0.720109306847161,1.66833770064837,1.23758555154972,-0.22399347901881,-0.911193416309915,0.580999298516158,0.144143211751703,1.11408212000385,0.945927995103894,-0.76159609895514,-1.43065429487253,-0.373548331424899,-0.243963491320537,1.20596699444684,-0.367550207723456
-0.681817910294113,0.399357905689397,0.770007175829452,-0.822017608082149,-0.819547046664595,1.0324397307321,-1.70796260351788,-0.405937444040315,-0.700979391179353,-0.995386548988898,-1.13644870423166,-0.372907102749498,-0.681226230189497,-1.18135125072481,-0.435048254116104,-0.80051501724107,0.0627566205897207,-0.440992316837322
0.215183371920188,-1.29163895405692,0.333318671325564,-0.24990773561843,-0.479407002476808,-0.353569574693789,-1.35918994546278,0.724050398374572,-0.57345212275473,0.364671371362837,0.872458241047277,1.10260335695637,2.85418595502011,0.898116158813487,-0.130007113752721,1.99259244699354,1.13229085621696,1.69755443958336
0.0117728938686127,0.510425386803508,-0.908877187437286,0.629925424536895,0.814940226714832,1.19181641096583,1.21970426193652,0.421796618002423,-0.147242860973273,-0.172590150137506,2.0798403164914,0.311671542952901,0.473940837343858,-0.593059848010079,-0.86351483224263,0.0258967664021216,1.07944360418832,0.217281425067492
-0.404240377805239,-0.703573559303628,-0.0975775109533201,0.289318446824655,0.712002757744852,1.18135059615259,0.753930698351946,0.575003579882803,0.515670735831,0.302691219821866,-0.491090969910135,-0.0286875788646752,-0.810754987029758,-1.006450200237,-0.287445282841686,-0.153032264654672,0.392410213772555,0.738026575130008
-0.198149682213153,0.0115311562475418,-0.517636871777331,-1.49818834744429,-0.36799147750577,1.16501859847496,1.15407630055222,0.147186447354453,-0.382832977350813,0.085569619572669,-0.108064743061827,0.04284220968111,0.435467925954425,-0.971042423529093,-0.480383099988147,0.474654290625338,1.60515149480865,0.134894860446494
-0.844737918317846,-0.403801850796729,-0.361774953293937,-0.639003589650935,-0.817292513386465,-0.384521543018254,-0.643195743284095,-0.713127242145041,0.24908185149692,0.202036306475232,-0.334113384345873,-0.338481407779645,-0.00479053401941508,-0.142609189115088,1.46230234761899,0.414892124400699,-0.62209463988698,0.508202147177406
1.09614272227527,-0.76173639444592,-1.21456487157109,0.507278886204444,0.328904025662497,-0.826395517581389,-1.39724797365704,0.0145583044826043,-1.6499943424699,0.478120528542496,0.34244674314671,0.866702478840288,0.0138343053400076,0.350245805177176,-0.293038244016728,-0.163442301208922,0.832785992648291,-0.155443832417453
0.55832602313645,-0.869385402563437,-0.381725696235543,2.42275868623214,-1.1416904001479,-0.756634340455816,-0.060550233254124,-1.54793118893336,0.97807664655862,-0.979057595887449,0.648648735766318,-0.571839595804438,0.926087299761193,0.191488276890182,0.227150899302913,1.34962830843397,-0.373638805112184,0.197053356940833
0.728208880233307,2.1879132237812,1.19397064302805,-0.96502165600831,-0.882675696923993,-0.0399820123068585,-0.608628598047586,0.670886842146705,-1.30680890351323,1.06268632558541,0.733187944593175,-1.07474619808541,-0.716810890276591,-0.00970965620221414,1.59622400051247,0.149402009138028,0.547631925974662,-0.678742606722338
0.283901135781001,-1.07909268326583,0.048598078565611,-1.00088507312124,-0.229680175376736,1.20560999930686,-1.01418740030444,-0.687231215253024,0.448552091142609,-0.44004497623392,-0.348618480113164,-0.275743014626085,-3.19370178301659,-0.300596496626957,0.899682299584329,-0.169797760851298,0.392744111577631,1.40851347688654
-0.0193795058834102,0.27846061519416,-0.144202359177573,1.47041208485038,0.276657294881958,-0.0908789547122835,1.49746545380585,1.23275259150261,0.968337552524793,-0.506971086557285,1.24718528676437,1.02330259386643,0.406887921668406,-0.237729052429022,0.431594141258601,2.20125527927225,-0.0132869208211032,0.724457682605197
0.396194624273825,-0.106036769921291,-0.266515817111624,-1.61632769041686,0.0177740972231694,0.51972171039352,-0.430717761987691,0.291431808795625,0.231873979135345,-0.00325903343804324,-0.12795605337143,-1.10779807621834,-0.221444800287916,-0.817787859373786,-0.867463433125126,-2.83772289709708,-0.671071490092784,-1.92350664660005
1.0162139703481,0.835705805524551,0.654450045404485,-0.145822306587668,0.953315768583506,1.0945190629687,2.82452416341412,0.889936540543306,1.40084872866247,2.01489092624789,0.843095543119569,1.48604404999304,-0.745870372914068,0.863210310462734,0.268281030283632,-1.50423605290519,-0.18256825595185,-0.451586853920197
0.463261175779551,1.39612085966507,1.32752743399093,-0.199937116614875,0.372700330935378,-0.993889885360605,1.32569371274331,1.0938964361719,0.0739318272876529,0.848599229876672,0.732749395035163,2.70946698074509,1.10619189121661,0.0485712864656606,1.28257169203632,-0.11148302435887,0.175971043781671,0.79405960820321
0.422538289779868,-0.714580426102026,-0.0885917259068578,0.154022517965984,0.377645524502911,1.58719068838151,1.1157007268574,1.66441859979456,-0.335634953820004,0.554365746565475,0.456676857096343,-0.863339339825778,-0.498581698161573,0.0813243810668963,-0.323565819482536,0.920306472583606,0.555007525966341,-0.511184548898124
-0.274536393153941,0.643611796478539,0.586049941593807,0.766990539552384,2.18416710942879,2.21061054055393,-0.467924080119529,-0.922523107010833,0.896026346393319,0.0384126456442398,0.615413703141628,0.464074855252261,-0.0492476413498154,2.32821971392992,-0.233810817056372,1.26661583920229,0.518319495713941,0.88570684153279
0.617792088677658,-0.518984259941186,-0.852281437749813,-0.422525246146497,1.46017966998235,0.301091376901171,-0.196525460915888,1.11216664186125,0.137193998532026,-0.0185837330237438,0.202319164876257,-0.168828173187308,-1.23746223016455,0.958982560667924,1.3679359492706,-1.34830000246749,1.89380914672629,-0.0351497466334429
-2.49456456624661,-1.46807593024818,-0.0659429584664657,0.220356700932092,-1.38545304049154,-0.302197316186986,-1.72803199267244,-0.733584838094123,-0.812088860404686,-1.93859739149778,-2.60319740993165,-2.5392473705331,-1.21116872225044,-1.27426515662965,-0.479446717968032,-0.441739262417165,-0.457808502350574,-1.25904541303949
0.33104746928007,0.234665689139136,1.40445881048154,-1.56377493998253,1.24417677538383,0.130466517614504,1.58927159422329,0.566228230109132,0.86701378060751,-0.675293442261263,-0.0222332651197655,0.574122024730922,-1.62135545655987,0.207745052428517,-0.490570792785142,-1.30942313883277,-1.17992783789762,-1.46515790686844
-0.0197354462764117,0.0123674323714013,1.35373486171222,-0.870099586994596,0.867258053698349,0.937510161793098,2.20224247715319,-0.107433203533541,0.12602719124446,0.484129756379745,0.243399072218818,-0.564784594673249,-0.852083716581987,1.60018677939289,0.8499560273548,-0.704291151429722,-0.749618731808881,0.359570218413589
-0.60080184373076,1.35048682320184,0.575583263379979,0.13509805990412,0.909938555416932,0.852029528814398,-1.07812133709579,-0.014460077827197,-0.979271560066681,-1.17342042658165,-0.552317348139303,-1.06408324270327,-1.05922099191919,0.600626618020094,0.179186595873255,0.788867016810344,1.56246023741843,-0.228047216596977
-0.597268223369043,-0.373565587630431,0.107318708672432,0.36663032384629,-0.459975500804705,1.4981747342117,0.142142877115774,1.22610206878966,-0.378846158058055,0.593809990716426,0.437029219015116,1.05096742496786,0.913481159831667,-0.651888108851561,-1.91202135547754,0.633714219506733,0.313074714855544,0.0806587372314099
0.0206209625050642,0.0843690169912936,1.50079964343439,-0.103147383929021,-0.882501820812689,0.918205557373942,-0.31143476065765,0.412314975820854,0.0719526251787625,-1.33738680981933,-0.549563969087525,-0.809262514047543,1.21697602309854,-0.275676855447155,-0.95943100293572,0.251764942339631,-0.434046226792962,-0.896470025347059
0.129520362077427,0.460455329153652,0.121747105262484,-0.210266297860358,1.30935760761384,-0.546496892761012,-0.215648624503626,1.23074169534873,0.675629617062634,0.388219741391451,0.235177659407366,0.0673427600966547,-0.467805591817987,-0.00565985795336526,-1.45778980633703,-0.568317807560487,-0.176352026689975,-1.45227518442254
-1.49397772445437,0.0238485889019885,-1.47100192559741,-0.364602064868537,0.502506000148254,0.152850319707203,-2.35684574057201,-0.681878757553059,-1.84757531105126,-2.05658260722643,-2.55698729301025,-0.588571970022627,2.16655775417865,-1.50364877881935,-1.19429902972853,-0.9371540229901,-0.485082333458212,-0.485323672517679
-0.124137728544062,-0.0645439331323465,0.0171187442614965,1.73945389314593,-1.59533957233639,-0.2501852272456,0.76332537278441,1.21255280698292,0.550245088836379,-1.10572748696845,0.188322008114851,0.615307263383011,0.819938112485364,-1.46535246896407,0.315229444158927,0.060061610608134,0.549903330305439,-0.828065895445718
0.638075562713331,0.272240262861855,0.140360147351634,-1.11881420232149,-1.60387220323008,0.075751600072901,1.56053281203382,-0.526975673866371,-0.126308835222089,-0.201842492681904,-0.46873412168279,1.18176846548746,0.674276940153387,1.06732510739596,-0.342717961290002,-0.464193126182786,0.701789729937014,-1.79660282825206
0.0705544048536144,0.496509248074661,0.319631724912873,-1.68387387161505,-0.653488902024834,0.498586340414967,0.363712855679876,-1.47761500914649,0.658056724710765,0.486311408945742,-0.420241612028428,0.753579948928534,0.160450611850531,1.15720014121737,-1.02560151795045,-0.375514143871798,-0.298813188295653,-1.8984521273511
-0.0988099961951515,0.0844600739501917,-1.42589566387108,-0.4743494212926,-0.51034421924333,-0.0494912391217818,0.0139347190744542,-0.661223274874493,-0.0188871142169893,-0.454515428290417,0.406514352130714,0.023774153070589,0.124981425479573,0.344514920191417,-1.02188923839522,-0.405351800737186,-0.783832971235393,-0.134417247536001
0.837742491069806,1.55211002181242,2.09986346072036,-1.00211887683115,0.591972825098225,0.0980856652155255,0.518964978796415,0.162053944680529,0.50433539932055,0.779583611519835,1.04600598197119,0.0388412724256691,-0.745560947323341,0.593687281910553,1.16229149246529,0.504732310571228,-0.100806674157999,0.944855522741962
-0.516759326700405,0.0712790548975617,0.158831873766886,0.970203281678342,-0.0974327794341164,-0.263305106079058,-0.265977098645474,-0.254649797108686,-0.237401243421099,-0.51591110532913,0.379484562120165,-0.313035579980374,1.99393023391456,1.30777174444762,0.527123031761039,1.91778091964487,0.0772721800500748,1.6687091458521
0.190598640234118,0.285926339397522,-0.321482030911706,-0.0449652764522645,-0.00176848654493861,-0.572255116067635,0.516998996120376,0.271455986760615,-0.42643524839961,0.56129412792388,0.881331705798865,0.153864756608105,0.973657275832489,-0.18778576980145,1.91772471667734,1.50899152753292,0.927737094372383,0.933124008420211
-0.536396861331585,-0.703926980443018,0.0529481069405874,0.700769115514157,0.605144489392786,0.0195315263351212,-0.405277510020104,0.592569191882674,0.22753902400055,-0.0305972127799936,0.728888168495319,-0.305258098456996,0.716486590350758,1.51230161757868,0.169056641187857,1.04952675148835,0.102461425725595,0.116141656728718
0.918809271926847,0.0981523052573826,-0.176930516378946,0.82603664898778,1.82782338468,-0.120195919989119,0.486929806821907,2.16414887633341,-1.0089957597051,-0.724153644969503,0.294993803685432,0.258170794203851,-0.631887718630339,0.188720141464384,-1.0993991518426,0.522489176845258,0.989467874267344,0.290860272778512
-0.745901048782656,-0.858980182404048,0.208581452908261,1.12856407508797,-0.345670530549286,-0.16728006849458,-0.327549001972182,-0.578599234167774,-0.875866749663572,-0.517638963102218,0.495000364055511,-1.78782130317045,1.04454373616072,-0.282269495290549,-2.01402923581304,1.71062138631751,-0.443701355981482,-2.25637196912006
-0.547215054843328,0.717440928209304,0.633837217386253,0.475343388548282,-0.594271455857797,-1.09779805212703,-0.267280357289788,-0.0286300022250268,1.08373366122589,0.427911441838735,-0.208721522098827,-0.0177526939977696,-0.0978342778053609,0.604747229327368,-0.870052399114246,-1.472388112271,-1.33701080756279,-1.42927187688816
0.755268177273849,-0.0178862894703895,0.167867312266932,0.775890643704107,-0.661779681863475,-1.87968535624432,0.154492403536832,0.0507616538650899,-0.0831746328669166,2.14336355885381,0.757541742157212,0.529996060046434,-1.2719705217243,0.233041620969735,-0.0915435310942503,-0.0881663383917924,0.297178888278334,-0.230050789105347
0.311305109736843,1.05089188677534,0.989585140572379,0.692971615861224,-0.626346335495119,-0.823007138223436,0.671047644747795,0.0730762348650343,-0.268735823881436,0.131407947545426,0.354349586168428,0.65828988692578,0.388671638663582,0.374180663304426,2.44179499206892,0.305075911171488,2.477584530988,-0.386478835076331
-0.173055292154409,-0.859334780728495,-0.077807744794342,-0.650603874760917,1.53390647410576,2.28078018390777,0.677200759342005,-0.654284179902883,-0.679473639863503,-1.02803145913656,-1.47809189563653,-0.324773996350033,-3.25270471053645,-0.158773863767044,0.556514257015793,-0.279755325039061,-0.0970764375503625,-0.519115606161815
-0.341916042716947,0.547733185054212,0.0270361445005941,-0.921056035651304,-0.117831496458825,0.499846779032988,0.453550110139472,0.692906981901188,-1.12971064358083,-0.0452860153456051,-0.35912295004964,0.364700781463778,-0.137535665612324,-0.220955070920776,-0.276128399052834,-0.199132822073544,-1.33873489106816,-0.237769493932027
-1.89865406720796,-1.70595287608349,-0.540022759764447,1.68088007099255,-0.253050137996243,-1.43367858219493,1.16311126753352,-0.613538571324472,0.568949017513504,-0.759725143623481,-1.42702347335721,-1.50612327288976,-0.263866982927615,-1.55552585065582,-0.787446521612348,0.0108418662437807,-1.00215469818812,-0.451811586474294
-0.304214012932945,-0.676914462037703,-1.43496319451458,-1.88119980365516,-1.68794145455512,-0.105754399592993,-0.0196198066106135,-1.08536747337475,-1.08631738348253,-0.762016395730641,-1.06833625186821,-1.28979843688326,1.41479871468625,0.139923592445581,-0.975005082185857,-0.852235554140874,0.291239836486332,-1.15990593366721
-0.229269309681716,1.20710544770604,0.487032293346245,0.506419075205819,0.0950819086560884,0.234335695484385,1.88630326399294,-0.672403455213573,1.18221217251916,1.55606759199186,-0.970039702687689,-0.102991753588646,-0.167718602382269,0.720718845158001,0.91792110083362,0.690768338163486,-0.123434499349032,1.10058971644496
0.809439105641314,-0.00152082153008015,-0.0663200670333288,1.40805783491527,-0.125574247834993,-0.94396039328742,1.17765922014068,-1.32479306623307,0.39063184639416,-0.347352634731601,1.40213107090855,-0.440926939736341,-1.9295659632389,-0.119967768809266,-0.0764195444123071,-0.693860310677945,0.892467276253292,0.949808334853025
-0.872177332595196,-1.47680177582769,-1.11633887851836,0.85981105806822,0.284556469760443,0.0583304654124712,0.726125887145935,-1.60829537934451,-0.715507711921466,-0.936582844721428,-0.745076379720337,0.0349626342649818,0.054823440580782,0.125229266178674,-1.3879081162676,0.232509458166283,-0.229612460391866,-0.246657173541126
-0.468266507470739,1.18200346035906,-0.113643790499003,-0.680558061144735,0.164868179398886,0.62677087185112,0.00677515382928232,0.559392460120825,1.23401524700393,0.90806448436754,0.179590824890697,1.95474569883536,0.157234116381564,0.0415792151847656,0.789065896997554,1.24417973208884,0.760139530110274,1.19294283382961
0.0771124181643289,0.488650101888565,0.110379061081681,-1.39985379996,-0.396007064638655,0.753618855071231,-0.492674575762491,-0.576750560233887,1.24112550155148,0.499987155683744,1.559836506946,1.59133970877286,-0.372961676134221,-0.16536695727265,0.631536228711232,1.49141774001738,-0.434309480379247,-0.0661999800250851
1.22725854261963,0.638734529406959,-1.26149540974755,0.695597026127189,0.277408476389308,1.1052320925113,0.0224200350054078,0.326351392206813,0.258417532776548,1.75636992100532,-2.15331080414446,-0.149310097847602,0.761750459368532,-0.625310144389802,-1.16157309541428,-2.24719500619748,-0.0321065043237637,-0.530756301159275
0.504832461762548,0.255570755100436,0.46250518184599,-1.61501882525216,-0.512569943743635,0.638898502504789,0.660465356464088,0.491170430708086,-1.35726369343581,-0.647951498558767,-1.19041580689545,-0.140394526660399,-0.74180190558948,-1.84262777639706,-1.41325612245772,-1.20894968048434,1.18468489645169,-1.22283453101212
-0.040032567293643,0.402996407351176,-0.253267785864421,-0.756719454399355,-1.26266795212162,0.84214560947087,-0.241617290688775,-0.739962169182924,0.104422856791411,-0.121324981952587,-0.371600658499696,-1.34011311672707,0.656144569614983,-0.526647350818839,-0.803295024236672,0.676514201453204,-0.246617061195943,0.5473444899604
1.64818869363356,1.33274883581207,0.569077107433288,0.0681542146336495,0.347144462031526,2.19606671680422,1.05501654180582,-0.193386438586974,1.87516347061326,0.607844878095667,0.161327653364968,1.59292150933647,0.0268019608933421,0.191900281859726,-1.05617976149877,0.0234256434344944,0.00794294335246025,0.251779329535377
0.789276756804557,0.313599107119417,0.917920452413727,0.942865474191211,-0.465292531327894,-0.868371525668781,0.105388097973066,0.977290933763623,1.71516731737394,-0.127279507992167,0.853236133860778,0.231227932342458,-1.28289568490823,-0.714072451845432,-0.224463703997394,-0.339535001152976,0.832462365565505,-0.276989621994054
-0.189924231308627,-1.5092433767719,-0.406184051399664,-0.0628018299499006,0.0981278402034899,-0.313625300208766,-0.156228501651223,-2.10527717211024,2.01229610188435,0.623254087351113,0.144778685704364,0.113559288385005,0.16986839034591,1.70508830405931,0.219385631321728,2.60772296863756,0.944687468903747,3.27596234484193
1.03961629116509,0.580470685365493,-0.666020007283127,0.082094658864338,-1.15500663762724,-0.448876023394355,2.04012374827006,-1.17249542938346,2.31234975868873,1.43276800851599,1.01475408552959,1.3141569347292,0.815218832940247,1.30121600786116,0.564278096813151,-0.647304293135494,0.0195620695381953,-0.0803062686635919
0.0920860169679548,-0.284707333689939,1.73314734649294,1.06354896953206,-2.01679471055003,-1.3892961834917,-0.994884123873447,-1.85005955683337,-1.60824160135849,-1.47344144426883,-2.03129093817025,-0.661014277076241,-1.67867940689353,-1.66104048604995,-0.936533718290947,0.0347985505189394,-0.350741397597203,-1.89906750955856
-1.23756575202971,-0.709237825752231,-0.155249910797007,-0.0960931214862095,0.8253460817606,-1.41497651244135,-0.246977603068847,-0.956457419283565,0.312767242709785,-0.597415692586464,-0.113701693236838,0.218911532988569,0.223274645590346,-0.955374507551791,-0.185765633559205,-0.0982717620943977,0.314195231546914,1.2269070871865
-0.295319904524787,1.05258042774053,0.821868412413862,0.326832690009578,-1.39109296173704,-1.15806912747987,-0.864096173024146,-0.278757712243218,-1.59572564345415,1.80341145776551,0.514683146613162,1.04322454663377,-0.976616773946795,-0.118204210239593,-0.208069559696005,0.751950149094735,-1.3752614897142,-0.319390443175573
0.276849616537877,0.0985776631885495,-0.338421492015445,0.70050339053214,-0.0246899007359335,1.21278882639889,0.411230339713194,0.147518137493316,0.637915547742065,-0.764634457799939,-0.964785798126424,0.228557802191587,0.266191532340133,-0.308208237222453,-1.36128481784299,-0.680691709792944,-1.5861660647409,-0.422954327211806
0.584632084393216,0.69614140499743,0.978760872044822,0.999395020494615,1.19963756822851,-0.380220787388348,0.390891461712829,0.659898746602986,-0.276602504365755,0.496244020006373,0.176618356467737,1.20183137015911,-0.157034108070484,-0.0863121162815928,0.406128194596124,-0.901659898385699,0.409400631188868,-1.66413768000776
0.516257422333353,-0.337985212946524,-0.0873530927357715,-0.772748049599879,-0.0265754088798482,0.155841362094827,-0.417749558869366,-0.53575949532589,0.0648734559183025,-1.01477542198701,0.624587352901181,-0.455356495441802,0.655236220435493,-0.285906400117944,0.514571767588523,-0.37831288897067,0.133813711488254,0.0840217347112036
-0.18550216593909,0.201428233823418,-1.90495890452793,1.16113541081843,-0.205018829974016,-0.808001438210756,0.977881752376268,0.635986458542462,-1.03034504024856,-0.779958593595922,-0.0525921468191858,0.193501878745204,0.359371925972167,-1.54677590487988,-2.02643378014462,0.920454653914388,-0.0633677503770314,-0.76860485574758
-0.15895610617021,0.28922958042188,0.480985353503771,-0.272617135504325,-0.404105675865111,0.646416008691269,-0.932637732949859,-0.467112931671071,-0.0772641577606853,0.378210585442769,-0.583285692551891,0.24927187664406,-1.29482415609347,-0.441830334600937,0.926136465475498,0.431671212337766,-0.796966658089546,-0.444585831073662
0.421125542969948,0.529688360829792,0.596811453027581,-0.663612024026728,-0.461256487008757,-0.285967353311779,0.307531086868489,0.231013587229886,1.08950789543443,0.106039941364727,0.0913648391793778,-1.12023895262897,-0.43428877367112,1.37456751700898,-0.44198592694771,0.393348310210183,-0.539398665197333,-0.325897112915755
-0.268624945936462,0.796656030911336,-0.2178954020542,0.614933762364075,-0.83341566918764,0.27809707924091,0.381877471458998,0.962729572724037,0.00858077384481128,-1.1262408790928,0.624858225979801,0.0277387816912087,1.06987880740896,-0.747310315978587,0.444185170095593,-0.785819659251931,-1.77077048965774,-0.831532927323482
0.575839094475521,1.04147061735773,2.1385253003064,1.66493013008806,0.163719251548515,0.235476761846296,-0.630299661568691,-0.0160446931035036,-0.688439252100083,1.07718019206916,-0.919409774210307,-0.525509415638125,0.637435881411433,-0.381099663071403,-0.537175505434722,1.47070878313653,0.723868511475004,1.13353498211403
-0.99944344559743,-0.156529061338566,-1.41113951049352,-1.24246656635584,-1.61737789738341,-0.161818797411566,-1.35083311047368,0.43760693386461,-1.74433005482207,-0.299462834696316,-0.0826699254878877,0.0633135303647572,-0.297157609524861,-1.14167107401009,0.219511396926829,-0.694802759547236,0.436467815237308,-0.697784897429386
1.56624010386317,0.811986707536687,0.910353462571996,0.228357543732036,0.975511323616252,2.03017810144875,0.534040190375312,0.458964135619018,0.961631832488975,-0.327321377923852,0.202120038560539,1.50739374390507,2.3216044717491,0.000169887288345232,-0.966871076452148,0.341390225929318,-2.31039810406476,-2.07294344124432
-0.632407071956931,-0.905996623259901,-1.7090979220664,-1.03878395315884,-1.45753122456189,-1.89583218748776,-2.08738956683812,0.28426978686502,-0.561986125127571,-1.51201746116305,-1.73415413768316,-0.488953324169886,0.644764911697733,-1.14333319484918,-1.55328271743904,1.82579006574837,-1.52554529178118,0.594970908043848
0.528336499689685,1.01909678941168,0.64597488528642,-0.792024197412991,-0.364748325702873,0.107998646419303,-0.314882659951233,1.16092482777753,-0.43159893296549,0.435195539424368,1.23919599192964,-1.02541022864419,0.249138752922198,1.48395786575752,2.00718453198075,1.15099240538751,0.300848898791792,-0.958795466689661
