"ComputationTime"
1750.50699999998
