"ComputationTime"
2160.364
