"ComputationTime"
175.571
