"Fitness"
8878.17217236649
