"y1","y2","y3","y4","y5","y6","y7","y8","y9","y10","y11","y12","y13","y14","y15","y16","y17","y18"
-1.4337750507759,0.21179413884564,0.0862500801559837,0.591901561985113,1.45467839890225,1.24537938617324,-0.580931590032653,-1.19654386926634,-1.41542695168983,0.0390731367062092,-1.17340360562981,2.06129425060102,0.125845523559208,-1.03121615272993,-0.273145000884428,-0.851989091758868,-0.898795010705216,-0.612246929488906
0.378666302196766,-0.00960185733405682,0.307262561150787,0.814813947730518,-0.683466520624938,-0.383727324658063,-0.736824549921983,0.0227999662946434,-2.07455948801653,-0.638713150040269,0.101553677677516,-0.0307362342171469,0.243751228426998,-1.43453849721953,-1.19046506272547,0.593541312850095,-0.478340346316241,1.29680350037024
-0.480343385767259,-0.852585307106701,-1.0046088382345,2.08982258796092,-0.20656811832251,0.0914907321957925,-0.304454409498776,-0.898737679157882,0.580786953939391,0.582261620651526,0.0373775164131346,0.509560696882068,-0.161597883727862,-0.973955098807815,1.21276699076766,1.0611774696711,0.556093946348112,0.197807556690047
0.492168233062239,1.93369190570041,-1.85836020230134,-1.48864031342337,-0.609634581962534,0.58950692096726,-0.617539139611184,1.07908334746485,0.784938819871948,0.830209930773402,0.21943465149764,-0.214553357388671,0.14300990395186,-0.957867871769627,-1.67955594369934,-1.44039091013067,0.327798740430225,-0.706114637210996
-0.640746905999472,-0.558180995075739,1.07897794631602,-0.00170540421947812,-0.860581927150074,0.41875810028314,-0.736091862269134,-0.649388514456982,0.430346275814735,0.165718995646387,1.16490793656727,-0.385598470078801,0.0840511475883273,-2.64101338925955,0.201217393645551,-1.27713352363305,0.478596196735977,-1.47616694406342
-1.42899030168394,-0.0900527265515268,-0.293756399935422,0.528803337113732,-0.766508665471165,-1.74675764625427,-1.01474977559629,0.566999115224005,-1.17047268371266,-0.971183499055772,-1.10916588506483,0.0388782516169049,0.118347653424472,-0.692694933754817,-1.04726779515976,-2.06787667848323,-1.85476738508401,-0.734959744052637
0.11707047153313,-0.474908674184151,-0.542493305347046,-0.970935225979968,-1.77053781527699,-0.448307874288562,-0.0455560451133842,-0.243772023632182,0.730026902791923,-1.34784323724087,-0.00293434062641568,-0.980149450662772,0.579821452039996,-0.728116104678277,-0.618401375523968,-0.00907202423354276,0.0821766715142873,-0.816133523827674
-1.51379537979835,-0.12850100679531,-2.10525499139556,-0.590337307894527,-0.464925710102417,-0.577915081958685,-1.04360632685909,-0.27974827891676,-0.768111767317765,-1.01793975376484,-0.555540924901223,-1.27094680921106,-0.786517530560727,0.0386408625701818,-0.0964489449246156,-0.456308322485683,1.25648974359614,-1.04984439851689
-1.54105352957818,-0.830108946307031,-2.16574280785594,-0.650437290938965,1.00382744377853,1.7684860369647,-0.760600469330752,-0.659748369063706,0.445745742868884,-0.118639598521315,0.365890904610024,0.172384852778852,-0.0473289934587081,0.24124946572346,-0.642626094886625,-1.02592010656917,-0.581775013081527,0.377136414960712
-0.856096663165543,0.25133101516741,-0.33308301128974,0.802691571573626,0.235224653542948,-0.176753875507929,-0.515435970694254,0.187735760077511,0.752793558729569,-0.195793477739381,-0.0316369490317069,-0.705336919471716,0.190408430771218,-0.103704462711701,-0.710160841390681,-0.516340795377404,-1.42655440109307,-1.05553652404855
-0.891463650624051,-0.809583693117678,-1.3255788397237,1.57657705652548,0.404272095884189,0.277939648122074,-0.34109015524912,-0.665596966774301,-1.85601449031046,0.769745167729942,-1.48309669932239,-0.486089078616678,-0.618315206241969,-2.36348189645548,0.494483233501869,-1.39290456074199,-0.805491711442866,-0.391091503302811
-0.676703647023279,0.0349105733641337,-0.855119701009252,-0.957784066543488,0.213798401444631,0.274215993911332,-0.53252745169614,-0.391003509164492,-0.469740812999814,-0.632679666063647,0.0549479642398519,1.17990084555968,-0.0244523799018706,-1.28172541962567,-0.0506445305722846,0.197640883443096,2.10511869031604,-0.66223233068475
-1.36590017273857,0.166071352288079,-0.174168288314012,-1.09246939288157,0.807237833169286,-0.0100956541429238,0.154750617632804,0.9552699317621,0.617857365631956,0.0661094494091623,1.57864103587234,-0.299433258189638,-0.160549933249238,-0.744179287982415,0.692209265381527,1.58840561225534,-1.67762114292425,0.392917183209101
0.685972228695225,-0.00853871296340447,-0.314897150672847,0.344566082406705,1.47145180630322,1.62452196475403,-0.591249903607603,0.388842429686412,-0.152954097053576,0.400273606313548,1.28270061365982,0.513450307496001,-0.456924189057793,1.94799798580995,0.837033748624042,1.05908216213617,0.84339238527789,0.347106778769765
0.554051904104746,-1.18392003357229,-0.581475496184576,-1.40975155547812,2.41414242040863,1.29411942611406,-1.38612538980911,-2.00210539388996,0.911188858740406,0.217199344577378,0.932950125882505,0.766390462229611,0.314403691883196,0.964223788317481,-0.0130158181526598,-2.09381952617603,-0.338273893939012,-0.550136460097567
0.352774012529616,-0.425329876140762,0.110145983155006,-0.681896431570234,-1.83242060467947,0.187546942902545,-0.400450902426732,-0.390095736485061,-0.159448896112394,0.101387325930095,0.185214510554564,-1.55088275868389,0.707458909163294,-0.193833649775507,0.347031050887919,-1.04425239652888,-0.703463968842486,0.728307868754659
0.768654237474745,0.731175085216248,0.328161219604133,0.0549868525982932,0.87473012310047,0.377546250540991,-0.505312148557648,0.447046931980914,-0.127471558038837,1.6062665602832,0.656140803223262,0.340362865287337,0.460571699489307,1.16384510445414,-0.266087722056765,1.94659970555586,0.0468695088626927,2.63066015593863
-2.05783541729218,-1.60392977289689,-0.538967129243853,-1.85334673543098,-1.64294397575576,-2.06432894268913,-0.844287790320407,-0.825671163339206,-2.18904131550305,-2.5850829491943,-0.576991877028473,-1.01693360431214,-0.54667973476214,-0.490812053062303,-0.847229388592175,-0.818435294913445,0.328025314534678,-1.28876358420028
0.657903972769578,0.966300119178034,-0.625793873405828,-0.0276018915560473,-0.0452991390112344,0.0207861449824522,-0.55035373612172,0.217140181181728,1.5547417185724,-0.329091191499337,1.89135437565523,0.380079277793675,-0.654775238071728,0.253906940300544,0.861489844387594,-0.879649928913249,-0.972694430368617,0.301669176267169
-0.45653496871808,-0.831126651647498,-0.762179886617228,-0.568748647112003,-0.422006631547715,0.538375503520195,-1.16305692721367,-0.101583164493408,-0.408743134457369,-2.04755586866367,-0.497963279545511,-0.555450929510031,0.324813097295376,-1.25434493081396,-1.55703766525593,-0.480241861111529,-0.642208120765444,-0.571721247701658
1.08518232275509,-0.34543965091152,-0.763899735317444,-0.219401622683578,1.51314124706988,0.738246449804381,0.694535215379992,-0.0101084157883471,0.0178620623413111,0.316231136162653,0.319612631915486,-0.325989624540621,-0.787054121683139,-0.323450186589111,0.373635478214859,1.81192714599437,-0.469610649724201,1.73088939520638
-0.25068993992101,0.380119672512412,-0.768674472903204,-1.04930692788397,0.242705361099381,1.14257981505107,-0.761369477150782,-0.112416900405787,-0.384927519893817,0.808826536770361,-0.690787218268644,-1.10965875449052,1.33974398523164,-0.793840683238223,0.242721209031768,-1.21205521848277,-0.070672335678472,-0.487013476496752
-0.5859457422043,-2.14501859996,-2.5929529793482,-0.199953014435882,-2.48486106194388,-1.08784197421735,-0.632010576041536,-1.35595031874177,-0.879477447328415,-2.05703816929244,-1.13403569951972,-0.943186163053301,-1.32382255727779,-1.10219819550116,-0.706580025007828,-1.22314762642858,-0.362954245770566,-1.20501303767039
0.434468035496456,-1.47131644460598,0.555406204148625,-0.148128334743402,-0.586406964853439,0.124394622450648,-0.635114033637133,-1.21877933896614,-0.446745934158804,-1.5177966655526,-1.26930212611196,-0.566013609109739,0.170854130618416,-2.01442133103133,-1.26086996208382,-0.0420779565159402,-0.580464116855346,-0.223055797671407
-0.604062610665515,-0.337067162515212,-0.716005536183895,-0.458656107293844,-0.326046159742857,-0.680293611436136,-1.01370459726762,-1.1780704308045,-0.783673203304522,-0.789098655425325,-0.773596151165954,-0.606039607795453,-0.738977948318329,-0.540841943271763,-0.852577894654626,-0.260595639104115,1.29772084370096,-1.69839874646066
-0.602451379838554,-0.801751652205035,-0.503817357193005,0.122548179669448,0.101328523644059,-0.433966032783191,1.86819232621317,1.51538558966358,1.11496775804288,-0.077203978812613,0.582752141926985,0.14025617379053,0.0531011873880721,0.124776650238913,-0.376787424168918,-1.53722462585533,-0.629565329418138,-0.0506108584957072
0.188946523464829,-0.390638830413198,-0.238301682625035,-2.04817678925043,0.843700722973941,0.730422373407838,0.707109564107214,0.00548563160571187,2.1277665836569,0.353112220360258,0.970783654660787,0.638148860965709,1.71464475775268,1.48740026318616,0.242087141263207,1.07075674155074,2.04167806125611,0.778028031748734
0.175020057928175,-0.32070017985503,0.257584682258556,-0.100450638973093,-0.459294819054804,-0.462244716960235,1.29219033367679,-0.432303301623383,1.92609824690279,0.880987148202266,-0.318312906431099,0.481519971091585,0.344760494213489,-0.0951411575425155,-0.0810795361359168,-0.0801335596701467,0.422412218229863,0.00797812643048575
-0.159880850497982,-0.216127123634911,-0.324269264221689,-2.16366587201439,-2.20297384013613,-0.704850713039602,0.35013003214443,-1.26851466964812,-0.501879547981906,-2.16566615551599,-0.0941316196880944,-0.162395354003159,0.0757908162715411,-0.146062728277585,-1.44002363740773,-1.01429935282552,-1.07462392308919,-1.42175722297895
0.24212492025156,-1.72684273818337,0.779303038572112,0.418088335356316,-0.710152532121052,0.196825858569448,-0.82454266375162,-0.403028321309813,-0.512732502536958,-0.0949043147776199,-0.994216203106278,-1.63455568300588,-2.00072541272601,-1.34468191776171,-0.453113990587674,-1.02432091287835,-1.24905293446206,-1.16444886442263
0.737316970060077,0.0250507530761916,-0.418889048131834,0.406247766728656,2.32204827926869,0.847843317036722,-0.930652597147516,-0.255989397327404,0.0438895919735788,1.31663053078627,-0.0773636752690011,-0.107807242755083,-0.906000382512909,1.45156799206015,0.683664534303864,-2.23869282123497,-0.263229402492494,0.502247943570536
-1.25854304621763,-0.48612957860333,0.548822874587185,1.76368057886105,1.72965178560101,0.309926296285362,0.928281851326461,0.887294742980947,1.01044446937371,1.74968042080423,0.918001921164363,1.3760909204567,0.981850465390067,2.33552378309779,1.31649846256314,0.555872911410544,1.02732943874666,1.11112632192511
-1.65544568471798,-0.350389510134557,-0.1182934605626,-1.77584885560754,0.365765710531729,0.26895145946682,-0.0600131157685987,-1.14851433210475,0.114780784505912,-0.073114524244107,-2.02275707246285,-1.1700506194567,-0.160952043051201,0.279900579222035,-0.535186896101822,-0.313390873894664,0.225533632787906,0.888272484867237
1.28116222863057,2.03486647088737,0.424041769107845,0.767197363248886,1.10590250356413,1.57107781805843,0.902239599432432,1.58594172257192,0.368881179565535,0.119225661273477,2.59927525180384,2.65351608734518,-1.41887222679923,2.20197357679448,0.511215775654054,1.05255423361563,0.906823875255225,1.05381942625108
-0.22750279956729,-0.605781322996414,0.279384782671652,-0.34954777202659,-0.646743717273625,-0.287778206204005,0.055009403208125,-0.0276755163421845,0.615314736529704,-0.00259789172676923,-0.349714684177587,-0.60051592109288,0.265504275287106,-0.00152318246329463,0.135696001667759,0.666708459950504,1.8617239363017,-1.41383297482823
0.00936353979392801,0.95074347961505,0.396507648448524,-0.661157116730944,-2.18255029590869,-0.5153439533311,-0.154928549207597,0.971375900210391,-1.87020900171326,-1.45057220504039,0.00483161125031046,0.718085294346278,0.0798758820657572,0.123870082578613,0.106400499203612,-2.37315952688648,0.827103833795823,-0.566742100531735
0.901624517942092,1.34458661480976,0.608851419833189,0.505035802894186,1.31327629628523,1.64544346346686,0.42698118019153,0.643477212002884,1.02915239645562,1.6839967381255,1.62783052539193,1.82122626332114,0.830061861637856,1.55267786203773,0.666281509930708,1.91730264728692,1.83185197370815,0.99997295316283
-0.937487412508122,-1.24112113773523,-0.0146115975435918,-0.549844565392638,-0.910017735000446,0.0290639616146295,-2.61885254044954,-0.504107989357711,-1.52233570466699,-1.83674609619207,-1.82417433062342,-0.723764486233816,-0.13011240232055,-1.18207887777189,-1.36030154230823,-0.733829743547087,-0.860875183246056,-0.950573063146604
-0.617909196760649,-0.738441538012031,-0.00534767733364848,0.679967576402621,-0.0829413535309308,0.853565071699927,-0.0271493161299334,1.0581480251342,0.31861441338254,0.890735325340894,0.581198536046934,-0.621436378671085,0.565999925624026,1.28200609626829,1.21440308413063,-0.830313831186452,-0.384460412246767,0.0479896690507925
0.949220915651769,0.41999171843414,-0.590759087302466,0.0736211172408375,0.336796434251604,0.713691155445838,0.199557360279112,0.594283729271384,-0.516906218872249,0.300708177061953,0.36805444584141,0.715472057195136,-0.0499411409425842,0.279779807202291,-1.41659081210568,-0.350716527320746,0.472996716829517,0.640120204156533
1.16325874855201,0.547436119500804,-0.126574916040428,-0.16455075666459,-0.61318795256424,-0.464554791011416,0.518536513236637,0.452679760516052,-0.431329043487747,0.103091168622268,0.385483680468008,0.0238807287797619,0.325223990928402,-0.597211615970301,0.67270287847883,-0.428380996781718,-0.388573379532838,-0.0409590383356232
0.694485608230445,-0.295761068048546,0.620284403032263,-1.36480240650988,0.472641139811802,-0.19551269764599,-0.402662640072342,-0.844814151992385,1.3848317617912,-0.0709105650879585,-1.77188353291172,0.690416336070479,0.194989812506491,-0.978059235041943,-0.984443220772638,0.192043962267801,-0.0262001796011706,0.0197222099229203
0.51738164867419,0.997200303836801,0.775599684466917,-0.951425279973184,0.832751319983608,0.73387204669555,-0.881029981435119,-0.79651338756205,0.102521504895441,0.184035129238572,1.19062326065026,1.38371798875664,0.250993217257149,0.615813731941255,-0.369790922525991,-0.585857309118186,0.646449270739984,-0.177894051317813
0.497681571425029,0.666744344880039,1.02447059448008,0.223238039660207,1.2274729213647,-0.234838411435096,1.36011118489658,-0.899013013126612,1.04727097479983,0.4748210050065,0.372821208348351,1.96013953776723,0.40807093857328,0.56972443578338,1.89000577996972,0.783278838400456,2.12308110992436,0.412170164116142
-1.0141761083013,-1.22640922749239,-1.52090633990517,-0.467972172415114,-2.35423388410182,-1.74785067978838,0.765739503934695,-0.420072420801739,-0.135399803050585,-0.747053382914301,-1.25791454179027,-0.0371410855743462,-0.425490764029018,-0.545098894885177,-0.811093936812288,-0.00153302191028337,-0.875962065690988,-1.13050111199239
0.824099295987484,-1.30981345189206,-0.0684112415814236,1.00117885476874,-0.588770017977188,-0.960667195920503,-1.29988683608097,-0.740528489894538,-0.737799787107687,0.275453838516073,-0.911711919482109,-0.912273962136728,-1.75092333448918,0.47565037782454,1.62432275097369,0.854407970490268,0.508539953215686,1.54980469336164
0.446135100631319,-0.349486055201134,-1.40776434068723,1.71270654690776,0.736952848679451,-1.16520498095395,0.43540783236409,1.34313034858631,0.228304912680137,0.365725757170461,0.691815493327136,-0.704833770079602,0.0840038922412564,1.0899150530149,0.693469044520804,0.914630035504689,0.71233636002539,0.633515649907165
-0.596660993661841,1.28319908964928,-0.442597345974096,-0.431960601972672,-0.401045526621235,1.74400843502747,0.0160303194998671,1.08703213689503,0.89108968747867,0.0250783978428501,0.210310966344317,1.18679338224202,0.218497837628688,-0.166272218334367,0.975866589047154,1.15444908529548,0.46406123976984,0.285189001808708
1.00490719960625,0.946265723011661,1.32950751126243,0.220717792068999,1.00846005753774,1.12486211405558,2.07774102045347,0.967960174104633,1.24466984598082,1.42488471864112,0.981326035797623,0.532335960499552,-1.10807027537461,0.394524602867951,2.31721510450575,-0.465251601653348,0.831774872907261,0.191524780948719
-1.28716727425968,-0.0943382156758151,-1.22665711150852,0.989453969289586,-1.90471689618732,-0.0637641855285689,-0.864883602556666,-2.35091523052102,0.149761752025188,-0.851352729874766,-0.348908048187744,-0.131314185043758,-0.287055021577442,-1.17319157356337,-0.185919026589472,-1.53102135254511,-1.44804574347693,-1.31951562394428
-0.125237924521584,0.564834230587955,-0.375950261403991,-2.31071343387282,-0.943681810001296,-0.106719421469803,-1.85613882857998,-0.984386379600533,0.15691199479643,-0.782720503847285,-0.698560698818244,-0.873586218335338,-0.569968747625445,0.672460655847938,0.735738367870646,-0.269134013318305,-0.0532287035455034,1.41238401918357
0.760497938948986,1.37665941018201,0.625795292260373,-1.38380090484188,0.744246172656779,0.231016022905959,-0.00787885740900029,1.09101346067021,1.36064614257623,1.10832866265935,-0.708812910514693,0.476821074315652,0.13308057124908,1.35895161222516,0.267864067698937,1.21221858203795,1.42630215130725,2.10442456713924
-0.0664876023510513,-0.25663251984485,0.208444649965553,-1.90527528478158,-0.563007113668979,-0.078683282514606,0.394320205981191,-0.702064373657353,-0.343933829139374,-1.23952280450403,-0.972821414502502,-0.674049797475177,-1.23685593860168,-1.72092219554992,0.146588107626566,-0.975078437102547,-1.05828992637102,-3.07273591029906
-0.100119795151119,-0.743129783378747,-0.601203943680341,0.514230771990342,-1.50114713261622,-0.610039619854345,-0.781693688650529,-0.957635117726074,-1.45664878404827,-0.932318608548166,-1.61836798522473,-1.15927661885775,-1.63992685743838,-1.2430370090037,0.65756536825314,-0.869971972510838,0.65493278723371,0.229970763318787
0.0804226727241309,0.68540789162681,0.748665796529929,1.798728716252,0.126239731207072,0.738369837503186,0.661802016436719,0.663553581525206,-0.329913790628486,1.29706946462169,0.0639195381866388,0.452838503131805,1.67833712027168,1.63784198936906,0.957675042315481,1.79497115451794,-1.37718205295777,0.719672424485443
1.4780672507379,1.49940699013561,0.118475579838054,0.657796752931144,0.35453987355883,-0.614640428215195,0.130585601957335,0.355857247615787,0.623397813887057,1.17625772732746,0.768440263582395,-0.398102768697137,1.50874666847226,0.294267469302539,0.910472738311016,0.00484883430292471,1.38961616987412,-0.0327158676438859
-0.0148353533860916,0.610054785678312,-0.704343288367437,-0.541237386530751,-0.0386830193708967,0.414951078259551,-0.408158001883746,0.209179686757879,0.288330138369019,-0.248680751247253,0.0494145314951316,0.311108131534175,-0.482054988854134,0.971409518418256,-1.28360416515493,1.66422598508846,-0.712361922594521,0.530281218962081
0.536553638084547,-0.135111121053194,-1.30582473425816,-1.47118091192788,1.05597253622199,-0.0259615569853088,-0.634246009117516,1.06217772360806,-0.273230236828151,-0.0668704423826372,-0.258872093406702,0.55289409625954,-0.76218204974906,0.189956283931277,0.459308443795825,0.936168826248255,-0.538987192013522,-1.29243791052193
0.727264302389952,1.41773756252706,1.27534169228242,1.14513094233722,-0.57160077149971,-0.202562916302694,0.255172292694423,-0.758278929493901,-0.176633879797448,0.0974746042110298,-0.275300658285191,1.02328038309117,0.336106293458654,0.34354802948541,0.637349035335233,-0.614030242193023,-0.744640056574762,-2.29217424312817
0.930215333523916,1.11795538113876,0.955588710326393,-0.304324343827743,-0.719900890680615,0.336744942474784,-0.706912444082536,-1.01500788587031,-0.333938967949291,-0.204202217686128,-0.37442830012854,0.1858179648451,-0.998152899290743,-0.340960977638752,0.382769888290196,0.237762017552222,-0.703643497167481,0.6726662981971
0.964210782680348,1.48497702315642,-0.86694662884922,-0.0329025200939419,-0.0962824565074141,-0.411605232248983,0.738869933803117,-1.18007065054255,-0.450241511320929,0.210066133724471,-0.440471148935004,-0.23991842850521,0.687703189815731,-0.867788188075123,-0.713797342481541,-0.81546995138869,-0.667038914811437,0.192057509341605
1.16498723290252,1.7883696785357,0.567659870953883,0.848030657539319,1.80113025450093,2.57299512824273,1.14414778282947,0.941772049522299,1.0997448223755,2.21204836905138,2.44738615063824,2.01963896518044,0.78878378657377,2.52893351196158,2.31795826532096,1.68132187366464,1.42280692993084,1.0059884585358
-0.922248127286235,-1.29864030902385,-1.61933036144661,0.231451542142108,-0.180705233238734,-0.536734598824653,-1.65080064167151,-3.34731855339618,-1.35477510197463,-2.01956049467807,-0.838969227941666,-1.18801712388928,-0.785469856599425,-1.78458771155478,-1.26176502418062,-0.742695519591357,-1.03170065930042,-0.632392457135668
0.921738483411849,0.0773000994257498,0.603934030481036,0.413742323912898,-1.06926223148845,1.19045876679849,0.449400049162957,0.0241746232637803,0.818696976141396,-0.362780804540206,1.28499366858838,1.77193815333548,0.763171737287595,-0.684101700908607,-0.166328658864841,1.28173848333963,-0.0168999201620476,0.203999498317044
-0.755365308715804,-2.16719480463673,-0.80746744221168,1.0693864971682,-0.812402701290513,0.95289630493621,0.416140823225703,-0.166252984952953,0.11800455381487,0.224975395841073,-0.190620702181961,-0.744204792344729,-2.10789529500155,-0.529544483492887,1.22493264065866,2.10954232458389,0.723034994825295,2.76143590751216
0.418325326803389,-1.00349103665201,-0.699780445666494,-1.3796986887071,-0.518156137996014,1.29048719226432,-0.443801313422137,0.262292472749809,-0.740202479040325,-0.165772943506374,-0.142146123231533,-1.71699478650277,1.15700706331144,0.475859881037707,-0.57479356736602,-0.681440984215609,1.2967048426459,-1.01119341062198
1.63801469799954,0.143626518506586,1.38024341258707,0.222272843974491,-0.726042577648089,-0.179383232079109,-0.83865071653878,0.747538695315778,0.882549525606081,0.572474175972482,1.13800226310487,-0.453766969377039,-1.74804473060283,0.397441879055608,0.395434692510342,1.00518560962894,0.498644310523,0.784589021963766
0.822239421928419,0.97532830929986,0.810935100429887,-0.919356890083154,-0.682930214652616,0.968540400694306,0.830777632066115,-0.31693379285293,-0.348240277059975,0.575171542900531,0.167475078855931,0.87675418984441,-1.10910429867727,0.280074554426198,-0.781386881054081,0.605870359949396,0.431186602271588,-0.304408823580455
-0.495612795642672,-1.30077726422984,-0.132102119039776,0.349916534479215,1.56886431707709,-0.555107474031047,-0.0986323624776853,1.03288075847387,0.0953180690748473,0.267778573502534,-0.644450742169811,-0.0239110077857766,0.52732260339554,-0.774678910914937,0.369020512424623,-0.839352961942241,0.470209788262466,-0.256097849094508
-0.507870334960017,-0.88539784884778,-0.249367434785193,-1.03444326306185,-1.96885183680078,0.480744243180989,0.5031930536391,-0.872373220881269,-0.387470472995075,-0.614182271820341,-0.811596265332499,-0.860609997538872,-0.177882376465649,0.112340195981468,-0.794741130771963,0.998667645025605,0.621486403044184,0.886151960408167
1.49304221353816,0.0535731711013887,1.02885790304497,0.0474805677956895,0.662850191610311,1.87186254859946,0.430822308813513,-0.43015461236051,0.105161737725316,1.08881646359264,1.15358821336389,0.330689508088309,-0.795195435495778,1.0699713431325,0.858980256734685,0.873384335740612,0.142409777667581,0.924083086649868
-0.644286019305151,1.40132923250219,1.28018398397531,-0.360676117181821,0.952915020612208,1.65963892634561,0.170961483268347,0.809218824489631,0.591889111125504,1.52503470228598,0.232670594726496,0.899319196396839,0.254818272148672,1.39411964720235,0.685207544965551,0.74416865822564,0.537231663764046,0.78316140965165
0.533745821911615,-0.332202621516076,1.10309030061735,0.125311785291369,0.44386438314413,-0.50168155122847,0.599365314128288,0.502536462372873,0.10204747803961,-0.134890701771851,0.894793591573837,0.444948508777335,0.0578917977325582,0.783306286274617,0.213134469525831,1.46091540958206,-1.21452371941543,2.02640104541111
-0.38888517755317,0.146574046094703,0.956310093386079,0.808344251436173,1.28959716019961,-1.28771050495385,1.55251190319266,-1.23287846878625,1.10082387878805,-0.52367047351321,0.297803116628514,0.106184198568892,-0.514678202120034,-0.288802136039679,-0.634250306983727,-0.429724824933575,-0.519375361549114,1.03309461519895
1.17953978066567,0.634683028092321,0.374907105820473,0.346490889653414,2.34696225147606,1.50881666529776,0.289635913452516,-0.0946785554410239,1.03067277612931,0.854970120897193,1.09560472257065,0.52199161583185,-1.74352447747516,0.740752046246168,2.01664018416022,0.361368609953503,0.478712142245869,-0.248920749972254
-0.823974847589408,-1.04761766203321,-1.05065846421419,0.0613713580123696,1.07839972966851,-0.157897863688788,2.20785776169893,-0.870899670452852,0.017161938342466,-0.105217817315129,1.18758022647382,-0.0271161374054521,2.23878629161621,0.0124286589977058,-0.260614781405227,0.996799942932985,0.578910893303834,-0.295337661914626
-0.369177501026976,0.673912572094164,0.835851871121755,0.0538793531908924,-0.918598332522255,1.00836090568182,0.810409362558195,0.696528819700524,0.144801326213228,0.385041766183897,0.860180278424234,1.69439870335227,-0.672247958817051,0.855207851488994,-0.0654600073485252,-0.218549835383764,0.87737450888739,-1.33366514428153
0.121088331972695,0.840243082882256,0.733175148743912,0.459842000170363,0.371167627768984,0.631983356116932,1.20761634404485,0.217025907916897,1.48395687391381,0.216887797286797,1.86975677666085,0.438745194422302,0.36229713598686,1.60024971485364,0.443387711789562,-2.22963493284376,0.27378796523402,-0.783003953756883
2.69409404593656,0.351541433195637,0.700987938089131,0.115297574965654,-1.70623705463934,0.222205969861852,0.204608416818212,-0.290765568644802,-0.0260898986984703,0.485895566106477,-1.03535494877177,-0.0813669264054817,0.105774336457375,1.52192166339689,-0.579040926104526,-0.196539960894236,0.167841016648766,-0.452783746517207
0.508823418722761,-0.158234619741402,-0.230195410440388,-0.247299988369642,-1.27675655653132,-0.470359500731211,1.35916217526698,1.19349749859529,-1.4303372010242,-0.544490026309231,-1.15763693226507,0.2284122143798,-2.27593313828713,-0.871643124483148,-0.325444214927178,-0.675783434610988,0.0677909281510456,-2.14845028526322
0.058782131540302,0.668555736726429,0.122186345962497,-1.07756668947066,-0.438369735007417,0.431879623529212,0.00613807421831742,0.363566407809964,0.22766152504295,0.566773077685014,-0.386316326072839,-0.639107549636352,-0.829624269012631,0.517101488424975,-0.0455234034736825,0.493387240836079,-0.236876729526918,-0.569359441774397
-0.284925061027934,0.444287299815297,-0.0229008439954034,1.55766407794051,-0.056423628478046,0.245097106492604,-0.0687849025127055,1.21992244276766,0.76322759561421,1.50999389539031,-0.694958935301996,1.00112351146424,-0.226745371052772,0.389903134617465,1.02692399640326,-1.05429237675912,-0.572538945374149,-0.100629981925911
2.47463171302573,1.04281613204237,1.06991291851994,0.783112454896904,2.03413857070569,1.60720078304947,2.46779472579123,1.08112145727522,-1.26299268385869,1.88916221391666,1.39104408477299,2.3174472661379,1.6738061656711,0.740728121945535,0.226739350574561,1.24120213121082,-0.342919884795721,-0.885463274929523
0.456201639596835,-0.723802764464866,-0.99129411465419,-0.0205605360395956,-1.64358866386692,-0.83319583652718,-0.768247256689552,-0.577635419674692,0.209551263153532,-1.48759868816748,-0.885126285913218,0.291448363548297,0.894543055380813,-1.15840472696551,-0.865246243223075,0.474441567385777,0.12202631365738,0.689540606870865
-0.553413563470192,-1.00299589287671,-0.347625781869267,-0.094458179776883,1.14915452768589,0.80335556247973,0.000219648107099562,0.803927946050735,-0.0183551956020209,0.513448847797375,0.392230808354043,-0.228602422518463,0.466054635384009,0.821771486771282,1.68818324052939,0.152933124868455,0.494571813783155,1.42471757746152
0.202086026635887,1.16816750391697,-0.0759345141325784,-0.829172406080453,-0.750118675004805,-1.59529919575995,0.35197178193509,0.578166451306841,-1.02802256596529,-0.85288453637356,-0.579544082293734,0.0220415780768564,1.06382957805757,-0.533474074994006,-0.232389571672371,-0.906713179937293,1.05569260830438,-0.442975588536546
0.946998080692508,1.46212451808506,0.313976971511041,0.214607707749437,0.0577858634798745,0.055926542722098,0.635883889090325,0.996546358562327,0.188635955961515,0.496088260449672,1.13284790542088,0.792425376484066,0.0699050306605834,-0.178133314062198,0.623700399764193,-0.40806215934839,0.950982187476506,0.307977442458222
-1.04284212581875,-1.34942158306356,0.0458449833024846,-0.131541322855103,0.532443504914412,-0.163110745902294,-1.19544684686822,1.3776043188015,-1.52226270078563,-0.464320501960352,0.0432304370711779,-0.354230760688374,1.10171146465219,0.510416428711409,-0.666341817462005,-0.104122692482463,-0.107346286897833,-0.35234874816091
-0.525106171873561,-0.369478053415224,0.357989254132201,0.547651307943647,0.0228089228290836,2.02928622818802,-1.19516743725417,0.405943477938287,0.537312020572372,-0.367551269771702,0.842581590980913,0.884571398909531,0.996312875131293,-0.196354348732066,0.511635406483955,0.626634053316596,-0.668767852385311,1.33950388639521
-0.291747763229361,-0.513286842664009,-1.22317685290746,-1.16247806369077,-0.65440438193818,0.127059515063979,0.207063536473405,0.478897707774615,0.0718029510540264,-2.32780187860293,0.726184960875958,1.15399954303211,-0.22385556465136,-1.3137504014599,-0.631337916429611,-0.413970223700277,1.03206395605314,0.324991527647658
0.632686265156835,1.07292872547708,0.782335174962708,-0.32524050180854,1.7036501888123,0.0530781379404626,0.147517937354586,-0.123667915545676,-0.580698551269116,0.25815598990766,0.137068468456988,0.452786248383318,1.67108537964489,0.0749722392047539,0.25642394846484,0.210059089320431,0.266300307228083,-0.140071869852608
0.00668375754242094,0.512435921744997,0.52261414774819,0.0905402165351315,0.679976212566065,0.686551264851274,2.39523281437878,-0.35806599907433,2.07446610574333,1.01256905066341,1.73898340714638,0.683582479253128,0.686807768006605,2.04277129054252,0.942382344881999,0.302877405325085,0.432050245931125,-0.828992421005885
-0.963228656776106,0.512906572275678,0.720970227923634,-1.33209811684599,-1.57945557763697,-1.80602879085874,-1.93869109815968,-2.64675790874646,-0.311256437905623,-1.66754632812619,-3.20538390627116,-2.82150007670689,-0.624344456041271,-2.10759128994961,-3.22806736510507,-1.67029724299087,-0.0474400074223403,-0.891410670511481
1.61897994319473,-0.217578885243806,-0.728732005706106,2.05607055722525,0.885857950926157,0.468551069233005,0.176880544726685,0.715568101140005,0.898678346330811,1.38705190411264,0.961234250716848,0.368291328448051,1.79670609850341,0.543754003292384,1.108690422933,0.0659466890314254,0.915254076355272,1.33660900632609
0.225138093517185,-0.990673316866246,-0.65300564686931,1.38143768871785,0.229567897385977,-0.651948613317146,1.39813159097806,0.675694429936297,0.647329406677007,0.713545434321881,-0.234005490612924,1.12931393539311,-0.656016375941776,-0.00966379439927361,0.762885124842944,1.53047039864455,1.66352461643855,0.81154502080299
1.63029926558563,0.077561467540687,1.32374921664496,0.221704549589339,0.817092944627853,1.19086194280587,1.76177273848394,-0.0208867987383517,1.29496629322243,1.01773081666982,0.600679614106587,2.24297627098157,0.781793845604703,1.63188768689085,1.95951279168913,1.11411951216153,0.0955272866226077,0.127501324882194
-0.981431240951502,-0.162146633745989,-0.493744540835604,0.182286304752052,0.238727377850696,1.43468563838059,-0.811987207733039,-0.370047942605314,-0.78771492554252,-0.344563806051367,0.94051535238317,0.359367639511161,1.86797211878212,-0.137888414947777,-0.691489797137927,0.445092417677685,1.08846849112954,0.711820687828522
0.616605275039594,-1.10831611781984,-0.358206015463315,2.59253691541574,3.59251272798458,0.271935886788901,0.00723710184390861,-0.209321270156457,0.315885047797473,1.45387162025049,1.25592986694383,-0.0395290397681739,-1.79796578174114,1.50257503686443,1.95547052050619,0.0893607310254827,1.21475770867482,0.0670617324782327
0.615726356135782,0.23797622208045,0.324538045455185,1.55576101066776,0.57580037647898,0.481619366984584,0.930631591098106,0.811351187462737,0.684987338997792,1.2268427611482,0.546036735306121,1.16496768974895,0.363339651385438,1.06777404338008,-0.196354830778146,1.12815670031432,1.14734103743103,-0.732164631548468
0.789288107255293,1.59724766585053,0.0559891071227535,1.28982972440914,1.14071604982229,0.499141197082449,0.737796978666607,-1.21764138618411,0.228371301841106,0.407344869652816,0.328696200814046,1.29228108638774,-1.30340297905047,0.748682050398172,-0.336404006408669,-0.0895573308138524,-0.478243292022693,-0.724494578406797
1.15800932320686,0.123910775592482,-0.857855140641932,0.897336441917388,-0.914820385976579,-0.623848047040399,1.23944080773982,1.10291811627874,0.515936020215855,0.824841716816972,0.103648281897026,0.00260559622253297,-0.249611517878334,0.0361245482338497,0.829223821584416,-0.876116540313947,-0.0656068064829807,0.120350560899813
-0.684635186581556,-1.07431898343306,-0.664411163791794,0.153500368363941,-1.59152108248108,-1.8684994063831,0.478474085702537,-0.89460588016537,1.2253439141248,0.099888570073108,-1.67773700134744,-1.83913680586452,0.275918051816087,-0.931292033746875,1.4461417913739,-0.238711621490987,1.22581337400781,-1.11892647808057
0.869804478042296,-0.859178336351299,-0.207475823115531,-1.60077256557692,-1.75927100405863,-1.37750556973378,-1.93817152289077,-0.305463209989595,-0.119501296801475,-1.5248212394107,-0.320921755658729,-0.109762362085152,1.65964292801602,0.449118693875861,-1.92846362965765,-0.124954263447317,-0.0655852867729311,-0.955774346958863
0.615740258692737,0.271541514376548,0.693382568172748,-0.931505538272552,-0.412294587581087,-0.782071168573762,0.00142501061779542,0.691308593327927,-0.556740405522693,0.439293408514979,0.0531402722205909,-0.18282681539324,0.0184363586781079,-1.17899658310564,-0.532122676452432,0.662211536490529,-0.600047950853654,0.940358456422107
0.0803275071165026,0.0240701155990576,0.576305572321627,0.732656326068021,0.189355261896519,-0.0476518570845547,0.831415015766056,-1.33955831995552,0.31667256471079,0.815848948964582,0.603776187835749,0.342642124760955,0.484471874384186,1.67348917478536,1.31047973662245,0.738231179853099,-0.304196441924902,0.0546481717492217
-2.09317580850764,-0.0610030497578206,-1.59717172406186,-1.07297325788771,0.0546429301007986,-0.435536527385906,-1.85925003195679,-1.28607403208333,-1.59808644910861,-0.955872692855051,-0.970822568097184,-1.67013136054247,0.823782030992289,-0.134281339380317,-1.25662062979357,-0.107980460304798,-0.353698812961273,-0.446382719174568
0.249103868023094,-0.62407792465552,-0.83052132598957,-0.835253738635042,-0.607720972183087,-1.52065705425598,-0.108458296731634,0.44045846349047,-0.15715787238957,-0.758644259367629,-0.528196769468523,-0.200530526452838,-0.19866758755774,-0.5450377231859,-0.409365390812037,-1.22965206622304,-0.0379061378594699,-1.48481784255491
-1.742233145428,1.21625816093375,-0.952777479870733,0.311196139054344,0.650808200461541,1.0842764365295,-0.355183917616893,-0.0187622250344478,-0.595854516882314,1.26449359604008,-0.0621959926822189,0.0821015889921311,0.522578969906001,0.483077090986637,0.417372885547809,-1.95837418880453,0.937123505212368,-1.18040837596493
-0.148100578506604,-0.475970901804364,-1.65293051583925,0.445434515495461,-0.915910005715688,-1.65919800203831,-1.64141391574922,0.0260411645826875,0.0855156789405742,-1.17950076641692,0.263976407116209,-1.95563031839411,-0.0491429167704108,-0.63422097990771,-1.11816316600098,-1.2085229148032,-1.49934033270764,-1.08843315265764
-1.37181691671016,-2.05408938037421,-1.05927921641825,0.453652712116429,0.124477449595218,-0.852703773331576,0.558011186872827,-0.299515142792352,0.383470897802484,-0.804115321583076,-1.4260759890254,-0.332507288682698,0.218578060858392,-0.517696586904322,-1.60994573887496,1.56434958915295,0.234464126699289,-0.573091254910719
1.09582345849592,-1.60317618509979,0.324046080679282,-0.753899568436691,-0.635440563135874,0.151855976727314,0.930667667621081,1.31316536044114,-0.32183325426795,0.0228100661731107,0.766949330469177,0.062713174167736,0.442258460242637,-0.548321393970975,0.610213883063525,-0.69191999650314,-1.20472903878678,-0.171735932089703
0.491320629627161,0.738645926823785,1.23431166155987,-0.960939003726823,1.29506527490198,1.32675369606099,0.706344511266034,-0.848802820196762,0.658671026314623,0.696002327909804,1.72580908015559,0.577893713539922,0.491536474115654,1.13952776261407,1.47824399787067,0.555056358708732,1.19658191918423,0.338040941814089
2.0153621169354,-0.273452999258245,1.24055780209854,0.968798312022964,0.380861949715333,1.4845074914356,0.882214385929167,0.00163295408692807,-1.91299696356053,0.249349444546974,0.335940392805821,-0.193949520145288,0.808822023919807,-0.389720482468986,-0.249916210549214,0.614474493986403,0.219827124585707,0.424084951091808
-0.910731061938136,0.564670889691514,0.860718746439009,0.216078720178471,-0.540456413059785,0.858542651766873,1.44605586415783,-0.930541225532554,1.40699552234816,-0.859917076055054,0.399719238204654,-0.204127310353688,-1.26619872693705,1.24139883264888,0.448410450294099,-0.327313948502607,-0.424030650919363,0.266441588223269
2.28895732980678,-0.0604277315073224,1.26688389849184,0.561350760362979,3.28527860885899,1.8170561239024,0.78651346186263,1.9798468991267,0.564126520326743,2.57219887974405,2.7690834175621,1.61672249773892,1.08081998669394,1.07375567988174,1.16469419942186,0.218966018775634,-0.840773408638049,1.6725795751495
0.719304724652874,0.227576407704112,1.45722172100924,-0.876458909868139,0.20656076323842,0.0877277601613763,0.835966813383534,-0.241669948792773,-0.39684675292045,-0.665331317829293,1.3823645167397,1.02423800125479,-0.229138587574681,0.348134013060898,0.836833074536661,-0.316761125808171,1.15253788381112,-0.586223914972593
-0.4672426738048,0.149870130714973,-0.159758862588419,-0.211660708226378,-1.74749232686072,-0.708707921113032,0.294928188496378,-2.47342419596137,0.0992787224268891,-0.946845680626695,-1.95670659803153,-0.916391035459261,1.46735467675282,-0.61008071705489,-1.2599075971983,-2.08444444209904,-2.02744182635627,-1.02448941286106
2.1195155739528,0.304315478459506,0.604858281915675,1.13386583283711,-1.29941931522598,-1.09714055265342,-0.18341818427042,0.731586462732066,-0.703605410899788,-0.24930933392705,-0.701658655852289,0.963356703466984,0.562980353640077,0.197883478017276,-0.346228752101479,-1.22837224076121,-0.682785703169148,-1.18473579359758
-0.123856284806246,0.862324688327901,-1.47983918810758,0.901468474159495,-0.475991779322501,0.295073258407002,0.2264058306965,-1.15130348200934,-1.30909499086884,0.219056571422443,-0.726748972096021,-0.27008876180556,-0.276929210816382,0.179628864917126,-0.620653936124625,-0.280987371954395,0.425511872885437,-0.0523416958299514
0.288622458749735,1.28802197413361,2.12924045810788,-0.845370723341464,-0.885549462699895,0.377671625821669,1.12089673543575,0.170671656544646,2.84737971181478,1.23876532847518,0.124956581690601,0.688544171612856,0.980734797086181,0.242119332396,0.561988184812171,-0.465187896846855,1.45540640633313,0.425121771409737
-0.0922587545447678,-0.284655121204412,0.688029030246859,1.61040687827776,-0.377685756424868,-0.777805332731005,-1.53095323710365,0.503297789813313,0.27734074083784,-0.0107516543003306,-1.04029491184782,-0.684007181104729,-2.22239978115452,-0.337074436808004,0.27453981184682,0.733347652361674,-0.12832402213793,0.676480933454145
-0.0739750937295009,0.052186979213965,-0.213055983393388,-0.215671537066044,-0.144798583920298,-0.0263889476438715,1.19076046301798,-1.24285336908136,-0.196335113760305,-0.271487772110783,-0.550819110117818,0.234135153236202,-0.19362935717737,-0.258480487441024,0.0332206651141159,-0.749856076273463,-0.506044107331677,-0.183531032915286
0.222840450949289,-1.41123184936181,-2.34264569178589,-2.8661104016557,-0.470540517646979,-0.292081249438851,0.266837127832367,-0.940962615482107,-0.519090030168777,0.0436450351883078,-2.13692645655058,-0.740574124867445,-0.327466630627839,0.464932215626584,-1.34013041830655,0.184525969892426,-0.0174208898275465,0.172970094926892
-1.80310741449538,-1.79403796177591,-0.790615096828716,-0.875900779453234,-1.38598367533205,-1.51724986273734,-2.02018828581056,-1.74189760333447,-1.62831511387236,-1.5929879043996,-2.2320710079178,-2.68370594619048,-0.674012704056965,-1.23309647443848,-1.57191525852373,-1.34249798640469,-0.667598022093282,-0.855229504277589
-0.300902486155481,0.174006197787295,-0.8800933335228,0.336823236868178,0.0969339148354145,0.146086783094675,0.58667905671278,0.260693839676171,-1.78738796762943,-0.663920570343203,0.551834781630279,0.594907976106252,-0.0818219884546927,2.31173541924903,0.0627422237081355,0.458365462886277,0.91926466459357,0.0784984746193764
-2.06848473649032,-1.21259692074284,-0.0996150758882997,0.940651663425631,-0.270974879623883,-0.6503414945832,0.0196923412853435,1.08559022634645,0.198215857475896,-0.888887619124839,-0.375233949954014,-0.839286256047004,0.220655541608888,-0.944301878809964,-1.10567266958276,-2.79674198207285,-1.5489645636475,-0.777018759048559
1.94100380507124,0.938653078089184,0.220719987754722,1.54044335402216,0.484887279266634,1.15103434997632,1.29094137458521,0.749783621761198,2.32684122409969,1.34494130599427,2.60988740657139,2.4347995113523,1.59418872250897,1.06428430724047,1.14027790613703,0.108674858845921,0.465760190566291,-0.365960681743624
-0.397125599457994,-0.0677259980668568,0.716915308458054,-1.2143578092751,1.3197158687284,0.375797581123369,0.42579879573776,0.996821543291896,-0.368362044473429,0.582745129426492,-0.0205629270052054,-0.885201235059574,0.201249216210972,0.519136016054894,-1.27447697082668,-0.530296144758095,-0.361363452178766,-0.450548566195957
-2.01149217205033,-1.50675474461507,-0.829029529543275,0.588705938550365,0.293303812610893,-1.26203244874016,-0.330482802277211,-0.132593278480081,0.442746928217866,-0.536356850925162,-1.01629439617707,-0.51012585904944,-1.36718653059584,-1.36942734145033,-0.27132609902137,0.14753018342062,-1.44069895823885,-0.825650589300948
0.522157394339583,0.309822100301094,0.0128434655913695,0.736120021748517,-0.365545750310275,0.790393647984912,0.297084444468829,-0.19275406711032,-0.544572655674843,0.174563174775019,0.794102349300958,0.140845920379176,-0.74528461130415,1.51850469795246,1.13867371214086,-0.711872657634351,1.62307907444619,-3.42082791770356
0.0973308935999001,2.03383247510282,1.23795647766858,1.05742543486275,1.57400730932797,1.55976820618852,1.03821953140552,0.795999660618465,0.754642909319118,1.8852733424941,0.849889087956567,0.637567368153548,0.370489146092198,0.302455836431042,1.82682950362515,0.181039598648165,0.628354387510215,2.31220210790766
-0.356259801652635,-0.729960238700777,-0.098568370846765,-0.604192200259566,0.814360020568243,-1.33891291963052,-1.34272553057131,-0.680453339549296,-0.850830335939687,-1.24963983255482,-0.731262596931226,0.108318808725114,0.130294466421303,-1.08817368871135,-1.76648190977798,-1.05839227257753,-1.66455552707417,0.835923301073573
0.919663879711172,2.02661234503078,2.28944492290854,0.766470982964534,-0.810063438195471,-0.0709631429879982,1.06380851444577,-1.04437765135455,0.628050690752076,0.711718456011301,2.09149934957672,0.250272317276457,0.270277473558264,1.27968400653707,1.41905433460198,1.29694606408318,2.57555538869792,0.458535506266811
-0.191302814229352,-0.436488578694708,-1.32160880565728,0.870377479000408,1.12161583976554,0.720467448757468,-0.173089796444082,0.131954698966148,-0.557179066903744,0.61274713371664,0.284141628471644,-1.02164551008398,1.47390871535691,0.806513982900249,-0.900945886245183,1.19562491474069,-1.38646337780255,0.0276419152135199
0.311937187958202,-0.197550206014515,-0.164369197978305,0.0133459100685017,0.154901857787764,1.64574969588138,0.28023388970809,-0.140524649186019,0.709167442715504,1.55296879289117,0.879788677976044,0.0367191133974572,-0.866608107847399,1.19522540619299,1.58509328954189,0.534770555642449,1.66536706861168,-1.45000659682112
0.83671189468955,0.679127796246348,0.23552245130911,-1.30931941885412,-0.340593855666473,0.954826861099125,-0.236856956133024,1.690229547645,0.44401771553694,1.61532154632719,0.486571941501015,0.730982590551768,1.30772738872099,0.480417510576358,1.12552280629901,0.516961122948126,0.207326668393047,0.795112666129319
0.818667975564449,0.883676546832639,1.40205433214732,2.93892340174937,1.54792302874218,0.412796445669283,0.85763798850172,1.51420257517675,0.300345235872957,2.02881271606522,1.3557808403941,2.33513101062233,1.16367876455345,2.06507613752484,1.26891701106777,0.947092843058293,-0.93302472923432,0.0965463708741915
-1.79523909664118,-1.03541188654364,-0.276903861915908,-1.89854151426513,-1.36270600708185,0.103945697276498,0.179284050294462,-1.48755548373095,0.878373354664037,-0.961083277248759,-0.945089724460125,-0.666191571489829,-1.53480594810893,0.580123706450129,-0.319113615689114,0.304626213647957,0.526168435317952,1.14799605556667
0.450437878239034,-1.39122124718373,-0.9789380737758,-1.21957707175456,-1.35573787972962,-0.215879396707092,0.134892169288908,-1.62235549139247,-0.852331630833185,-1.30921958992809,-0.140190225414341,-0.430784427611328,-0.805259608384643,-0.0705843207221339,-1.42415039574872,-1.59000987356615,0.592043443872075,-0.823334925815056
1.94972098079245,0.748366798289836,1.42625156935679,-0.260830867705719,1.23542573312939,0.891990636832331,1.4027582624672,-0.648625411928087,-0.0631436261985143,0.502351642411916,0.0494202933531911,1.63062675373079,1.55661492254472,-0.23876536740309,0.47093051932471,-0.0117237206711086,0.443486989537741,-0.541147620083778
-1.10531996243382,-0.947296221800122,-0.768645575920749,1.04682173440387,-0.118180192690384,-2.11515371096292,-1.99037173361384,-0.396555930055207,-1.13592163837433,-1.41542891321686,-1.67573064912279,-3.38943999561416,-0.884629925747723,-1.22916098638569,-2.29412418497239,0.353737810536887,-1.47271926082317,0.919888446432903
-0.303885950748813,-0.842012178013911,-0.264868957589873,0.768602739237662,1.15354276506417,1.78319552855706,0.0922837161133788,-0.910908950870944,0.831005003352932,0.90993841561689,0.992158218564697,-0.66040458184691,0.474233538021777,-0.320943745538551,0.815658629771585,1.66021738969717,0.768651944004921,0.512749914003918
-1.58551207882477,-0.807533961955602,-0.423636307467125,-0.159220943701952,1.55171331913142,1.29873473308004,0.00243354121237665,-0.976706085037961,-0.294133265593845,-0.180339741117047,0.466656259337783,0.543315555953157,0.0192798807503634,0.395589310035656,0.039179800301827,-0.334547325544183,-1.94728032774195,0.204515481460045
-0.852251666975364,0.00891245705964701,0.142256202592824,-1.988136836538,-0.0731707436022373,0.986427847146886,-0.487780128756459,-0.174798394367155,1.06334092156249,0.0088637647580669,-0.138319661302861,0.157055932849899,0.246134439465339,-0.552022558838939,-0.0496538746409186,-0.173493202400415,-0.420559795702516,-0.508222958075515
1.2745958024303,2.05770974701718,1.62026607077513,1.50078494742028,-0.849284787050987,-2.03111701369045,1.2886670307766,1.21230776012265,1.20017679444991,0.776011402668354,0.898860195288209,1.40991633897061,0.0915221103474078,0.755534131716522,0.777136625520066,0.066134404416555,1.89787065408192,0.107021253875556
-0.0235905424310443,-1.46826202655509,0.245412448296388,-0.249414877128251,0.305200123685758,0.785993056099704,0.830452854193512,0.823105321140301,1.14072947335025,-0.0991045429170452,-0.0638469360550576,1.03965370359846,0.337246604946726,-0.382418950934383,1.50277291942012,0.477182425491283,0.277629751019804,-0.0516890290048512
1.33689076958675,1.02107767940093,0.954838177597208,0.0986714052376648,-0.596759382915195,0.622639869765717,-0.281557697167125,1.1768431888944,0.291446767221126,0.0447194819294715,0.0571826979438974,0.34930673784322,-0.874967578579768,-0.683495408942467,-0.134123981519841,-0.00496716696305635,1.78355874640532,0.302271360124981
-0.615674926012207,-0.428227921445872,-1.13158030720291,-0.768790001461533,0.657778590217516,0.71673890474885,-0.925062910646441,0.576035642305752,-0.198667374933783,-0.618969963520443,0.397957725943203,0.833149697921342,-1.58814495897353,-1.07089868459791,-0.44859630981805,-1.974271653597,-2.04069035956091,-0.196074617564562
0.832223929309561,2.02284022283984,0.783330330490468,1.38306203187244,2.32794436596521,0.301503501680395,1.65130289919636,-0.301135848749666,0.563662402799147,0.616795543609842,0.668337629162727,1.87658316076945,-0.244771615212989,-0.665835503275692,-0.265882894623637,-0.456862964193439,-0.705602287484208,0.591160087864727
0.329668110095023,0.419429545689492,0.176083588840832,-0.155821371187171,0.256748131856666,-0.553859794650008,0.867298436089364,0.21952535217539,-0.18408774790726,0.516334367487033,0.412578199568874,-0.567218912254799,0.109741823087263,0.544987470842086,1.28922632843754,0.162965668805349,-0.242338709033261,0.0900628567435229
-0.342048221274434,-1.5644058546411,-1.01940139744011,-0.908688483367783,-1.47260915907704,-1.48668359785683,-0.379313533664265,-0.47559802078142,-0.0625122924317031,-0.383948669581717,-0.381247613982396,-1.75718436144166,-0.827871896305977,0.957198334078881,-0.686071080031699,-0.854996183282177,-0.970362232278999,-0.863719270469516
1.12388664173371,1.9579229168959,1.40077321495987,2.23834121818756,-0.105665759600596,0.061469260766464,0.67779442912964,0.139864863956954,1.0534264953057,0.286752702030045,2.51385223868191,0.765353722257965,-0.617741469052977,0.0441643653813869,2.23460812658261,1.09217990151255,0.424799900324333,0.469823362759543
-0.789930054696684,0.654267388885885,1.11539765439635,-1.17952605710256,-1.49516879670947,-2.1216738281648,1.00494119252146,0.527404688554341,1.49879029179324,-0.413402651223316,0.18166150748748,0.485215050530116,1.00851731115055,1.24163182085261,-1.19593006434929,0.491254190047813,0.43896835399067,1.44335586621879
-1.96259458129379,-1.13777118642387,-0.33685039874218,-0.542511446817752,0.937306342201809,-0.347758791841236,-0.180968952908418,0.289986107516189,-0.662451791685299,-0.885581249133728,-0.116249875986805,0.670880451662019,-0.45648679125007,-0.249627438465056,-0.0245634006130227,0.795739046723647,0.458303261551394,1.20051662662855
0.691956175096938,1.36348858519389,0.81449477674803,0.944320243321164,1.24591268036273,-0.155099979368566,0.768129148683411,1.41492308837027,1.04708670983429,0.277683058706065,1.2489046632591,1.49991937387962,1.47288340289929,1.30752566551037,0.203712593917508,-0.362888115220234,-0.554012316837026,1.16204628752709
-0.478750273181465,-0.369791745453756,1.39954100890112,-1.00375824714325,1.65654141584735,1.58426550416538,-1.50962999153309,1.84410315836599,-0.413653071622723,0.940907657354412,0.532436924168476,0.76545565291591,0.720989183301943,0.765707252124753,0.087680433776611,-0.313653009090738,0.277953079562122,0.377807843803179
-0.350393961968958,0.0251752791824418,-0.0903102159655427,-0.870662557875896,-0.0581506625344565,0.189157141530203,-1.35432156083808,0.976187707454229,-0.966159244689059,-0.289759199764375,-0.835401480104224,-1.12186108339621,0.827967599700189,0.0745804242891741,-1.40670666773963,0.069197693226189,0.207926860466035,-0.0538719089460179
-1.89175313141039,-1.20332662755189,-0.175455869931416,0.820585207962116,0.734204534491982,-0.417961006065672,-0.131560667349177,-0.629041598622408,-1.76960273807853,0.239619525372961,-0.747670811957771,-1.381122091392,-1.13485675112848,-0.629764973505624,-0.843112026154559,0.463315057071691,-0.321985920635867,1.01632203421953
-1.29041666230197,0.1566140976949,0.0432967638744266,1.81275042999037,-1.2258348267177,-0.257057387090559,1.42613458409851,0.845803758093325,0.499231416969027,-0.0381386366077901,0.917091538997747,1.32935068731705,0.0904585601909766,1.32933119406712,-0.588145674984112,-0.0693584063458455,1.39726808390757,0.452734666888679
-1.75049771861637,-1.26220166341774,-0.74581741377192,-0.131804582863174,0.763996689231396,-0.989081096484127,-0.433916868706284,0.153841065307019,0.151830451103716,-0.0663415269507596,-0.889422689395856,-1.08909228105587,0.490524446352155,0.218930722396839,-1.52254798057948,2.01846255258143,0.2474282050945,0.380875788490044
1.09364641209497,1.30141867079054,1.67853780563831,0.447990685728898,-0.501326919405264,-1.33211322268532,-1.72798539356743,-0.240790121184295,0.663546866568424,0.176249382721902,-0.812059476616765,0.0632316079696727,-0.992390924871529,0.495412781173635,0.196662822505827,1.06368334406413,0.207918902184907,-1.32641373330678
-0.804571917289855,-1.0604451115072,0.302133175968759,1.19668522345258,2.02093528245924,1.61417199508157,1.20234330881347,-1.10469814678809,-0.166836233504656,0.384756674064396,0.0183765663732769,-0.20206415682059,-0.131230918119355,0.24885653554936,0.215206048663177,1.03092652425213,-0.0903621917141065,-0.993658436566272
0.883864495757403,-0.388144032720969,0.641350462774618,-1.09785745132414,0.457704544436803,-0.0145320688592292,1.17506323776279,1.29586611560335,0.84875094156227,-0.470039294486771,1.12909514987187,-0.625859352437952,0.626022732420286,0.870088597771148,-0.356127090313462,-1.37606915483567,0.626610300028768,0.148323458011385
1.11392026086397,-0.869560850511771,1.51974789716013,-0.368297467429894,0.173528256771998,0.570700671112317,0.220141044531031,0.910724537203511,0.577814533758118,-0.0620430873460903,1.29151868946493,1.52635017519783,0.933162478620379,-0.190561089851473,-0.148262194910892,-0.430569367410556,-1.29411850860251,-0.544542818183077
-0.500258364069331,-1.97160503574144,-0.609981318176037,0.599222051124581,0.17488997846289,-1.41077939805134,-1.22127065365526,0.165880958626523,-1.22852781059348,-1.32356446091865,-0.975228332962872,-0.595108316473614,0.110148188770494,-0.961421416839828,-2.10172240722249,-0.961634722714494,-1.25259620295927,-0.105428760597582
-0.465559150643184,0.127148804170683,0.166498156935174,1.56845951079467,-0.341395742281206,0.0034526674969171,-0.147807179392289,-2.99230028228703,0.35111251126607,-0.358095259173413,-0.551521074528675,1.8537264129222,-1.56696007758977,0.663855818588948,0.625812016116353,-0.62906633330379,0.193362438562137,0.0205498545831409
1.08969259159873,0.132134458390197,0.43341246978983,1.36333484165842,0.66686015863169,0.774956909678261,0.215423000930477,0.140296776479058,0.325246536837154,1.26131972398057,1.3116318450824,-0.00944431584642844,0.442838316481134,-0.0394736853503066,0.494319679556418,-1.05291970655882,0.0358053427350601,-0.344033385263522
0.188718960242275,-0.205411363127996,0.232780037807794,0.331494264907392,1.0553373823323,-0.281287365708573,-0.468272977165314,0.287704464555238,1.12834893110721,-0.541437076076702,0.202992055883743,0.506506640914128,0.00245156550688249,0.507120787502449,-0.325665558299128,0.0571635813482776,0.229724455605664,0.0702972801985776
0.407788046352353,-0.544069961583776,0.84865948224267,0.246128682846514,0.479422175235421,-0.829523530427765,0.879647611523747,-0.51738641761127,2.38510221261675,0.765645980849663,-0.548088331034761,1.09788174896408,-1.59701622787588,0.733822360148213,0.521561816678605,-1.54791370771628,-1.32687188137247,-0.000835791628072458
-0.906952260600403,-0.261625083945253,-0.623301930375957,-0.325991454701858,-0.561526706277722,0.41735220078436,-0.0742507737650592,-0.563035312678822,0.451311871503213,-0.288099511175932,0.999156603264238,0.474896588060162,0.107465800811265,0.00386167539317235,-1.4483065830827,-0.174402521993247,-0.144464942685849,-0.0438245198111715
-0.543210695267276,-0.72923764549134,1.10956182383115,1.32543885160039,0.779593408437769,-0.590291894848169,1.72550386618023,-0.77750070533093,-0.159688625681447,0.295430181296884,0.44500908641617,0.0317000344925203,-0.487116752756577,-0.0505557613438066,0.460400494312217,-0.0917377342898815,0.401061245454456,-0.0189902631717503
-1.1605957994349,-1.09894945623839,-1.47829399571271,0.297366738657047,-0.538570985389044,-0.0120693787952324,0.422112650393789,0.0964728507562875,-0.251001703101655,0.485303659490493,0.258820694200375,0.221156460313,-1.40744918400107,1.42279662182593,0.602777934108212,-0.364933877830059,-1.1198829260177,0.755222108969675
-0.163312762363603,-0.237605067635669,-0.686549474675616,-0.887711956202722,-0.86473017820036,0.734101333453437,-0.318446736620068,-0.260933683672544,-0.119498510981132,-0.111048339879304,-0.959144308199883,-0.230155873712529,-0.492056423308455,-0.204593875354703,0.536418505857894,-0.126696852709862,-0.0781648924905627,0.430420953059126
-0.534651866833026,-0.461929545886799,-0.953426740183269,0.0369455754761675,-0.243704047727741,-2.78583088183287,-1.21933259676228,-1.16617806718692,0.463028879790972,-0.737306526574456,-1.21507478950063,-1.62311685940176,0.268719729116974,-1.9937213618477,-0.14382258377195,1.63648136883984,-0.0983804380980705,0.296401705695955
0.848546175779878,0.311698721335132,0.197608760937269,0.946536958160091,0.0731871716037067,0.871127639898427,0.54603299516352,-0.192002708598127,1.18907066225023,1.09340128337639,0.54555863543521,1.55998414188987,-0.193493694604587,0.753415286808647,0.398168304080213,0.988599979362628,0.150257955490563,-0.0248848156141189
0.50309937618254,0.869249822459117,0.393842800934176,-0.0739013462652986,1.66808566729794,2.72464241199148,0.523856135227909,0.149769085757964,0.230150578842673,1.53076846767549,1.60541458641141,1.99508927942152,0.902412956125823,1.86598201009642,-0.0969362730499493,1.06391986901125,0.635680378180443,-1.01648341912534
1.48678937664114,1.03890669675433,0.0299670749088296,0.354778607206145,-0.616056772756447,0.561750141137666,1.33543157985756,0.437967680187728,1.62409556081713,0.914273651152832,-0.356598076095736,0.781309668206561,-0.365570113664269,0.54284528991881,1.02107109976834,-0.557092061736221,1.34579091637435,0.69374378080588
-1.46615458270175,-1.46438123867826,-0.8522983853436,-0.0171597296511631,0.554213740656363,-0.715819330318577,-1.22116879395337,0.0399267566690686,-0.388942902180608,-1.35435609491441,-0.667710678711146,-2.12078995726569,-0.366629024007448,0.318087070348165,-2.04542456448595,0.0987138717703243,-0.116921122507337,1.53062742264718
-0.114613606340443,1.00102339242192,-0.454101087656823,0.488145778454124,1.23270109235268,0.941148714840208,0.374355914488222,0.446882084555301,-0.480947682952337,1.90298736899053,-0.0601929945475766,-0.0459682056537823,0.780797366746602,1.62891859721146,-0.512622556294719,1.4065933312754,0.205423523364346,-0.198237788826742
0.928915146704959,1.05013261995586,1.21200022307264,1.03629361355454,1.7841050905469,-1.34414074642173,-0.609738675353204,0.0167967860269834,0.797269864639578,0.584100343297148,-0.386235637848496,0.096359585448277,-0.745796634688446,-0.283996615989406,-0.583174471497032,0.700304188332109,-1.25397127626677,0.607971205970941
-1.35555461152227,-0.667010404357711,-1.0527869006506,-1.64255842903738,-1.60478228704707,-0.98835846882883,-2.28890077779988,-1.89769397658357,-1.94147319429726,-2.63160531035099,-1.64028520456133,-2.19330367897301,-1.07711946475033,-0.280995263225999,-0.84229593131979,0.549754510336544,-0.45877586211082,-0.803927262433085
-0.99292856705571,-1.31117327670252,-1.19869946808763,0.106926721037732,1.28918207875355,1.68675639815767,-0.624132423208693,-0.645836507175614,-0.338371204465673,-0.183020475426444,0.156127530213832,0.599805949269398,2.65717596989557,0.889701077310302,-1.41017335029098,-0.110694884724256,0.186600382442632,1.14991639995144
0.511498777913949,0.979514671172781,-0.19329804931066,1.38364714493244,1.00409936984365,1.03450272844329,1.91801833700217,0.578879232152973,1.1219957912377,1.49976380614344,0.854546668482753,1.74287396583087,1.56706274637492,1.8345760701618,0.49521955423899,0.901349966850183,0.668450420744593,0.424270432388314
-0.986159453221147,-0.541062155041574,-1.28283080987154,-1.24814375511206,-0.726362404235482,-1.09745236200339,-1.9348221255361,0.0491630513226739,-0.573532997682122,-0.681409560283235,-0.553273266495451,-1.84587873204441,-0.0747776943576261,-0.691209514933817,-1.40386321812473,-0.568704485017403,-0.804687518292141,1.17605954616884
-2.49800472887032,-1.93544481058608,-1.35431539573764,0.0718478036610365,0.446324004701353,-0.178119379603868,-0.675805329490266,-1.66452253044065,-1.53826698123213,-1.93548630573767,-1.85231816209521,-1.08102385659126,-0.280900656773102,-1.17268877428808,-2.05208124056391,-0.557708137312081,-0.401266837412022,-0.758069474017889
0.0220501616938991,0.85021369628502,1.14487863746193,0.0819660236855753,1.82259238889197,0.565590685949309,1.54863032176294,-0.248675649646441,0.463306236894816,1.21808903665724,0.672739027897345,0.151465267812965,-0.0854467680606305,0.87382319666511,-0.0602012387469307,-0.0887462898085245,0.563166342026417,-0.431051801939088
0.608175387028375,-0.126881922565046,0.562047057770644,0.00850619232148694,1.07647778664026,-1.32090073491585,0.643201974118657,0.831031661943655,-0.0202026455410876,0.862407253921819,0.369242783336601,0.66564388730953,0.795989072343295,0.712143031751241,0.582916195595413,-0.405826665168212,-0.956337793671324,-0.155941295807372
-0.517621790948363,1.03766562014418,0.806609189821219,-0.584050035033558,2.51484820478939,0.849541826858974,0.771464188464111,0.0114892763699823,-0.434666362888587,0.279836210444642,1.69604751813497,1.86404444412408,-1.84535079225462,0.494210677263703,2.38247477228086,0.385920451062557,0.0374216426957585,-0.13703075610992
-1.15531500743948,0.246279674457458,0.106096454441081,-2.15998309995808,-1.39532882685751,-1.46949782601976,-1.28474943893249,-0.661677580868146,-0.350756046219545,-1.96044778992173,-1.48409471988387,-0.784345799438426,-0.426017485522026,-2.05727723045336,-1.10496832460053,-0.991438237094979,-0.0303881023567341,-2.72260649537577
-0.942049659541891,0.499253743204767,-0.188312031345602,-1.48536079732883,1.01333194663851,0.839600162481283,0.98297905846608,-1.41613863446144,-0.622782952479401,0.997922890403027,-0.164985191485867,1.57195769955049,0.306708768295081,-0.726453135123916,0.805033480073798,1.04243806750437,-0.575169098857888,-0.842243065908316
0.0837772357171933,0.882073508858876,0.434506463735755,-1.30982781975865,1.78093658017967,0.297596450755703,0.5599611887404,0.299041770021243,0.619366510216081,0.0863404161156314,0.291775911804289,1.94097137109283,-0.679349282512008,-0.0439204614845502,1.84027231249655,-1.97468813331466,-2.08418133579653,-0.790087367979403
0.682244796659297,1.17160371041478,1.54492797635241,2.53313859013548,0.951535475126137,0.383945996425695,-0.149321880430683,0.999986329295173,0.63534978412105,2.01846163202294,0.332866942346337,0.460422886138791,1.2650738793839,-0.985433736478628,1.05604347889679,-0.772554605490634,0.525597192732876,-0.377799490873005
2.23051002791542,-0.178167227947641,-1.6425129756623,1.69304144881016,1.7765858643986,-0.283508503492877,1.75690478981754,2.3851763314819,0.372837705722139,1.64567398380279,1.98304707068022,1.33006978950119,0.184569611725549,0.250032747310222,2.24274769091961,0.634418961957771,2.25047065371493,0.593540138829617
0.80324663901608,-0.874524364317981,0.795752479444278,-0.918101542921648,-0.636649200149009,0.0393841258435066,0.419150074092184,-0.880015532864002,-0.157196953212346,-0.250058801736714,-0.317176108539637,-0.718535688852196,1.14980573107356,-0.30112652781307,-0.279863609512026,1.86855377044949,0.819935663411861,0.496275449561672
-0.0842819716277277,1.1847705232986,-0.47878235804892,0.566470675289224,-1.46670893114167,-0.826416500125481,-1.01145000701191,0.443497645536455,0.599029453940176,-0.333101833815134,0.712081935903891,-0.211039928905769,-0.594435893104384,0.792902119957748,-0.0786539330619065,0.32386940957173,-1.22773818828725,-0.255416626118728
-1.63326436506132,-0.743426177100558,-1.82019288534162,0.321827274370818,-0.750087047505608,-0.52635113271009,0.544327489402533,-0.40427315806518,1.65871331655252,0.114860805737822,-1.50237764180513,-0.965645700593338,-0.164146526357251,0.00193686651583121,-0.792172997143736,-0.97561578335319,-1.36682956410114,-1.05072330686113
-0.789482846030986,-0.283764335724216,-1.31414307782102,0.215745327117634,-0.391092370188695,-0.182335880734065,-0.889198466483903,-0.669686005780166,-0.175137837463926,-0.717310748499027,-1.39611278949381,-0.951057663226339,-0.0609726166159096,-1.77930911406221,-1.40648617910071,-1.29390710057628,-0.0832425093827768,-1.33962979314861
-1.24445926624415,-0.105987678012429,0.962968731467147,0.290998653771106,1.96876069574181,1.59137223466571,0.654551437224921,0.85037177096728,-0.8237893483009,0.0660074011800544,1.51943383725199,0.00872533993905917,-0.400978726404073,0.554140350610071,0.901751976880423,-0.75394803929423,0.737641840124768,-0.494426498343095
-1.09778645330446,-0.765349244925262,-1.08800543427913,0.0809593594599933,-0.741539074856169,0.292178187495522,1.13781192134394,-1.26284318837839,-0.954205621131781,-2.21899552170657,1.23589869903811,-0.595845190977541,-0.640574115520419,-0.538014550260096,-1.26380765411895,0.621956813014073,-1.01271294103865,-0.0381958141123616
-2.11413230371691,-0.608610221516843,-1.45580031497187,0.96981122286387,0.408412889914451,-2.46748144905,-0.521500235140502,0.452758878748513,-0.554607035210503,-1.37309882736513,-0.293295800641306,-1.33269148311785,-1.44590767570539,-0.613354447412023,-0.553101770528507,-0.521899536100207,-0.346699703926347,-1.29775373175664
