"y1","y2","y3","y4","y5","y6","y7","y8","y9","y10","y11","y12","y13","y14","y15","y16","y17","y18"
0.470497108406428,0.382969990151462,0.300241955727742,-0.152846511476598,0.034375619895428,0.368198708538366,1.08774385911584,-0.343662248386049,0.787512323034752,-0.225308061832448,0.799046108532104,-0.904609676966299,1.82786616045925,-0.960108826674608,-0.701209011982401,-1.00455204506418,-1.44192669145203,-0.243824412320883
-1.571939583901,-0.733155791957706,-0.467028753034268,1.82979857846983,0.0569921293622906,-1.20617607844338,-1.31549791428613,-1.74747524624133,-0.707121980429803,-1.6890397196956,-0.26253338229404,-0.812137525170368,0.763345934506362,0.645343962916555,-0.687232863396141,-2.39961152679007,0.3090551084088,-0.687453749160731
-0.830030341392983,-1.60929594794045,-0.140492411175596,-0.212358647447082,-0.0642598995544858,-1.78108237407201,-0.892754783606696,-1.02074660559676,-1.04976535963944,-0.528324375028333,-0.768557052435814,-1.96386427017074,0.0904341779849236,-0.591647610571169,-0.960863620182979,-1.39263554123727,-1.45983126021492,-0.292470870963868
0.823698814544057,1.71712331885694,0.036144622430291,1.05446141997886,0.104455006864709,1.02982445582612,0.379692212856215,1.61243710851801,-0.569507413031929,0.698925191421283,0.480241833700693,1.06850631208751,-0.0957658507632864,0.816010379653196,1.57902180524344,-1.64059469765401,-0.0395633522485784,0.434138192248313
1.63844312193473,0.122044176989452,0.57510489811371,-1.82268340945429,-2.10007440660452,0.0125738664232826,-1.58198432050252,1.20544315612355,-0.91711645658497,-0.164001589118393,-1.12550326307065,0.0919756073094421,0.277155487691765,0.523606359472204,-0.202952163087707,-0.733957373307593,-0.00908038217584478,0.140045042867218
-0.322342746492237,-0.676720927973218,-0.639792216130133,-0.423658277270215,-0.488846659259775,-1.07595554479061,-0.568675824697847,-0.395217216366108,-0.292656562797365,-1.92609256184032,-0.332332796139925,-0.86480722763317,-0.0712669807196122,-1.71210046750887,-1.5469402035187,-1.31163121714486,-0.593100642036262,-1.65934276930414
1.60856074567092,0.751887856249681,1.81919848186834,-1.16099900041659,-0.626645498589849,1.42691065958815,0.465833200076472,-0.541403964709237,2.29983757273036,1.32750437784325,0.220085181207425,0.776849191964607,0.0576347739187272,0.488025620317012,-0.0741017129154396,1.40755506993238,1.50333773866322,0.237391296823251
1.56783348172555,1.85923217073301,0.206524847420695,0.939855765441127,0.458484087592414,0.364752270776278,1.32988828332132,0.484517517290823,0.915691485273254,2.01399541648539,1.56624803086933,0.144380818531615,3.20480027541938,1.56692458309315,0.862098924320838,2.3663213396827,1.11968478963098,1.58326097441194
1.31452086728019,2.19145785846937,0.858849503060927,0.0804646334144841,1.20328830396518,0.985403332002231,0.899521031318079,1.66361329816755,0.441487230088315,1.52455986942589,1.3227619482717,1.61382253805635,1.86699830276015,1.76660422289482,2.34192228103129,1.01091164703433,1.28548529454084,0.639887520720426
-0.190975045071643,-0.799204559823094,-0.859576137261391,-0.659753345055467,-0.570320783808124,-1.26258857504383,-1.2124664026778,-0.437570779712158,-0.942949144646855,-1.87369203148795,0.842583031549666,-1.21213260758854,0.559043709637598,-1.46400368220866,0.000263328640801814,-0.42972425765447,-2.42794114022653,-0.147220090064498
0.419134676721027,0.544186974242559,0.907087539581388,0.0335921347734942,2.00219770031623,1.4111940276808,2.44405937105644,-0.203648559359059,1.48107607493178,1.83596110872433,0.452664030476546,0.87234890384512,0.582341344643882,0.576025066426909,0.781420112917568,-1.69400591375645,-0.434710740514218,-0.180436171741264
-0.732584774776942,0.134771535655046,-0.51960748042169,-0.364417255684343,0.0306740619118724,-1.0326836984892,0.849269318830197,1.20433569294932,1.00282690904812,-0.310074756960484,0.120609138724294,-0.562594254183274,-1.48285046090068,-0.756019311189236,-0.525719835753634,-1.96249118148547,-1.17081378923581,-0.925528180806085
-1.46937063651793,-1.12027818954567,-0.349694269249966,0.991406919488799,-1.55531970574263,-1.46495301957729,-0.861980601815055,-1.48873567853617,-1.30912565125092,-1.87907504620909,-2.11921588084215,-0.815629127023758,0.371004007540779,0.201332708208546,-1.09094783884169,0.0549588761607543,-1.4643549589873,0.958622788759091
0.597328833521566,-0.0922055829715438,-0.906147567355728,-0.804000441786337,-0.262022522183161,-1.03208432925073,-0.738001326825989,0.570253190197605,-1.32023788992915,-0.473425435221058,-0.119296466117349,-0.573716340212245,-0.117146158279078,-0.591877739407055,0.203536507569639,1.05555752069458,1.48233135566137,0.500467301179905
-0.543001468445347,-0.481098550523258,0.408868097733783,-0.397684848153881,0.0848720672150285,-0.200826122798581,-0.810850676228408,-0.33873356516733,-0.0584456573876329,0.266698500720331,-0.83830273702247,-1.40463748272344,0.475931381918703,-0.469029432985409,1.4356995130022,-1.52904395225513,-0.694629027414568,-0.178821754965331
-1.43367624139523,0.0694638773271822,0.119300183710353,0.93269324911922,1.16059415825404,1.43638003203478,0.563503876099106,1.95659789290965,0.520431577824472,1.13025322271539,0.605437276795133,0.85806193972377,0.493333142089227,1.74761951096039,0.270613308230262,1.00791267711558,0.844311158212896,0.417950907636238
1.1967168418353,0.244945069558212,-0.520348769786174,0.127179510577022,0.665595819234922,0.0746915598477342,0.610878037684322,0.154197451681865,0.972915087157291,-0.821525972573241,1.95406566350236,1.02046131997415,-1.07550823037438,0.771243457039697,0.0757137186125981,-0.112196179809922,2.01809192917335,-0.166980170344865
0.493376276194503,0.390526408805736,-0.346363514387612,-1.10601108249869,-2.75586490723248,-1.35764914046633,-0.835425108315244,-0.444873675588292,0.641679415668026,-0.82562058064839,-1.74562608435394,-1.85032769403964,-1.65611919444259,-1.11924419746015,-0.670004164302826,0.29281327297074,-0.373859714305153,-2.21880904518545
0.510584786163563,0.442095417012547,-0.102335477300951,0.172472572175656,0.881624071187263,0.00891451616981673,-0.557440382960234,1.11537355510498,0.793653764332187,0.788894759480861,0.747933561236754,0.825098585405859,-0.398999649268389,1.34265622484593,0.469155558371037,1.30287454586564,1.06442928190398,0.327132998811456
-0.256863535665624,-0.641165979775422,-1.1076493357524,1.06512010694468,0.750190970613229,0.0344249221175254,-0.726584513094059,1.23930725976103,-0.537603414966041,-0.699880988849552,0.532988477997658,0.349748938857554,0.358690521046899,-0.937981851323429,-1.91261143998749,-1.58392724260826,0.113814538742632,0.427443592339039
0.101311979496072,-0.613114078352927,-0.811312966741979,0.513192159627808,-0.358105425036368,0.374193340754982,-0.989697402404662,-1.2151092473767,1.35222615242444,-0.079654567709729,0.226729189968307,-0.751938015607574,0.528787819572009,-0.106579476556621,-0.998481529295681,0.891209708796425,-0.630308153803697,-0.568115359467167
-2.27973512474836,-1.0936680468496,-2.45053348294738,-2.14070792640007,-0.697503993388277,-1.11350405612626,0.0479346480282976,-1.68625615852618,-1.35233411932163,-2.04732127624193,-1.12416671831889,-0.730563527440454,-0.12558299020076,0.499973897739909,-0.676009634280792,1.0128881302707,0.305190816484128,-0.373736926347375
-0.501739589558937,-0.984942933723648,2.00258633668277,3.17528144875657,1.33004998348532,-0.290711764334655,-2.5132863148739,-1.91597331612944,-0.561942334395696,-1.10800942480996,0.471285978416483,-0.255885454345285,-1.16737572400845,-1.27485086839198,0.548013844379143,0.429704037763638,1.62412171578666,0.146801968018136
-0.474429936986055,-1.15915945002811,-1.39618390884968,1.03285764540224,0.45666816239776,0.0608694376553098,0.0625024437579892,0.691246613308583,0.655207706140619,0.543310788505695,-0.511559846120976,1.12818354513357,-0.303320475220873,-0.143205384154664,2.0659066644502,0.622483984643957,-1.68258598968339,0.494581591685849
-1.41329614623264,0.298330336503656,0.3301487626384,-0.118285489554857,-0.0690002320461197,-1.70670154209681,-0.385972915189094,0.0090194370915776,0.419619612042753,0.288736508110961,-1.5489958266318,0.315032224336518,1.55793462945104,-1.33381822061995,-1.15428463531059,-0.557009532920331,-0.647991510625416,0.806153230582374
-1.40672851161328,-0.979899156402999,-1.55338119348458,-1.15159631272521,-1.30441916507934,1.21385446247328,-2.23388115380851,-1.846640157286,-1.37273850253021,-1.94791657877639,-1.59117110918279,-1.44227279749562,-0.711290477223171,-1.14968490420349,-3.01813716388545,0.296960060139166,0.783193458716062,0.449273122046185
-0.569701821616184,-1.06124438799227,-0.50941252188128,0.649226617331355,1.66227703685105,0.565548441342486,1.53462893242795,0.458893967592542,0.918909302990175,0.58978789248564,2.3002644725975,1.28538834244699,2.31552085217925,1.99233622859553,0.350904015630839,-0.256191432293598,0.657053042091479,-0.988035261139029
-0.940649871503376,-0.461560442061027,0.381802800061017,-2.10286778200917,-1.774298493669,-0.247892992428954,-0.557338729956862,-0.503092115792656,-1.87257091139112,-1.7327419072703,-1.87885161690567,-0.473462592008422,-0.233023066845258,-1.72397495415287,-0.69906161886389,0.42759480303631,0.991450550067732,1.75853711798707
-0.00766406719292174,-0.823098768526729,0.307601610759997,-0.564774469540798,0.932248554375432,0.62409462420824,-1.99413569857316,-0.287405659858809,0.63437429082359,0.472441016504659,-0.525752641961666,0.133091738702207,-1.12056424769848,-1.23697320563073,0.655402372960328,1.91271251399771,1.32249559571498,0.416484933700366
-1.09146844351775,-1.50936347717099,-1.22593356665931,0.475764765779217,0.357483561466387,1.63910606712716,-0.886922180077209,-1.30253808776559,1.22668521262572,0.56006055449757,-0.805218126763085,-0.239614087049807,0.866569938561263,0.0652728438546671,-0.511803883770767,1.18531905197608,1.74866313796811,0.199106780711416
-1.63553580962598,-1.09504889170368,0.0962162843863745,-0.892848507657541,-0.684773583482638,0.462527836476944,-0.590315713152923,-0.250645779037099,0.140900585888357,-0.576779039671818,-0.78596705960753,1.08413068825641,0.221217810533167,-1.69120593101189,-1.05318142617311,-0.119080612726065,-1.16477813714684,-0.774620829438533
-1.26045388983107,-0.719298452585636,-0.680563527194584,-1.8900873638748,-3.77437017110527,-0.735488690319223,-0.755300392618279,-1.80347012726501,0.222002544370882,-2.49571475736254,-2.57751155577168,0.102724517318831,-0.369855385345192,0.965538227184195,-1.94284715891589,-1.06284380717125,-1.7930079225634,-0.864941571460975
0.342460545847081,0.276782670729828,-1.32689009608375,1.18903074903384,-1.12964796375863,-2.6994762756472,-0.889626968797387,-0.34695670406445,-3.03353836737703,-1.83690338677622,-0.743762294631017,-0.721145102560454,-0.805578442068977,-0.81115186450449,-0.254234148444325,-1.23884195128482,0.591043673797653,0.183980412510448
0.586443503809767,0.360796819091851,1.84070999483207,-0.831103365287523,0.570703332027165,-0.959851116048418,-0.105472449446656,0.0240087892714373,-0.655716040475629,-0.0800240217675391,0.0357948743151492,-1.70126030743,0.0226291491514372,0.0491794816773867,1.01505065976628,0.944965631004911,0.311630383517194,-0.00891042675406684
0.945252764368786,1.12505707488962,0.304625452031503,-0.225462580384701,0.619613486744068,0.565637341682302,1.3460562565256,0.579703612975996,1.39872944712904,1.12725742160645,1.34298436180101,0.706761225975107,1.0019861784911,1.56869890907819,-0.129086435185128,0.512854429083452,0.305922638761719,-2.23561899848282
0.853295285765438,-0.171328542946938,0.847189914465796,-0.0624368588357107,0.214071152744866,-1.27933070092621,-0.128248151103323,1.01676828605187,0.28214910918626,0.217727169128247,0.191733144833243,-0.924395975430263,0.119933938345897,-0.0301951997186136,1.18957206397023,-0.383430012131058,0.0268495697950678,1.83703214277296
1.35368730702748,0.0192221968121178,0.336404986992148,-0.479717950245084,0.590340173299123,-0.999204426426505,1.43315810888088,1.14019082381625,0.111061260302772,-0.0350302193201177,0.766168661729005,0.0460798121800137,0.191002959955148,-0.622714185400066,-0.889823212615093,-0.485732714123972,-0.702272874201043,0.221500635023071
1.09471055915761,0.466738458930419,0.616893345977657,-0.466223532843963,1.26348781003692,1.41924225507154,-0.273092763847986,0.15199021316755,0.305214333289294,0.569500420481534,0.694514491365851,0.00434826789243785,-0.326876060472505,0.444950194396649,-0.431947921661906,-0.490125742070237,1.18434816659541,1.34805133343156
0.85045731356878,1.56326300944557,0.524136752333303,1.50541360039307,1.58817420895214,-0.110781357657157,0.0632569296329006,1.01679014897089,0.928713943269636,0.815306289915506,2.26374852764741,0.166148075356705,0.313176415097613,-0.00594493638536701,1.25222454167429,0.700250105466167,1.05513747187221,1.26121625547879
-1.79219676143926,-1.15956896963776,-2.06035322393066,-0.37541510991484,-0.632942985100157,0.492383173072786,0.0742248837821725,-1.57149221112393,-0.511052456840204,-1.50590999587154,0.663182909792405,-0.407649133984446,-0.547749217558005,0.62958525010524,0.516210630367187,-0.437097293410895,-1.63677517557404,0.153868566430206
1.20822162949859,1.4553551053086,0.444492029181642,0.499526361887229,1.64880764713323,0.720244496740926,1.35605411854712,0.661536999340033,-1.00949552748602,1.61712931521707,1.5969907082002,0.267415888898254,-1.28330562560211,1.32550465325687,1.84907295451618,1.46095030112261,0.8480541554255,1.07667534223603
0.438866933000185,1.0579794633726,-0.563065186428019,-0.481281823140053,-0.198208699901012,-0.132703645858177,-0.0848279369280948,-0.260027655754099,-0.187257920013803,0.119357692837596,-1.07254962686127,0.330618842959808,-0.833355703097845,-0.761268261526205,-1.81490342173543,-0.914896997084545,-1.03923573691752,-0.303832449336163
0.24966340028,0.538627879764862,1.23599915685572,0.13650132099517,-0.231028768058837,-0.27361756758212,-0.519787059154052,1.04705785736254,-0.353728905210889,0.380273251509066,-1.02138481457412,-1.51787110260669,0.176987633921408,0.780676438668599,-0.857987901087093,-0.722936035222086,-2.18580704686701,-0.0468695593473329
1.51081875538542,1.14886810410084,1.08644013648287,0.0827226719672902,0.393827890848976,-0.411394889260408,1.40849663745239,0.621935992357948,0.442847330973788,0.412906700148634,1.30579545354284,2.14828269692617,1.4137671142104,0.883367406088981,0.48553024719074,1.02054913669979,0.376329922593029,1.79802870999967
-1.22860624820492,-0.996774218199616,0.112661597391696,0.751461234807232,-0.494345584520814,-0.811478942996273,-0.820456621039874,0.295664873066387,-1.34051493721124,-0.453626861444305,-0.502461399111667,0.0385794256778202,-0.603294827460362,1.07736716628996,-0.539869233028377,0.970575521014556,-0.47952542187851,1.15333862189861
0.643059056782092,1.3741102511899,0.22725460742482,0.614234665972879,1.36675432845117,-0.150701226930876,2.19738904816874,0.372126935574195,2.40360566689315,1.68086804450839,1.71675703400894,-0.268691591113628,0.579638232631069,1.16697295018282,0.613293115448972,-1.4815105518553,0.410299044230079,-0.18558842084516
0.347087603705162,0.489447833100991,0.822190360611189,-0.663779054176925,-0.832357839945444,-1.08774472953767,-1.86351700864728,-1.26186548134404,-0.748562077199897,-0.54001410554486,-0.83153388667495,-0.458591253451151,2.08996413375748,-0.818801776813201,-1.00904111180733,1.05172999222171,0.25755230663324,-0.950642371441031
0.603416891200178,-0.585172854660552,-1.07261708649624,0.226590068776882,-0.414873920350118,1.60491276418248,0.182532927530025,1.01376180225696,-0.596223792736809,0.216443300905412,0.476320613748526,0.883231647505578,1.22711220251291,-0.127544018294061,-0.557272124423542,-1.85290027830408,-1.76761670377664,-0.490205221464969
-0.979436919931431,1.03450091265445,-0.397327394729388,-0.310587699050391,0.142802982886925,1.0923845082496,0.610590037822169,-0.126904910137962,-0.506728384281201,0.316590321306006,-0.0838850877873695,0.253855793143351,0.443739837940932,-0.646248671342466,0.121554409600009,0.143542837045078,-1.67733544857689,0.40333705859264
-0.473964611624808,-0.227330774865387,0.00910035248758907,1.01991421658877,-0.671403810032979,-0.965338371348595,-0.753764774791254,-2.40687484888857,-0.27407876878408,-1.36582804010412,-0.924621369839057,-0.65201245937164,-0.718757215657282,-0.45136599338846,-2.11869708366331,0.28403174215044,-0.91308740030139,0.373939587717031
0.775016535427358,-0.87928783806828,0.0576491135747988,-0.107417488398516,-0.383909694156389,-0.919666487183764,0.0924495468422782,-0.418312304096256,0.235234587787308,-0.879967272989365,-0.398956812377678,-0.508383239522916,-0.166868020718276,-0.049664281322112,-0.11124880325658,-0.369426792713419,-0.164374200575645,-0.773276165265322
-0.780965755142393,-0.115055618684074,0.472274491201775,-0.0601548119207515,-0.116060205539157,2.25907894984668,0.201682473942704,1.91849013677258,1.13743515810744,0.876009516151085,0.753716497908615,1.44055138166306,-1.38071242935795,0.410726253044064,2.02702304770252,0.808347792529457,-0.132766619199108,1.63198411008314
0.584566035137714,-0.160709511180815,1.88451150932765,1.36386398333267,0.662065647511798,-1.20440064816022,-0.344451712659764,0.0740536666079017,0.443833864991613,0.17549188635316,0.770357156282473,-0.750109403598261,0.198038046363221,-1.25742355288409,0.976700130083768,-1.1420366369009,-1.5447702770584,1.18721748747173
-1.08655213887276,-0.0203566747179869,0.747077993059363,0.100728035467379,-0.225601368734128,-0.725960966335964,0.931481861473954,0.252700379345231,-0.15857585444992,0.293205496825679,0.384084686595347,-0.000246044824682533,0.505966080260926,-1.06913147110881,0.730092385141654,-0.707308469846259,-0.561098430756046,0.104980277942087
-0.00271092388724991,0.523296485735516,-0.0616321396012714,0.504110087007693,0.390055315551144,-0.442979327771413,-0.42708477177132,-0.676763549042237,0.0851003750342621,-0.198264143107658,0.992792628626279,-1.67674562543542,1.58485807156249,-0.9897930687022,1.12008053941809,0.181333443488112,1.79052990557147,-0.171591752748256
0.12875383278438,-0.403609528646291,0.27529990283205,1.58252790789451,2.25906268707036,0.531669619798508,-0.840571965302842,-0.364139263048853,1.2044191093085,0.469512971794667,1.1989228035153,1.21654337861395,-0.510545398917344,0.150800918306753,1.29263851280624,-0.624389985442543,-0.502229147805301,0.920786121635613
-1.33354753754013,-0.913595884878229,0.10334852569992,-0.266734273816813,1.15567516511195,2.59787113164091,-0.350949807061234,-0.956953962093391,0.880622422702582,0.862100389587266,-0.0596273673913132,0.54377697245646,2.07541195901657,1.81567417028018,0.404126016446809,0.481720829364087,1.01941682106056,-0.478301476857606
-0.928134839900002,0.494734086715212,0.416239587198937,-0.676080978849673,1.77787681027081,1.3710621227039,1.9883393787715,2.21266367896102,1.95984424589664,1.39314128345371,0.799111083758571,1.87164775141406,1.25268286343654,0.353326780358082,1.05306723648179,2.11891362512143,-0.331531043379686,1.39518276824947
-0.698957793945938,0.243082265804304,0.342875581345189,-0.737297720718212,-0.512677746300918,-1.58162363565787,-1.41216065902156,-0.805431152698493,-0.296260728345214,0.238605080762408,-2.24008290851091,-0.920399117588454,0.710678825154647,-0.405200896222907,0.784771556505235,0.085988183182635,2.51140084340858,0.976068194617344
0.207806223545527,0.61556506371909,-0.34502774710741,-0.293758757222639,0.932587127780601,0.834760858337368,1.07853799233529,-0.0938540527105681,1.21985939074162,2.15089555657523,1.11328257756881,0.620816119019102,0.224934880760381,1.26559912946713,0.826947334002435,-1.16160218684951,0.00283601760645724,2.07751566216205
-0.268902644344802,-0.805476469886324,-2.29821712886907,-1.2091558375123,-0.152804793922377,0.759440826194927,0.395585485337923,-0.3118917075971,0.10503874965931,-1.49502623791412,0.715289485404634,-0.0397099779416943,-0.0107351070500738,0.236647665571687,-1.26039271646615,-1.65637969033662,-0.416479529869324,0.346252049875777
-0.173309638477647,0.383417822275699,-0.0620870161294699,-0.325927549721904,0.142419334887621,0.0253991364091307,0.491055270104344,0.167522814619705,-2.5775325326553,-0.585605811666325,-0.947575062980763,-0.0559130733668653,-1.36259152664828,-0.762507189344581,-0.81736169205318,-1.42277852043082,-0.277086198405861,0.143224143126062
0.2296871972806,-0.0145847494053547,1.10616190326053,-0.049191416040064,0.568669190662059,1.17890518404588,0.0648916058620673,0.759805374084862,-0.071420191171033,0.110595656231175,1.11348730671781,1.13485657989572,1.01129196461947,0.871259353088759,0.716346800278317,1.98720361012413,0.713286486132708,0.464706661742176
1.14468133937868,0.866587814338242,1.25448561246852,0.493840245690265,1.27730651035674,0.805274961165815,0.0890125075528661,-0.282449858771818,-0.560444314307899,0.501427721818127,-1.0208097587602,1.58229814482407,0.475795858677479,-0.673454014758013,0.822804488870476,-0.95283192373537,-0.153511997006163,-0.0566391927406119
0.797636535967826,0.571385355607336,0.875777104121496,-0.764689562960724,-1.71716955870529,-0.430914867671909,-0.894380409674092,0.538392862491544,0.0734803730808012,-0.420220681016827,-0.402741384950064,-0.724901124665695,0.0832971858259634,-1.18707698881052,1.47577481066483,-1.08932228951195,-1.73136587686062,1.30657834923704
0.999837794083452,0.282318835348937,0.867996432679561,-0.501558783603126,-1.51717667554589,-1.16572079633194,0.692204161912751,0.0690309271337904,0.296917116492601,-0.0796619066389122,-0.231910169602809,-0.139550996473874,-0.168377725471894,0.978937996691641,-0.822221836268549,1.25353512886288,0.285630646743195,0.837615772542877
0.650205008121203,1.09242030718338,1.3424324417482,-0.211204271625961,1.47626149525241,0.850875656853951,-1.37427423786339,-0.498242460299514,-0.468967341954591,-0.472267031328096,0.87465165192636,-0.805940370434471,-0.26870704972667,0.353040386758877,-0.469116987221499,2.02184371061636,-0.50938790409574,0.537935450452734
1.36865770189485,0.0136931956429877,-0.303935637228335,-0.0805298087453376,-1.08324070858539,0.412845627427125,0.122738691484327,-2.41611378695941,0.198120294903275,-0.165210658280856,-0.888730704407579,0.592574112709896,1.54579617855715,-0.550294896600507,0.10834322134117,-2.13757847921218,0.947200883762682,-2.89716610644412
-0.944470989885371,-1.16649193377916,-0.519477087065413,1.00544114431932,-0.981665403468161,0.34631474246269,0.0890424804492175,-1.15081477443078,0.667965723919727,-0.267904722969134,0.248862574793138,-0.0817430630804136,-1.07526914901612,-0.707525234909013,-0.78873611430026,-2.34264867761716,-1.60033132560526,-2.63477194577242
-0.45925642377506,-0.65650160499735,-0.567232895726102,-1.60020470307436,-0.0778102113098003,-0.14464705246156,-0.652266691405999,-0.12588180346889,-1.38746302120546,-0.578231217777545,-0.860048055967152,-0.44648448922652,-0.104380824934412,0.12916217071003,-0.801420996049004,-0.0983546981635988,-0.177862939669132,-0.848630706017347
0.37233769391802,-0.694630319414911,1.05162748246034,-0.368828043061581,0.525707240282021,1.15396996700942,2.37919781807574,-0.224278702084636,0.51248996663586,0.120991085280894,0.374622320392753,0.0754579306097468,-1.13619405884412,-1.16418496331973,1.28919540746851,-0.523123056268907,0.911158186469299,-0.500490504327443
-1.31272115719331,-0.29278262135022,-1.28758324540134,-0.980164660203005,-1.65299845363705,-1.15636876550664,0.709520267717661,0.345940389330994,0.57643654683884,-0.114162406727802,-1.29172740701307,-0.779671292124886,-0.829843200374084,-1.04729144212482,0.077592723219265,0.228540245179119,1.50890369149719,-1.04840836681284
-0.335401041005848,-0.671788778819354,-1.23560432712574,-0.974811110228875,-1.54023641494473,-0.679404066705562,-1.1844747830881,0.184982184151023,-0.888155522936546,-0.56421262033098,-2.63603881978686,-0.0127685102190001,0.56183701895572,-1.15220407202833,-1.31802254396513,-0.17972588760178,-0.804263366818114,-0.24785053730755
0.339545393878111,1.40769926217695,0.0371406905039961,-1.04432740277414,-0.28357326817326,-0.0507052213448501,-0.416771766736211,-0.182675645675624,-0.187294976280442,-0.724985305393587,-0.397805615172227,-0.231738569141307,0.0408461876821581,-0.899566907398356,-0.501867936157501,-0.827037987070865,0.083399558273765,-0.126550403249556
0.0674663885491855,0.528389498011576,0.258748310968572,-1.79044657280251,0.78854287652186,0.624009524911983,1.10543760571393,-0.385362402414973,-1.04220805467931,0.555342996833309,0.42591711644576,-0.585287123345201,0.799462897862577,0.984805981123702,0.661591527064887,0.398095431559155,1.40580114533627,1.04143051311995
-0.819520953504569,-0.0701277593835865,-0.00817295023871398,0.67833790913642,1.32968431006312,-0.511198198422944,2.33914729519482,-0.302005746210375,0.365063574490271,1.07128051406735,-0.78814899522953,-0.890676041860282,-0.701147264465221,-0.296254615893804,0.467090997785742,0.806742535034244,0.554887334087343,2.2520234216164
-0.789510823884087,-0.143032646595437,0.444602358778479,0.576653292385688,-0.537521551611692,-0.164090483674821,-0.374452406821012,0.289412901437686,-2.44548834269415,-1.26008009323468,-0.830720437083003,-1.6715657357765,0.440369536018887,-0.815948382942009,-1.53320180788679,-0.654378412141221,-1.27089676438704,-0.467992119701486
-0.41858461043006,0.549475730016576,0.712449500201353,1.32792375190153,1.82160467849957,0.237537629344586,-2.71637617948964,-1.8249189550733,-0.635978845020659,-0.69791946849277,-0.302626478522167,0.268880571523425,-0.050415156802437,0.50274373472988,-0.67106905896688,0.532603327276043,1.07022531601731,0.392119573297486
0.173463450657521,2.40382135404838,0.69866791176092,-1.27971836159696,-0.169042286323489,1.49228981074615,1.41519920686268,0.162929383956909,0.778157951495881,0.161119647045317,1.58059393007615,0.76157757421482,0.879167549997247,0.608408110528302,-0.238082231154501,-0.511532179252921,-0.143538861124987,0.0160349718631719
-2.36293005720566,-0.102297927284646,-1.03169957897679,-1.37356182388285,-1.34662083473527,0.0471371347234,1.12610183819506,0.210482760713169,-0.0861703348703454,-1.49518830856042,-1.28974926113996,-0.0940357188717857,-0.32358550572292,-0.69208714192697,0.00150424347601996,-2.81892099884749,-0.899388873602726,-2.4261424762867
0.960792423279112,0.0659554665222301,2.04893164728967,-1.1833946592764,-0.725344825381849,-0.190011392231515,0.352104522401958,0.376147323293326,0.483774444082476,0.127265352150735,0.963529411626928,0.0652969421090093,0.671634817791279,-0.752600829051731,1.32157199045633,0.33912130609832,1.49767054206528,0.843586314137956
1.38512201277042,2.04519457691159,2.0790694764442,2.37510959989733,2.3972168007759,0.656486227799014,0.839524965844084,0.445254142995042,0.482594155427334,1.41012760818108,2.10941813625749,2.49432408701625,1.64341312352952,0.625533525059988,1.81899171098856,0.384109965207393,0.825766356434875,1.79057493501742
-2.80997639792313,-1.69621832926698,-1.3093842456764,-2.21987019961218,-1.70286022164669,-0.196215730545859,0.445666861462008,-0.656192321379984,-0.818616866756305,-2.28779669886697,-1.63234190820655,-1.22245148054398,-0.180013334652409,-0.118572180413764,-2.08646355587074,-1.83173858163614,-0.338602481286507,-0.38460042180005
-1.64658680511966,-0.0386705556713761,-0.963840962300904,-1.42199366527987,0.831197053768147,0.862027401844491,-0.513002822287413,1.21116999064356,-1.02021793113396,-0.593201204000336,-0.0676585009840016,0.179018848856415,-0.615729531310287,1.11062736900271,-0.40173097946461,0.042404947496721,0.123988841894999,0.0252137102498738
1.01531795017545,2.10558560241722,0.98818465870256,-0.175586078889535,0.214763381756464,-0.495193999417623,-1.22318445042868,-1.6920983414803,0.781771716419884,1.00231339463111,-0.0665392478932538,-0.310534916375926,0.927930888030348,1.92125402429604,-0.702800657418233,0.417923377340914,0.370753374582751,-0.189868950867356
-0.0307470057927275,0.7237003187444,0.952141904855366,-2.20992668774246,0.477908525570116,-0.936756641849456,-1.27518536591369,-0.010511100913332,-1.41273768823888,-0.932197647970824,-0.675308771219035,-1.41989536723709,0.285308821471643,-0.389553687780947,-1.45017783716077,-0.344723504372806,0.499528514359935,-2.00140642329597
1.16064699141904,2.92337436235575,1.20023094961952,0.633503983242487,0.697761935116145,-1.02562681418465,0.998019032517753,-0.061420807056804,-0.193766962844608,1.850931949068,-0.495732559791242,-0.546785503510953,-0.0585675043181001,0.19395262296544,-0.0967282219891019,-0.665113890041463,0.866252110190299,-2.52889750574143
0.229613311751364,-0.91206578771757,0.669631861153338,0.4923505560241,0.48794537990626,1.59716868645982,0.136589952408038,0.941904853239548,-0.649728553045927,0.532026274495133,0.301744632773013,1.91730003614708,-0.0170583862673697,0.6815296925734,0.555404048808691,-0.751429612293107,0.0738496227300381,0.25597354375922
0.447990718610323,0.00593021449852657,0.0679469869793487,-0.434920835639662,0.607378002673256,-1.06793934756472,0.535857882996007,-0.358159167490012,1.1200708734518,-0.0790575005945872,0.0325557412836207,-0.566843624597454,-0.0375590293670654,0.363341376413486,-1.01964269177839,-0.841969033336994,0.146398729292453,-0.560069698147871
0.310878092593823,-0.371630422275943,-0.167967189205197,0.641201923719577,-0.271106032918563,0.668849087961004,-0.940919856599238,-0.554131274593246,-0.551781818109883,-1.24012797874292,0.765302294899479,0.659683875340149,0.612139331120242,-0.115480764128971,-0.264641178081213,0.631497325822189,1.31078853267962,-1.00708159205716
0.159967684528193,-0.682816506225866,-0.323061618199682,-0.631157380164406,-0.48444168007814,-0.0441089077858557,0.229442848471519,0.153172691700046,0.679023612194174,-0.696703976485224,0.813394071054443,-0.387626613010407,0.178502933106699,1.11838061006558,0.457528003203346,0.045520717146374,1.00065216823733,0.872926526797264
0.832945949985931,-0.574847500891587,-1.52798347271608,1.42725258836421,1.73658623454101,0.542953064395716,0.238456574432522,1.64142673330776,0.44297292736669,1.00252766704553,0.0322834087690569,0.590804399325674,-0.20835242520692,-0.538519803658463,0.410405099553209,1.24959807300577,-1.15514753648783,1.73259886325443
1.30666233016273,1.53180429169367,2.41976873069037,1.56727006979705,-1.80119483970031,-0.210902749047576,0.263735007428608,0.303490493264412,0.0683536798036341,0.445789969429629,1.67662206351954,0.103867304834063,2.01802432335117,0.408701130112051,0.891103666929441,1.3313740804568,1.05466761860911,0.462570584179723
-0.663554036125563,-2.02982979609707,1.18388715806568,1.32586880824454,0.0950138051909191,-0.967497246773223,0.584999222070424,1.39147694715996,0.11245505277626,-0.223267946708504,0.433130838852881,-0.105140314145344,-0.522467970854899,0.209742038541078,0.428112628088796,-0.664202148018073,1.44520191975764,-0.482683276162225
-0.162023891417257,0.105244390923118,0.214581368048451,1.01602554057006,-0.164650322789077,0.802478085562053,1.07524710206935,0.0605470649282574,-0.205098397871851,1.13672040078585,0.160264528458537,-0.158738316140482,-1.56880239525381,1.4635393499514,1.48789334380957,0.645444864225532,-0.453025812825314,0.30184985316643
-0.928282430272452,-1.31291828429866,-0.172217199305421,1.0887272848405,1.22232748852709,-0.0867488216909939,1.40782787421852,-0.987512451836999,-0.331903310218173,0.171918753955527,-0.0778764654801077,0.90083294605738,-0.354419784557068,0.51312920863109,0.140756468218369,-0.773687646198754,-0.232425488481995,0.42437386937615
2.07751949568423,0.783643605716052,2.32613826046195,0.194545366107901,0.939614127551811,0.629388534822858,-0.0315315652924322,0.259071492752304,0.712107244796516,0.777823829245601,0.628124455204736,0.079023979593255,-0.878946910205851,1.37164831426254,0.620108276700159,-0.339182425940728,2.10290735117458,-1.05732469246001
0.35063195101847,-0.213705117388648,-0.392439765825641,0.374854128658643,0.404486441449496,1.76491058181729,-1.06373758998943,0.34680139815246,1.93344226526497,1.35498694759344,0.913118112473908,0.882486274817599,-0.700222794246558,1.67159889333563,1.21866663014435,0.508081421361508,1.19368454806868,0.225390004281969
1.38630165431271,-0.142510201253832,1.33636788346667,1.30369334788425,0.613882605184247,0.987551424723991,0.271733606528532,1.22632138296705,1.34937133287529,2.57736266670477,0.511497358456057,0.984155125161377,-0.16975520864094,2.0569274919044,1.51329903476491,1.25903222651185,2.47976968783453,0.774116800516634
-0.282485108476193,-0.574369468817648,-1.06260216016381,-0.864532824365592,-0.296771817359262,-1.72278224519935,0.312785680305518,0.734401341775721,-0.712318334661388,-0.465929381049439,-0.0954010149313486,-1.01629748922765,-0.558694915407859,0.797582099562278,-0.785744688828195,0.0781659265235908,0.0177219983978293,-0.367056378083814
-0.438066011611882,-0.37349169877611,-0.786408000863452,1.1816051230806,0.222794110650459,0.412636780313251,1.01855413924407,1.15106503740651,-0.660581215935878,-0.267249601880096,0.948444321772813,0.45198901178949,-0.340476429848409,-0.623292118692504,0.813540781644911,1.08463957559744,-0.00280194715693183,-0.382692432699867
0.806058783571875,1.26319023888319,0.452125442873906,0.618386925984865,0.639639807832888,2.28836508027938,0.434559041713511,-0.745737938025474,1.02068046548265,1.50689985142728,0.483236081646993,1.56206843576882,0.085340619423261,1.23639341421478,1.52473131362743,1.55027173443122,-0.123991870603077,1.2954438913645
-0.427194948815756,-1.15746576955535,0.490568669472825,-1.5843899905178,0.0829591075083864,1.6291255942608,-0.644090024745706,0.925365756077603,-0.833366111654807,0.749162225297764,0.974519031404129,-0.195619110175769,0.737488464341072,2.78314594037022,0.0926386340206405,0.0596804024366451,-1.17628185962144,1.76299275128581
-0.396036981149458,0.0562848648416052,-1.41557969875371,-0.233316049796914,-0.890408850021849,-0.0526613385463752,-0.683800567148644,-1.67313118855986,0.309726039526507,-0.0828216805847096,-1.12595024988715,-1.14472365396215,-1.00606730805953,-1.03828623168911,0.0570550065987157,-1.30108400414176,0.778196940212204,-1.45029278911408
-0.857691070389672,-0.252989254441323,-0.825013586978502,-0.783165682390028,-0.0726527417331726,-0.746971035969835,1.10477006534156,1.01259845201831,-0.597835435592028,-0.157037117574242,-0.237899518023223,-0.228394750292299,1.53212524337003,0.558638715695108,-2.30262403573747,-0.165442293401735,-0.923363372732214,-1.96931516139852
-0.814328158153035,-0.539771421909909,0.138080585370721,-0.153908905686168,-0.383251156413411,-0.333832174545912,-0.995147837949199,0.58610132658284,0.506538228303685,0.50242371681245,-0.0721513657961127,-0.295084264168268,0.156184935966429,1.81330587176408,1.23543308624476,-0.186478475402469,0.991519447627203,-0.156437901546286
-1.15727142914737,-0.885705415900095,0.59458471684049,-1.30327845430069,-0.357061973499626,0.874421828403515,-0.195715003251238,-0.371473013953477,-0.0748095585884564,0.0642790496043338,0.587278549897351,-1.83526956654668,0.535783883751846,0.464651905307185,-1.08244970286931,-0.953625654942047,-0.956177108174221,-0.539562551153154
-0.209560892147787,-0.504953496048265,0.333846451595252,0.461491102894212,1.15723066352385,0.325686841284926,-0.987541854969639,0.752524557340619,-1.44951060588869,-0.0254058011567445,-0.256611141572029,-0.786413821269457,-0.457801138888138,0.306207058634508,0.0650118024174111,-2.92953360676138,-0.201181948283799,0.185741668997697
-0.459229079368376,0.0731802445606528,-1.51621685665123,0.142043144725791,1.36747676082521,-0.112918062200113,0.0730915472646689,1.28197654533176,-1.50259452730568,0.486726160317266,0.269560616213836,0.369473075040754,0.641929747828051,-0.569464714620626,0.138029503659355,-0.916055656328658,0.0385386068367881,-0.276297352691559
-1.14243447469157,-1.29007506147959,-0.93668817213314,-0.842595117843897,0.912132975434197,2.00431488134663,1.40837032005096,0.010695853151199,-0.298397013200117,0.286915013330724,0.444640629332984,-0.168002730764139,0.943763096011255,-0.219581172513806,0.851873779201179,-0.694289293984691,0.196769601857978,0.803112499236186
1.19825760980854,0.54376411397197,0.814798172597318,0.576752242783499,0.770128328399193,0.386849175401728,-0.472182227203495,1.37502730495087,-0.142659200590906,1.06231672653279,0.563012566492862,2.04132055661657,0.73951825327279,0.846859632870165,1.35597273796959,0.627776260591661,0.27108283689129,0.316904882703889
0.598743709761646,0.228711075384174,0.18833956707554,0.552968280976872,0.541386096745923,-0.746018027962519,2.28980352070001,-0.610335896898709,-0.356581448490508,0.0752950648845227,0.206002459946627,-0.521102847618597,-0.545390803284952,0.554500897966295,-0.760805884410769,-1.05135611937671,-0.329791844329747,0.238661687868998
0.903351981763921,1.76468953665043,1.2144636828775,-1.34239962860312,0.0788293735355979,1.88441868010373,0.498957608526891,-0.336409550293661,0.939164085034871,0.43787889989931,1.90059293075217,0.541037131115086,1.43825009077073,2.32791688250851,1.59570743342733,0.66585066013301,0.304837021575243,0.0707662493992697
-0.666345713614676,0.175495539337748,-1.29045902096105,0.599328524437304,-0.662934545225427,-1.74214265816073,-1.90779599671001,0.672194071951571,-0.270489581166625,-0.71312435021365,-2.13298797044628,-0.963987620318172,0.365470442933402,-1.85428119182361,-0.569182347665719,-1.1548912277693,-0.707518160370354,-0.652484770089148
-1.34493957733775,-1.24038459335551,-0.0223134158993569,-0.182234980837932,-2.31992749252076,-1.38172736357116,0.509519588668836,1.1395121785614,-0.562039428144218,-1.62435147186923,0.397971525918937,-1.58090594886706,-1.58115628420443,-0.20056330341216,-0.4544445167134,-1.77613393751311,-0.623133557125275,-1.96348058629682
-0.533844259801557,-1.5726295537154,-1.03907666530283,0.859666442435449,-0.519740329008814,-1.11740956043275,-1.54718785004361,-0.208157068713546,-0.894814088238777,-0.873427346882532,-2.22023499167208,-2.13038360885889,-0.332019516386056,-1.66905571913731,-2.08433150838453,-1.67730158993939,-1.095433967428,-0.0474953483784556
-0.023112416268545,0.141416638425041,1.48797124144595,-0.880364338922117,-1.14614064792977,0.167821990348172,0.75526172949642,1.7388056097054,0.959133339773558,0.118827581640174,0.266847777598459,-0.332256558093013,-0.202427765600245,0.0411447247510731,0.954039713361701,-0.654402154904896,-0.348724776232914,-0.765194782799201
-0.109846890188927,-0.238510652992836,-0.275783713019754,1.15444654175383,1.70296409818388,1.47427434725695,1.31286977833298,1.23450425291253,-0.931281600106499,1.39116390048076,0.470416574107123,0.626934010996757,0.460645541593826,0.205406005400874,1.99643516261312,-0.11761830213769,1.88761157801366,1.49258336746788
1.34007964778129,-0.749418476451518,1.26458552913864,-1.04541796477477,-1.3247645119066,-0.618526111198483,-0.186580734872659,-1.05648959552403,0.647183325372307,-0.706472353982218,0.292009838608445,-0.41264348804279,-0.941904777564126,1.30108005130883,-1.2772135881668,-0.342377929201824,0.267112634265079,-0.103918548087383
0.352238439036481,-0.141311445558394,0.261755767388085,0.217865138585082,0.398734646272972,-0.578295716561817,-0.16760809888077,-1.85724158674263,1.40579821584239,0.387162501733075,0.120172664370404,-0.361700078073192,0.876016542346823,-1.31232550623423,-0.7524109776264,-0.780891631484195,-0.52283871373408,-0.419200539403202
-2.59683070584912,-0.492379242989236,-0.115940829810221,-0.0687418456875925,-2.88100580365682,-3.12542974140253,-2.5396344722716,-2.11097696233721,-1.06449332263722,-2.30534244013518,-2.72249849524479,-0.82408796864169,-0.602126582366214,-1.71695677521001,-1.43348776659635,-0.295082075876711,0.274876707141603,-1.48945296708604
-0.0314530965687531,1.31622335391529,1.01810438033903,0.91438300912572,-0.894045862754863,1.0064041479873,1.7909755951357,0.219253495004724,0.754259117475401,0.358099403660659,0.727008906349901,0.441624614447393,0.590946465327179,-0.189414425348685,0.571688788299328,-0.87725884152024,0.61844755107043,-0.813741138947517
-0.140643539040687,-0.803585229260678,-2.19922009756522,-0.63694913003332,-0.727425102128069,1.48991020125015,-0.470213491300208,-1.11082582754357,-0.683201093456504,-0.336817120572537,-0.0401835964735534,0.2640218671742,1.07090280331145,0.323917325541174,0.481188304871604,-1.45273389362911,1.30142235293252,-0.731131145860073
-2.54659302828386,-1.41367464019189,-2.56932728814586,-0.719162464098807,-1.15385484052365,-0.271346400480635,-1.4224365050188,-0.572565755600557,-0.994152205864974,-1.52412373172179,-0.910911317115424,-0.370285795319161,-1.15223560856011,-0.592289498050104,-1.26377171873462,1.91374647723064,-2.01146124038193,-0.280852353570634
1.15683675041687,0.740962296159258,2.08641467007305,0.554735823486174,1.38670723166708,-0.707616022726158,1.06132502600307,1.34828848010393,-0.933426468679178,1.13863821555614,0.323111449065458,0.654218732231588,-0.10853119210218,0.683096810462938,1.1727792481515,0.64670169607137,-0.174007547461712,0.332684880429526
-0.0193624481703138,-0.930212649343662,-2.05932795543346,-1.50577118452196,-0.260491992364583,-0.112804753548641,-0.0795206798291975,-0.474550244459192,0.953855656638024,-0.751603179475093,-0.62865252458452,-0.325781509051926,-0.480312246989133,-0.457550574641726,1.03832271882601,0.716542411531634,-0.515828329056972,1.38454407500003
-2.03628078459635,-1.42547175167309,-0.408286033828743,-0.0207600887246368,1.10125820720784,-0.060569566096617,-0.0331627984158377,0.00304858741843325,0.117843414537981,-0.556568525555334,-0.00945234476405192,-0.767782105449059,-0.265949392230199,-1.03894852796603,-0.0631916946017851,-1.80995180457649,0.648925581887611,-0.833616839879937
-1.13562416031813,0.601624017575971,-0.0511359703779496,0.897138075411431,-0.798797327589748,-1.17600691595941,0.573087883340029,-1.79295406933741,-1.67661337193416,-1.10232126313191,-2.1843490318714,-0.554985212614009,0.885307517304782,-1.12577235820095,-0.856610093348421,-1.01523478409844,1.74925834953841,-2.10443130115608
0.614658383169562,-0.41652060860233,0.683551085967234,0.422113666347767,0.221286377118847,-0.612935828334683,0.300545705929255,-0.848404906526266,0.509083659665056,-0.104583135419039,0.224814777367882,0.943440149021902,0.277337938470607,0.741826934905375,1.35783516254751,-0.300722995355865,1.74920993310203,-1.09846334050589
1.43791321353635,0.324659698084905,-0.24791659563309,-0.799846432718737,-0.460941927641986,-0.221641309627574,0.409174898042901,1.1213560175515,1.3782809947317,-0.159966859204112,0.704038560832997,1.16112205636912,0.484758802461538,0.131595005376293,-0.955430563840189,-2.35951762634852,-0.0418001614095738,-1.00356540615901
0.413904873674594,1.26739212654409,1.27233769635473,0.84572589176688,0.995684721023518,-0.23119081905218,0.289812303510043,1.43615459218124,0.845700637654399,1.92071482060465,-1.23238637146934,0.558333154659762,-0.265206955287447,0.144859685758248,0.123427153782284,0.0765175539615374,-0.349861145769585,-1.58478137287646
1.13490992937906,2.05461092412856,1.36054873367453,1.22613555533084,0.936261802683436,0.855003434400846,0.402426673131308,1.94869402209095,1.69120391318989,1.58036307556584,1.67947156490885,2.87472722873579,-0.974293710902346,1.37938033665668,1.83941699155285,1.14363423036858,2.90905359058438,-0.491975642351837
-0.88352823425012,-0.571869101010331,-1.84472257744942,1.43367890921274,-0.242794362891015,0.676505151007489,0.108888717572395,0.0394399689730568,-1.50725738188273,-0.0110045209674141,-0.0838391673118311,-0.154009856191398,1.89033945276507,1.62754899587749,-0.825969270184109,-0.154951372362758,-0.732014450289888,2.16042528381329
-1.26530272281684,-1.24613466788876,-1.04160472781743,-1.07285128284916,-0.363181786634395,-0.743078842159432,-1.1049841315598,1.70685850269509,-0.633460199400783,-0.875489320437788,-0.597932072379165,0.693691021181923,1.89097943758711,0.447171363291911,-0.72906359410538,-0.324843948888916,1.25389715827695,-0.999454454686064
-0.109150460961733,-0.585659892842312,0.505982143080423,0.482175041957374,0.171848066771684,-0.481246596124202,0.402855044325365,-0.115390016274951,-0.899887060212066,-0.451754915254178,-0.527729979738201,-0.23820852981891,-1.08221420616313,0.207027712590605,-0.0952371163320275,-1.39927489515797,2.35876075478256,-1.13296195444475
0.474080811934668,1.6691724020951,0.687421021430745,0.175248575792461,1.4985451172151,0.363768319953362,0.519154558617341,-0.506840905144421,1.17196908706399,1.49057994899518,0.0670351934677706,1.21997930673642,-0.0684988552919046,-0.372872540446433,0.583847565456716,-0.0736840372685485,1.00907149260313,-0.970772541247357
-0.120051915596109,0.785011452840229,-1.65049664651853,2.69861171048982,-0.929509739962338,-1.24104850059106,0.216757669518029,0.332174158736992,1.22058506837573,2.08093262436396,0.0329723944956076,0.44874089513008,1.11097774026157,1.34969698643996,0.556241527438001,0.898042011342671,0.673072416819898,1.13868303004245
-0.592428878732392,-0.348869328774626,-0.27612663324223,-1.32745084278623,0.213977483464835,2.4778847430694,1.1825259457102,1.02792805759671,-0.631891577389311,1.52051338366968,0.301937152164519,0.00695703951561651,1.31202656973321,0.85068446436401,0.779854191329269,0.839638618194814,0.0277836690367732,0.902463044509704
-0.815021785132864,-1.98037065700225,-1.41856187826978,-0.477817051913821,-0.248415944338596,-0.66204022400384,-0.0535194026431746,-1.0296090716737,-1.02537965165126,-0.926482580963369,-0.280678020200887,-1.51840750749203,0.153171988035151,-0.717445273859169,-0.533507140498508,0.617056211369723,-2.47263107898203,-0.8574137765293
-1.27123534682384,-2.34885859138627,-0.794330072192063,-0.489738828460977,-0.971619575286345,-0.474141674152019,0.378631856287776,0.153287653929892,0.99892483897496,-0.785043465796291,0.0785648832272174,-1.19065193770647,-0.555547013583946,-0.395284485923556,-1.45990733038315,0.47412511717412,0.753420220525913,-0.935713137185248
0.939317882634448,-0.588272381019302,0.498677686442662,1.69739512376557,0.735185316362903,-1.62529565326965,0.286411357709954,-0.997661652912952,0.842828525187815,0.449031926638195,-0.115134637883956,0.611078201210617,-1.56208629313612,0.397984413778127,0.837935186581046,-0.777810548262922,1.21667196991687,-0.472505110614584
-0.753612247593013,-0.555452529550421,-2.02140169321294,1.56049168021245,-0.0483214876517748,-1.34754935944238,0.443496162028652,0.756957260114833,1.22759708201141,0.201227783640223,-0.848079043531488,-0.41203696050845,-0.332842949229043,-0.46355016494846,1.17353820461089,-1.07375424178771,1.7455415542103,-1.40591782231826
1.31579427885133,2.39881551051379,0.791766625537302,1.39619991731072,1.03152610585559,1.27508164611389,-0.622156296785532,0.157748329410032,1.69477298751376,0.852282197299743,2.71270533674544,1.2613079536748,0.476005037079977,0.440889156572303,0.470200407451632,-0.643298673659575,0.621085548948756,-0.11941694398757
-0.379384732712945,-0.87169418552064,0.24369423262833,-2.62416532846031,0.698865996289477,0.260665065744348,0.369696938710943,-2.27508143096384,-0.41692455873668,-2.40549086831873,0.585150285296987,-0.331644488800604,-0.122279451946296,-0.761914840054868,-1.48925593787201,-0.309074490451893,0.733698622056829,-0.0766341538539271
1.88924117209453,-0.363417190968255,0.976876152743607,0.568915182260603,0.468199346955283,1.58254367805707,1.00617290866741,1.25746563567064,1.82347901034956,1.80331857803857,1.44296998677856,0.238274949342409,1.28926797039631,2.13947005376302,2.55587429238666,2.16376730636962,1.76656665342579,0.949338477119782
0.419719896706393,-0.644053986753399,0.715919611532016,1.49287804166427,2.60689525347628,1.93667629694868,0.648772008173561,0.0251579573664139,-0.339052375880428,1.38425361706325,0.199141627416855,1.71763865260415,-0.610027882330761,0.97630048566442,0.692378433435999,2.83780881248315,0.011278499807529,0.956431410052489
-1.4126986493567,-1.20249153469962,0.0695424135639187,1.39696121650541,-0.340094307440237,-0.456144050520948,-0.362861861129042,0.500238275043592,-0.0991586174421216,0.444356881373004,-0.867198009386168,0.853031088255837,-0.645218268923448,0.768888738653432,-0.895657820194053,-1.9441110560828,-0.600852686213643,-0.89790207425398
-0.0762092847054757,0.795074055860254,-0.216303505554767,-0.880967235742421,-0.870056831053108,-1.07932799522474,-1.42727660698331,-1.60970575090733,0.25000734119169,-1.22221494088828,-1.22007657878965,-1.93639404963413,-0.963776508073475,0.649765911439382,-0.391889449294011,-0.330511311348154,-0.497207344202727,0.275316765333247
0.382622501831262,1.02753012666797,1.08120449702124,0.926376903789872,1.02709552683009,1.47705997333568,0.389489523712367,0.470698888354246,0.967154287129958,0.679305680957774,1.68058300927136,0.32251959904505,1.00690018804138,1.44495798827537,1.55404601612148,1.86238729474679,1.14125095127942,2.85537673709285
0.100519906058537,0.356607568513615,0.125993187914755,-1.59631896563283,0.225859506768583,1.1361066360683,0.193011710584484,-0.414186588771281,-2.14260163401295,-0.751794356492058,0.388259547756802,0.439506081890838,0.756572327498778,0.545796374869121,-2.3871159293257,-0.451501647427516,-1.49122032947402,-1.12408315882284
-1.03469019216674,-1.11306236706401,0.463944029934797,0.130234471908305,0.46981839807953,-2.20880163459333,0.613476812529909,-0.359272074438573,1.40915000844059,-0.448875178265355,-0.832653043579558,0.936555938973736,0.216551829548999,0.262966871092878,-1.40609849175691,0.267810151369651,0.184879253016004,0.272418741682488
0.63699293578737,0.731627991060017,-0.0601406715624477,0.187319116432971,0.683145067066939,0.078897222198181,-0.154006716305002,-0.2769729101635,-0.615089765592287,-0.324004369206799,0.94488776802333,-0.56430594534806,-0.544136970658752,-0.939898560227799,-0.154727332839568,1.42928978495025,0.420784720614461,0.072113951522336
-0.77169849834421,-0.509614579218646,-0.703214559795238,-2.38505075402278,-0.0169406870780379,-0.925272856392221,0.25267032452608,-2.24612531715365,0.726915900526591,-1.36441765226629,-0.540276676583928,-1.8794640260608,-0.651863143374328,-0.555627824714257,-0.643286711780396,-0.529755982182559,-1.38659668673859,-0.0891357542777049
-0.825188121411483,-0.0693109745127105,-0.683279082627493,0.43499681147399,-0.557251654496572,-0.332977385354077,-0.0745431173110376,-1.19187641204279,-1.31789681180997,-0.376918926506862,-2.12492714231399,-0.806834460038984,-1.81431169303816,-0.580879181391952,-0.788503527983268,0.393134234002003,0.457184719750096,-0.194445494421287
1.04271496858712,0.0352538954904992,-0.658496843813608,-1.14145257107246,0.112804518703061,-0.148322367549064,-0.914261651730805,0.435786554211421,-0.511230092514867,-0.187715003011188,-0.130640114345736,0.214564799008786,-0.710978963216513,-1.22150106714411,0.117758701533042,-0.608900693837554,-0.477111966758877,-0.224604113867079
0.540891656494483,0.0525579627771191,-0.317140130168083,-0.266355985199825,-0.114425043435544,1.27033693915743,-0.478757401559267,-1.64470774829856,0.669738590167273,0.00158353284256175,-0.206750314828056,0.392091619980955,1.01268955010622,-0.0155871578128055,-0.0241042321858094,-0.784166048134943,1.14835178922356,2.51651648570495
-0.195727446238512,-0.495648507580532,0.339855591199828,0.965686659087978,-0.939646827785429,-0.479879052778536,0.567101777142118,-1.65245280567715,-2.02336054504624,-1.17696207883574,-0.85474856080639,-0.700405274538253,0.0557287261340473,-0.2161880839508,0.106156293587675,-0.0323462152879369,1.32901265041936,-1.45556968463823
-0.116330423401622,0.424080034659946,-1.11482940226397,1.00954964622782,0.895217917728583,2.07797636805984,0.0615520055809884,0.672143693702476,0.0200400088534429,1.06641538856087,-0.125539447279685,0.0949355817510164,0.932495735477956,0.113081343797878,-0.202138605744449,0.24013434993083,1.58996854476073,-0.758159016683525
-1.85152683551863,-1.32361498673765,-1.29889279234145,-2.10250171617228,-2.02880875568046,-0.729294988227045,-2.20649343168124,-0.816271457837685,0.539778916992242,-1.67793983969477,-2.37789815577306,-1.49936235011436,-0.498204501561443,-1.56994164222581,-1.87156516075741,-1.60119006208147,0.580353174516141,-0.568015936116315
-0.447992593254904,-0.158337782716913,0.289852756652481,0.605268069093753,-0.387149909455551,0.0672858709377206,0.149009300762648,0.857098877784404,-0.796043165393612,-0.241137540916234,1.0843814165889,-0.138174671874816,0.324226060468928,-0.118852614977962,0.432136222910298,0.102976428211067,-0.590464660075679,0.0526239004847187
0.533481145868431,-0.370232295228012,0.7864119647351,-0.404589070167671,0.540214989714199,0.162070710063311,0.563383306125638,1.38375436083413,1.03111421776645,0.781803971472983,1.47713562157662,-0.820925411649526,-0.183891846616229,2.52172546326159,1.29773305843007,1.75242114583335,0.409471172516749,1.81084000128179
-0.595738396972597,-0.667558353230369,-1.0538107097318,1.23520805518269,-0.0355815114296471,-0.718100138870439,0.585014537842664,-0.590829597809079,0.0474376282694509,0.184002181192598,-1.530933402414,-1.32048999317913,-0.534631411565255,-0.966070312128414,-0.0450642155349464,1.56397323955154,0.237155485698497,0.856716174687746
1.40153573888824,1.04098047000141,0.0628665023176007,-0.99432146735554,2.32429419291429,1.920075983407,0.288810726300537,-0.133041631985744,2.1032077886934,2.46724549679539,0.14622673870947,-0.761140907136799,-0.0428266458872046,-1.51587359190663,0.355824258920211,-1.23410157424372,1.77111337297733,-0.570816303993234
-0.826067922127986,-0.353010353368484,-0.833310456283462,-0.321068534761082,-1.53088623024967,-0.0317862360373236,-0.964121023152705,-0.433884130409442,-0.838243711908837,-1.21097204463509,-1.17092634848951,-0.568269417522541,-0.463524585830386,-0.952057369413733,-1.2791464476023,-1.30403578660912,-1.1373509353406,-1.34331360086317
0.0909446367128129,0.746737392857449,0.658064483448683,0.111379677342596,1.39019495100613,0.0596969190337838,2.30833620243004,1.32342741927645,1.317814499888,2.0040513852999,-0.0965653698358074,0.632573099513674,-0.695476576806726,0.507347852694228,1.07194696671146,-1.80773159849755,-0.949857572181596,-1.20239185108988
1.20582553507291,1.1951068147795,0.765683098935791,-0.305787295225069,-1.44364323256742,-1.30602945543094,1.94291606232726,-0.618691612532018,0.320518788106261,0.118948226078367,-0.985585496136655,-1.20678428207139,0.102475552646959,-1.62292192767403,-0.251300846137811,-2.23858960717546,-0.308109438813525,-0.782347786231813
0.163331052476354,0.0711339755515626,0.594637261636133,-0.376796297039832,0.0583065884910624,-1.1845298291771,-2.19403321739254,-0.673585447109017,-0.501437604816996,-0.839784047960225,-1.68946823782434,0.305237883554754,-0.779600176517611,-0.729585431695269,-0.00886303346186242,2.09231395355886,-0.366146428859637,-0.804039650799685
-1.24399806805154,0.00692081858879535,0.35107438593212,-0.446811314193454,0.132119945332049,-0.0984648864905259,-0.383124496823263,-1.23361971047353,-0.696364986801006,-0.109924187154017,-1.69811443219958,-0.19249151402871,-2.72289060001829,-0.684257210513551,0.657751948189534,1.58466966120225,1.7679591730606,1.30831550434813
-0.564992526585268,-0.951627770915412,-0.906118893046788,1.6624687230063,-0.854165582682003,-1.81302873571591,-0.700308400785116,0.899613292423732,-0.904121185454432,-0.656136599680119,-0.716046179654394,-0.700613496865143,-0.157098168087121,0.0378259446049611,-1.40134168152598,-1.02711238914191,0.561423904411876,1.33815061667561
0.612073322993066,1.1701705239203,0.0346941807180981,-1.83088566053645,-0.330023940219897,1.99510627119919,0.861687854629181,0.479096582887765,1.83484117401522,1.27591214861925,1.03181033736332,1.05343558718478,0.784042580893354,1.11992593186103,-1.19346606799226,0.694447839959048,-0.0307223899651805,-1.29913934425284
0.29447279206018,0.769580165911825,1.93073619171846,-1.23754830348398,-2.57875697362001,0.432200529382982,0.991393629449882,1.62273539824758,1.71136991524352,0.826501688615692,-0.196401459963466,0.75167887781729,1.13379374384298,1.01307985659128,-0.544847166416993,-0.0497031740675792,-0.221679928909149,0.230226095612804
1.35948594895213,1.26986827640472,0.0526374852780756,0.336749644142855,0.972198868517179,-0.421069120665843,2.61554185350948,0.049895118337471,1.77741556985467,0.454720442168007,1.80273457033382,0.810799664126585,0.246978476211886,0.35282245594082,1.04771933498049,-0.313576115267303,-0.309574132099609,0.115496956935653
1.19276562325619,0.260668603522368,0.169906402695094,0.649152762867726,0.0869306932362313,-0.0412195465305425,-0.218028032147346,0.803265464576458,-0.858361204656568,0.837099228825018,1.12379831038981,-0.456670697479298,1.83407464595361,0.901364515586455,0.553969772830568,0.789047084703759,2.11546419463437,1.280297207611
0.591060006679706,0.955080579362257,1.16864886743413,-0.0692238711860803,0.0897346883270175,1.92125384142623,1.48413749760692,-0.671393368718297,0.584925423985458,1.27655746442658,0.199480139284905,-0.414633011128401,1.23784956899164,0.179696568919536,0.197684252630557,-0.442281731900371,0.920378571285974,0.968017518653678
0.730538416527108,0.527879390062542,-0.543574308768929,0.364828222709301,-0.985167284830252,0.23865755789293,-0.400465073319513,-0.382858064409951,-0.374763361873583,-0.204587368127037,-2.29350243636319,0.471899838257967,-0.0976151563405779,-0.864418011620101,-0.998911660656933,-0.444064385628624,-0.0339321417286446,-0.052357222847739
0.68907395641831,-0.441247909060449,-0.728346776522317,0.40224260190891,-0.00081228835084644,-0.0111585250676466,-0.169773715972396,-0.829916945004571,-0.373732675411272,0.234671736356369,-1.49605572109107,0.38952918292487,-0.839537877885356,-0.363485261150039,0.700595373062215,-0.863047330804881,-1.69964684120019,0.598984184320205
-0.78764619585478,-0.324897939484933,-0.607278037580705,0.612788854772767,1.22787204749758,0.623544896701097,-0.602134965243915,2.67363025931031,0.490669948797162,0.320711050273442,1.38465910057589,-0.150129107493268,2.77400541559876,1.97652784966989,-0.282598916268665,1.96858938866374,-0.36059650216041,0.204384340880904
1.04331587346201,1.46599578241355,0.826714793335485,2.00029522659332,0.0289539610001754,1.67393102965457,1.60329442810523,0.0937369508886816,0.315270897327346,1.44360811761661,0.892995181859157,1.23094918085277,1.8648273321901,2.02418249409516,0.703784793907263,-0.416933195228422,0.246474445851513,-1.18126748609263
-0.452222182295757,-1.55228224059878,-1.29058472045167,0.527962676458257,-2.08839445603251,-1.38215627834035,-0.0327262329718826,-1.35494412560957,-1.28115941069989,-1.93954331809243,-2.19023185994521,-2.26644373777625,-1.87586265341086,-2.02782999145765,-1.88144639695047,-2.00394587372742,-0.567043780031485,-2.34593192904055
-1.39408517840815,0.502964744970175,-0.1592201212998,-1.7619868741395,-0.972155390219237,-0.255825464417964,0.410644642502928,-0.53705650758851,-0.360807092247949,-1.59884492966788,-1.71393136149479,0.312890803445182,-1.01641510876216,-2.78264247205458,-3.18352956518457,-2.41351572108249,-0.891865148410608,-2.84304497584786
-1.93489734332974,-1.29919684113046,-1.184081613349,-0.433367211033177,-1.50301972465085,-1.02748515995281,-1.19066650197163,-0.920125391666066,-0.934692183880863,-1.90197036073352,-0.647472519253742,-0.276084319848117,-1.33132088608159,-0.906823940250645,-0.862571907024772,-1.82094772979443,-0.744666189991461,-1.29553277318129
-0.253171589919496,-0.948773010664881,-2.0962669537779,0.325594185118663,1.0186906079626,-0.318789140749595,-0.824006060735457,-0.572664189075594,-1.07824131815475,-0.689839651115119,-0.978661413291387,-0.795998772798573,0.617104502198345,0.0651443672843087,-0.0491121707091388,-0.940341393266256,0.597333515451974,-1.34842073986834
-0.0280646199748401,-0.460706721811532,-0.425549667534999,0.0675980952831496,-0.866650959483548,-0.56342086884197,2.37421402680953,-0.803292417410427,1.70027397001286,-0.621324897363329,0.729440812778666,-0.425216362580344,-1.28380350438979,0.0903521253741599,-0.267369895882765,0.886042983961455,0.605189555393693,-0.417033715673051
0.515871741225379,-0.281944547713435,0.431190676342777,0.306230992716595,-1.08365775803069,0.00207562113396986,-0.47658219216051,-0.711654790321244,0.503449751086942,0.269665661201989,-0.500406869635654,-0.825028699571677,0.278888413262439,0.898937105645452,-0.690356850603423,0.993115039410474,1.63993811863575,0.320895985497045
-1.24787698747348,-1.84164195727328,-0.661299329781018,1.05420074944532,-0.832334364718558,-0.736248277974362,-2.04442490308584,-0.173284888116069,-0.0534960578781965,-1.17674585959573,-1.28736900543417,0.296912557260991,-0.417389411537359,-1.07130065847022,-1.67175350975334,-2.60366538018162,-1.72614007239167,-2.72073466132263
0.510939745645234,0.550341127093875,0.983407963342195,-0.473062890971838,-0.698046379053365,-0.530175644888094,0.273882982836398,0.391244268338739,0.99057517870126,0.607470461702424,0.720495786459643,0.0213261165385349,-0.798469587694443,0.259961419038184,0.346882062548548,-0.00246079566819923,0.584908421805769,-0.837295304515934
1.46333239680262,0.765615365115064,1.78947525506271,-1.26888213554677,1.57937886745103,0.60645493648757,2.09748588011778,-0.0544205654866769,1.57734042477825,0.28153606857566,1.49785589662107,0.61806850366952,1.80173876182122,0.169429179957935,0.213333730734218,1.40957347964524,0.41516382590023,-0.0239617205180983
-0.891751126738947,-1.19714307991087,-1.12398513281478,-0.68387962321885,-0.944675930125548,-0.550064393675121,-0.648396643596526,0.303147821068827,0.518845209581952,-0.195307061454402,0.164251360673273,-0.596665609023745,1.48569297882447,-0.284943137645057,-0.554215636243627,0.359771508816903,0.512522963511127,-0.597013198905704
0.169126095664729,0.0584522454842601,0.754596021770594,-0.051480255319219,-0.601871042459743,-0.24445652780988,0.820262486840671,0.284694077634767,-0.786703189881085,-0.433079576847461,0.269745344152224,-0.564722812335847,0.813462756579373,-0.485783132485139,0.407303161945458,0.563044237612079,-0.227368183666082,-0.874150313141805
1.62294677310355,0.437018137807908,1.16309550907569,-2.09500568388474,-0.749615327960019,0.895651059810879,0.984512720641611,-0.0075610635693111,-0.356207991978189,0.464820217565795,-0.46733188809001,0.998903040433801,-0.706578699867453,-1.21610736722453,-1.26817394211327,0.361797523376018,-0.302158263923011,0.15855796425012
1.0013639554036,1.20106081373248,-0.469612939440388,-0.0168778284322914,-1.19553154810837,-0.617779723352357,0.443278985936433,-0.175136769991302,0.985668585300859,-0.741178088338855,0.487617346706539,-0.0479300087608201,-0.175247292995066,1.55678315864704,0.491198469506519,-0.555268521794555,-0.48799497806836,-1.28081856858242
-0.757060635065115,-0.183932687490635,-1.15656163381123,-1.35859607305267,1.10226266087326,-1.72414507586708,-0.539464311385247,-0.141097719914355,-0.05775070140908,-1.12178355184408,-2.30458085136772,-0.650362854813808,-0.502664774037796,-0.970145216175337,-1.00323102042527,0.451078690144239,0.0988907527050112,-1.77911639468746
-0.401318671001027,-0.201682400147443,0.237187251442469,-1.40877473575875,-0.0886414669609523,-0.428210183148613,-1.3620979081194,1.63233465735987,0.800715705589711,1.18036162299185,-1.58906730835184,0.97970119174986,0.612111036583729,-0.45195097871029,0.391981814434247,0.159296154812227,-0.695460687395808,-0.0772976255695899
2.97595739349895,1.96125332025394,1.13687448391117,-0.142712671835337,1.27882511306575,0.667708637934041,1.32462519226399,1.28958531780051,1.88657957176771,3.06464397504744,0.889696754694297,0.0420882561590492,1.91854417181435,2.76775077225165,2.02040554235831,1.35718550039682,-1.05543966204309,-0.177900304786478
0.474131594073302,-0.442562635934553,0.00691896567276217,-1.3829387970315,0.209179826820831,0.843018142996605,-1.01539071383929,1.47541082381731,0.125580883646801,-0.10333106667156,0.371257948163575,0.458359098327423,0.346503278736083,1.29172083561278,-1.153919109108,-0.0141721848366472,-0.394769214070061,0.107731554849159
-0.857282869522395,-2.54089042680777,-0.899145136770603,-0.400110457933422,-2.38863542041643,-0.540178301554209,-0.901312463732518,1.14493491079418,0.319182883317476,-1.85084909871445,-0.284390662545471,0.630649476984296,0.0761039806721889,1.03662303468754,-2.14005957502501,0.64713904552092,0.646792786754997,-0.0825638664054695
0.297496831815799,0.631504702384236,0.810102748242025,0.0566457141102893,-0.371808777872035,0.364551580706396,-1.5889489931161,-0.124690702368034,-0.463021305059162,-0.600101203845681,-1.45147657099135,-0.686408478171599,-0.843689181976707,-1.47269952370176,-0.768909802058432,1.54945954005997,0.329584365046277,0.577177761026115
0.236669656626477,-0.32990185069836,0.676656275591119,-0.849349982423672,-0.762050512044949,-0.521940610647814,-1.02366762652184,0.0778036828270297,-0.621628475725813,-1.23658811623023,0.68237650116993,-0.278499158332387,-0.347535900526729,-0.299510204908566,-0.517783561499448,-1.69258876439498,-1.18180473958579,1.22268728120159
1.54197921745572,-0.710817272841999,1.09114807866954,-0.853527801820861,1.83898964699087,1.85109019600218,1.45171200411997,-0.148929512056152,-0.402489445612253,1.40816367385501,0.383057779775317,0.235866033577632,0.51666353227358,-0.317185524128862,0.841165526227414,0.629069690362104,1.38566506118469,-0.152535724683587
0.176029158315476,1.22621903820618,-0.321407825297848,0.391433847786729,0.301148935359302,-0.0272628030069737,1.71796833434507,-0.734610805914188,0.975660477642361,0.205378136377222,0.477783168808828,1.52666344312822,1.49524810967494,0.0716078226138585,-0.892677389787027,-0.637139288525628,-0.404870484384765,-1.01860893688088
