"Fitness"
8994.69303147925
