"ComputationTime"
171.423000000001
