"ComputationTime"
2793.76299999998
