"Fitness"
9317.06543826961
