"y1","y2","y3","y4","y5","y6","y7","y8","y9","y10","y11","y12","y13","y14","y15","y16","y17","y18"
0.531119918572319,0.947893853812582,0.553825643697743,0.735737151593179,0.225118338614216,0.516745999333297,0.43582615169139,0.418750729884875,0.0622790954266032,-0.582976821976256,-0.779428352931662,0.628157766374677,-1.2929574298994,-0.0393526132408131,0.620657567520062,0.568055506563112,-0.627475025683481,2.0737091331891
0.35590923794467,0.657357577402231,0.676371331220037,0.0955996558558238,0.94541174822029,-0.578038203425423,0.904642094775739,1.44265297224079,-0.768537383492632,-0.908288735225545,1.53004066492553,-0.235963907711065,-0.164269865985225,1.25419714398879,0.509858546841019,-1.19383188951403,-0.356107813674809,0.854105675834964
1.59512484783689,0.447420270548505,0.493992766226276,-1.05085984577267,0.943975333672154,0.0668707995309933,0.30327498676107,0.626675848577482,0.0939643922079076,-0.206944944991037,0.284992507023273,0.577291145802441,0.22845665152568,0.509354389689886,-0.244940590230601,0.81918947083033,-0.331816939962414,1.26454730711723
1.00197022819855,1.1968053218062,0.73157527904113,0.0897923323004508,-1.37814848484721,-0.741913961700015,0.684273952134278,-0.956155357120336,0.733323307274234,0.89054632063576,-0.0436936164202698,0.148404561571719,0.598967804816482,-1.00279135322983,0.28543145199648,1.04279360004865,-0.180136129308723,1.46974415393454
0.757831496963071,1.23634400231661,0.58306607918853,0.63624095303521,1.28234127815862,0.27083485703766,-0.0694654798871089,1.07372141965477,-0.27318156380078,1.71273820944797,2.25722397787178,0.972604624605143,0.352303275609061,-0.626834279364512,-0.112228990186078,-0.575049315255076,0.535439416164099,2.17056780953662
0.571773895020079,0.799300074536457,1.10526716968233,-1.28407355497201,0.255139167550179,0.484734589342332,-1.04980780654067,0.229885748978408,0.527384081202557,-0.575142398676318,-0.316495960384223,-0.506236770730149,-0.120182936986186,-0.131004151382442,-0.780224573682039,-0.621706207701401,-0.260291075626198,-0.253834037959821
0.784669766692251,1.26889745719755,0.247817950185017,0.384147048429219,0.664407544896698,-1.10163942913852,0.194873202822016,0.0349205514206769,1.58358280678657,-1.20280977099505,1.74736416268578,1.16355228539635,0.91668536336271,0.895068752169672,-0.512914914298704,0.58221072527462,-1.03687012163026,-0.41578635113648
0.409994460037444,0.170883446274483,1.04465121993409,1.63441666707753,0.368460226035366,0.257243301710552,-0.634631102307326,0.342463588584756,0.79592683885147,-0.408156595627155,-0.643759620135467,-0.14710676495081,0.545926743967181,1.81216299986913,-0.0551136232340758,0.837747273302441,-1.00224638568823,1.40971391947699
-1.24957055366404,-0.430644604766127,-0.506848537215681,-1.02535516026814,0.0506283133096683,0.772322128442091,-1.49620002271174,-0.295929957022013,0.0597892579096152,-0.952365530151076,-2.10134819711139,-0.151751512052891,-1.68184176273144,-3.02986924128942,-1.83419469390165,-0.489858566594043,-1.70111574627278,-0.250640640182439
0.266328936503937,1.05453806602055,-0.47897262387754,0.24001664577657,0.0548479815892128,-0.935982134426752,0.273104793250796,-1.93641523017165,0.536315303054977,-1.35024123641543,-0.804486833177273,-0.182684801624637,1.65040368046274,-0.770530832855309,-0.905356294822121,0.642767019955267,-1.36354191751439,-0.666657891405157
-0.501165587086182,-0.844189120300202,-1.69970072054152,2.90162675683073,0.0295209775350901,-0.702825894038735,0.304859704163772,-0.0566731962258616,-0.905147836914705,-1.12565849630367,-1.26623527618209,-0.187275856814253,0.463173720462121,0.09680692664642,-2.08696266334058,0.432153213096835,0.39483488140862,1.08110312172106
0.562558508712388,1.94893642392597,0.201573509932019,0.0600020958289587,-0.522306253473541,-0.672808265437021,0.985079477853966,0.981287620783207,0.505930877809291,0.0702348244913946,-0.852515664104796,1.70517386167917,1.0466597409359,0.930745738069709,0.440659017759368,1.85961565277931,1.48045380252373,1.81270455604404
-0.0144097574413,-1.06416366942207,-0.624927720376345,0.0482633812674684,0.425437191143723,-0.0970794650502511,0.0256588936208379,0.759602686366304,0.854686177338989,0.356949487375709,0.252552001306876,0.320771690488852,-0.85757534677376,1.28910815277386,1.15321041060738,0.139343824156305,-1.23946740636484,0.580339780019437
-0.484646408938381,-0.597459154094811,-0.486916344959485,0.893346964202645,0.573562442131488,-0.636652445228878,-0.302004014909794,0.0646226707151324,-0.852162065721363,-0.0239078121751708,0.139419509285339,-0.0949344521685011,-0.413898057578185,-1.53093984908655,-0.430106411737866,0.976930924300034,-0.35982137051569,1.32900962850935
-0.705825654817267,-1.14413781625577,-0.899342975748647,0.0260152457225089,0.560390532860569,0.221155356473692,-0.82962225830587,0.845679062451874,-0.935721759786153,0.759838440806386,0.10601031661083,-0.380034999958208,1.82008960343123,-0.6857329078729,-2.08864383259784,-0.126423460377223,0.0691182966959653,-0.393756224282351
0.378942456811649,1.38788649528062,1.39600997512491,-0.944864870478876,1.56318083294984,1.03821437137795,-1.90599626786625,1.12613556549974,-1.48182288439801,-0.0815604556524424,0.081964921750327,-0.85242926920061,1.25950051331901,0.0171408935705053,-0.0280047078795166,0.879395181351657,0.343054876739176,-0.659525785671231
0.131472430690679,-0.337834394556756,0.810989330592765,0.775534286990093,0.329764149831321,-0.175430187009597,0.339578506348548,0.353937740525364,0.86406105205366,-0.0751534168115438,-0.123948833452562,0.453242634177405,-0.27412601710626,0.0354133528371814,0.00174802937361169,-0.544215405470267,-0.473014896271525,-1.71985228132219
1.20045406383055,-0.752569710379332,1.19153508221467,-0.631958461034696,1.60024601579383,1.25074023459861,1.28164760833205,0.139992786392619,1.50738783316588,0.893735024723408,0.531433909368284,0.0463707806588723,0.172449027650259,1.62298589980902,0.928536486648442,2.10312163779538,-0.129440287003364,1.75835540136442
-0.358436613678875,-2.22640754987321,-1.12733323025486,0.750225512676725,1.95433820430219,-0.289364306705508,-1.181224408434,-0.466182466307105,1.46194725514599,-1.32642727618068,0.725348585312309,-0.323236011277709,0.829308026843131,0.307300835388172,-1.46788562147524,-0.526297652188131,0.339161280115565,-0.208555419618981
-0.452107288503917,-0.00391685809962745,-0.338164397411187,0.177471791922859,0.0242352985276693,-0.998878291781137,-0.00126513581491573,0.488059952100902,-0.491104590944522,-0.685416353109236,-0.8119328764349,-0.736468967335938,0.448992383833849,-0.0203918031308306,0.998641724644445,-1.08831940633705,-0.271572636897394,-0.864140109189881
0.134456433738084,-0.586763321063391,-0.217603826045097,1.62218905175958,-0.406560439109017,-0.378556584156751,0.468355786842555,-0.699284697601192,0.576137844385572,-3.13133646292863,-2.02733231271503,-1.57061094845927,-0.71795013722878,-1.45791561161573,-1.61113505039646,0.715784519918023,-0.619114527227771,0.49808120160594
0.506769162552056,-0.732118327754937,0.969663662926103,-0.179619843948856,0.141586412564376,0.107209563244495,0.176744471000366,-1.25859586439056,-1.46061546700432,-0.581932370791336,-0.685998748716858,0.700275829039654,0.043126649874193,0.833601223665277,0.285100799752155,-0.547330323715492,0.751238718051386,-0.874836538126971
1.21147943688107,0.0484629578790007,1.77045493571866,1.50199903068147,0.717825832419953,0.397258124614653,2.06198023984221,1.29120422826055,0.270466467986633,0.292329467179644,1.16644682982133,0.767774842083446,-0.583673470054304,-0.5898433326684,-0.0465103413226172,-0.152459670007494,1.64382039385818,0.452373805507544
0.446821097203882,0.130671683773644,0.467269294389453,-1.25508554166323,-1.70525743781192,-1.95239105074109,-0.0192759363824134,-1.77877928158468,-1.83216592101803,-0.603466055080816,-0.141658029100574,-0.708780826155581,-0.0592123608561764,-1.6458519082502,-0.848340119931769,-1.87557122011669,-1.25974250963886,-1.48426440118338
-1.35873042412701,-0.835734137768324,-0.956145421925457,0.327628466330282,-0.39449691804991,-0.784995549470148,-1.40470863308506,-0.557714302475738,-0.980711552833335,-0.806545973883465,-0.31846274507615,-0.882206001161478,1.2938732491097,-1.13315812885947,-0.631376535514495,-0.580261715143901,-0.710496926147123,0.52013019665563
-1.54687701051417,-0.227237958986919,-1.26349050072543,1.00731653003336,-0.651096807539273,0.0889659705153617,1.02638306418091,-0.556563408818951,1.3750888747035,-0.656164730830239,-1.22459556222132,-0.578137119382958,0.984493587594649,-0.847813639227498,-2.63120564373897,-1.36511071965425,-1.05146828479344,0.0735725853777732
0.210865182722388,0.531944170273719,0.615334404990033,-1.75532675793362,-0.286653006798434,1.05933739192848,0.114231828441851,-0.0635569257283936,1.49568765688919,0.607415644053759,1.03598438822477,-0.474140280197219,0.374671971676363,0.587720408060042,-0.313425359850891,0.0762643514363362,0.471753456547434,0.549332884774609
0.298210878013698,2.56514384692457,1.36947411460943,1.37485613450608,0.623563382668638,-1.62645944033268,0.531474602819764,-0.670159180078276,0.132108403645389,0.0402672054723387,0.535452120063561,-0.430674082241067,0.694686026652613,0.112604712795944,0.292841182650706,0.0577934348360166,0.333116811680202,-0.0928366480692935
-1.36819561222552,-0.905186061212166,-0.344999001765018,0.159410966503074,-1.21987218679809,-1.20405212398858,-2.44994025676189,-0.0630497626122132,-0.0232534670040005,-2.40640132631675,-1.54129620722921,-1.91228382464799,-0.111066412497165,-0.554434693811226,-1.64484894114281,-2.69778625310713,-0.565810564699376,0.122069832574391
1.3289792488954,1.18514824584242,2.34327615739001,0.387585740577252,-0.0862669277324217,-0.239790863774261,1.22561457532041,0.624972190637355,1.5130286695118,-0.156387882762189,-0.264499835065175,-0.222872403467812,1.39399121513834,-0.805928182460137,1.25496199394019,1.27329817502279,-0.79007416882188,1.33254212024043
-0.0692368342520214,1.25004153296915,1.05644788855099,-0.632483623961581,-0.804909885172955,0.383985969477535,-0.866188205404242,0.557275192907928,0.466338743082239,1.02663002636645,0.590286038043147,0.404108667426597,-2.1753950601116,-0.400354802598483,0.507132335496999,-0.261850283085626,0.373883475170893,1.28999805681188
1.10961446536207,-1.14564817189135,-1.14730246959933,-2.07093542538896,-1.21669286218486,-0.0215423448937752,-0.587751372565645,0.808856547534662,-1.48898958774859,-0.313602330652345,0.442343811008927,-0.16889612239594,-0.989097657372199,-0.753932176944927,-0.570527083750574,-0.367220702548949,-0.576673680770589,-0.731167303468227
-1.11857677031152,-1.76045257410115,-0.901030921234091,-1.02652435901807,-0.0275211870360205,-0.569482239575216,-0.702649938788031,-3.03149281165045,0.373242495780468,0.573982219596568,0.334522896730326,-0.288378730910712,1.64690084960826,-0.169387552773431,-1.58475443913776,1.37428766114544,0.72577886821995,-0.41847535918778
0.960563941782422,-0.799872883018335,0.858880773105692,-0.772546343590026,0.908766597099958,0.348075397188267,0.494972586182455,1.95025353358611,-0.107149596168671,-0.409200778691184,1.44821289454805,1.34240639994036,2.04258406570677,-0.064315836829152,0.549818111789781,0.704022114872477,0.657670314404202,-0.674447297490835
0.110435079232775,-1.39167695944022,-0.244827507472638,-0.723129772795807,0.645483816316589,0.447176022035825,-0.449861784605388,-0.255518755896215,0.0452532850047286,-0.256990468018667,0.0747507303132967,-0.488161289097844,-1.0706279219588,-0.814033502822472,0.990146812100764,-1.02595146109551,0.167990776521844,-1.27714922368306
-1.50228829671466,-0.438612055520269,-0.707335851188942,0.394387146097372,0.0459634952114901,0.520087966242632,-1.73745038077089,0.336318124858375,-1.13953896910526,-0.931139108017302,-0.120446867244819,-0.90455825768055,0.0072500509072516,-1.15338380419706,-1.4601215841216,-1.55950881258602,0.12281017341916,-0.854296337660266
-0.355810612209042,-1.73615259382594,-1.34659919646142,-0.380051309622295,-1.07497408425008,-1.16920523224146,-1.32778742039158,-0.479533324283742,-1.90152732211539,-1.11988688436566,-1.08826552238048,-0.666633426209342,0.874926427828711,0.963440259549225,-1.57427333836826,0.290375587504398,0.434457661813208,-0.777266537197608
-0.903229812993896,-0.908716566288376,-0.717016502654705,1.2763682652215,0.913365969665347,-0.0232614754111303,0.669098150944145,0.479453376343004,-0.426071913295934,-1.93944845581361,0.158344283369749,-0.0963067139445646,0.889079881895076,-0.592987503636615,0.682414030210589,-1.10896794869629,-0.51319812483484,-0.799579942682852
-0.721153756507263,0.464412566271907,0.944109550937362,-0.251497907202146,1.17312554651379,0.360542138889954,-0.869179333095588,-0.117500217110741,-1.33327794913546,0.711930486516587,1.66982840856598,0.415800508035867,1.81432880676533,0.114378562327312,0.0470953873028421,-0.276734919278746,-0.188930079773978,-0.235327551823421
1.45155430670371,2.89947858355588,3.85883194719773,1.00271449914304,0.690775122965126,-0.434343761147384,1.75499364052497,1.50848897241326,0.161433157665823,0.438217830190539,0.679927964890459,1.44133929290781,2.02350365439626,1.91114792536815,0.694031466459227,0.407117203058509,0.982723493159679,0.283024530169991
0.327134897342362,-0.419419882512304,-1.65229047579237,0.93182513235136,1.28543097990755,1.73238017079,-0.803104772621139,-0.523577142671996,1.308069615008,0.142282787321393,0.315418840513134,2.03571374366391,0.197745470889193,-0.419498962406609,0.502990723914958,0.203035867906963,0.366122063718068,1.31397663805835
1.43570946758763,1.76114731403387,0.707690188862867,0.670507692614933,-0.145091445792507,0.0174165666289847,1.57951377093846,-0.991873695299553,0.758545602959577,2.29164490290257,0.623624702393878,1.08705499536602,0.737496879179096,0.472814092717324,-0.104702974518375,0.820936149991863,1.45779125131458,1.16744283093442
-1.48285048082767,-0.691095759860663,-1.51616566720908,-1.28436135384002,1.48366483835175,0.671168425905176,-0.284723248515194,0.501002181176342,-1.46613716411753,-0.311417056764188,0.650260305525916,-0.447196344417422,-1.75175569292169,0.327307502149669,0.333871665748419,0.490477306027875,-0.140085946198485,-0.0533664109297899
-1.02400780480111,-0.236141664255977,-0.1957843994136,0.264140758643367,0.358097816307324,0.99944419600314,-0.392150393971849,0.496548371235956,-0.847149017450227,0.0867027154520919,-0.630030215744982,0.674641721594166,2.63584798578011,0.650226722857775,0.239171907588807,-1.58160825872694,-0.312382618449693,-1.09497095898661
0.675144494425324,-1.49266915086804,-1.57909423065538,-1.0111822049674,-2.24490605628615,-1.32905788307959,-0.546597026645672,-1.16837114211906,-0.900260137668044,-1.66433763918875,-1.59713705071867,-1.23202073262121,0.20609861509406,-2.07165378654545,-1.87900221802521,-1.52805416547257,-2.0372242634794,-1.55861288053799
-2.13410039570641,-1.05523809267372,-1.32580797401457,0.149854082474558,-1.31829237671673,-1.29595004684829,-1.0858564441696,-0.0604894278021016,-2.12458584762976,-2.88613889372673,-2.71699066048945,-1.57025829300689,-2.23232548553816,-2.90052076138175,-1.20870834374699,-2.21905625826079,-1.18166215879783,-2.44104938715293
1.3211535660672,0.665547320113393,0.55642402023541,1.04865235771232,0.0191008008163457,1.12500862882334,0.112770594773489,-0.272588664520249,0.216555432018748,2.56400032387881,1.04298560289284,0.593292441177995,0.115039430904435,-0.0581821940814014,1.38236505327917,0.927291042942422,0.233866958429608,0.267675461073762
-0.997783424644896,-0.463686906863686,-0.156290773919679,2.91841285461187,1.25214080670936,1.02689201864902,0.342584527747502,-1.14057239410457,-1.10231350512903,-0.0663389682100922,0.974064609952211,1.38161741692605,-0.914214479375058,1.95706336651169,1.01738336332191,0.562978745980399,0.644305830101567,1.22652109323736
-1.15175483004686,0.710583840859676,0.765255447207658,0.0445672296664039,-0.443145353736035,-0.320362412388249,-0.206871347063525,0.198940324253739,-1.73142558862685,0.353813458536635,0.00841117615877177,0.885904382796086,-0.214414129594295,-2.12709825091038,0.266505563254891,0.19577061544557,0.0311600903392339,-0.375602378416974
-0.756646489198988,-0.126485095595971,-1.21780421258392,0.0254384228537072,0.479139211831855,0.476945802858598,0.052862823246814,-0.267062072344022,0.0105745947008346,0.600962931124253,-0.538550729973987,0.155162578431315,-0.980854289238061,2.35285023261355,0.0134344667600366,-0.76992735958704,0.599112252813287,0.269188942674011
-0.380665824931656,-0.984417630322458,0.108312243114643,1.37231593348814,1.04363268119446,0.390796453805696,0.745617754159985,0.528210850150272,-0.0997751007879116,0.129652103038487,0.328715838769021,1.66201720269869,0.289777761299873,0.991410267658465,-0.102609536268435,0.424655343080435,-0.712058716472167,1.06527152691979
-0.0143791004619947,-0.479456931498762,-1.68228403552144,0.376006484961424,-0.165129162892178,0.20391295056606,-1.53353993286395,-0.455969601463845,-0.593366896016922,-0.713547795903095,0.338587262624567,0.546969979613948,-0.27223560744596,-1.15118885485504,-1.43962328377977,-0.338603607642799,0.845564263344875,-1.14561755817764
-0.117688828182158,-0.505307943401138,0.858226408706677,-1.62129619448257,1.6367018482457,0.957649948704102,0.493422949471971,1.30493572853798,0.273036915224714,-1.05777862027065,0.0726325834263219,-0.813704941131348,0.238179565518399,-0.830369685432155,-0.632354876274037,0.0881329915160031,-1.43838796912125,-0.651238064563232
0.191663485183654,-1.12944285793307,0.81564219757951,-0.441352286288007,-2.42826348839969,-1.81111433219469,-1.0801880242351,-1.11890664826072,0.595651143450168,-0.378009619499974,-0.214003597308801,0.189142799317978,-0.516409535049857,-2.26538914380578,-2.04750684737646,-1.48990217559734,-1.07377434488472,-0.259086864590932
1.03845474041404,0.130757704361717,-0.378666564757893,-0.151702611943252,-0.324657211467977,-1.47158353015211,0.882831768153492,-0.922921988409891,2.18824403532135,-0.900028389544502,-1.36523593597127,1.23602320067954,-0.126371101991137,-0.542129608704719,0.0767297010926739,-0.234923056993015,-1.24703994097361,0.412230443551132
1.49027479134824,1.21107266536726,0.615905869630663,0.206761780156753,-0.221276596202825,0.511926098522781,1.35829633650368,0.802681445829156,0.127863261240167,1.18926651119044,1.73664554487868,0.6397871659088,0.443840617742519,1.21436328026902,1.76731220424026,1.17629768981493,0.690372118333507,0.467469901533543
1.07703249585111,0.0260990809442562,-0.300286023497354,-0.658266224880368,-0.477266489731881,-0.188878547972688,0.764819577826853,1.04069152852758,-0.171599127476422,0.293088822000868,2.44862453617583,1.78774409283102,1.00811115194598,1.74170958319366,0.338999804710944,0.584706398734794,-2.18998355797598,1.8973681686078
0.771462758918702,1.24199026299767,1.32639827496433,-0.0249303333598696,-0.870859955897878,-0.416387702000648,-0.955644226783998,-0.145159360091607,-0.106432436618551,-0.24033671767139,0.231109382558311,-0.337325296842855,0.739285782231738,-0.267127306219297,-0.330289772798059,0.875562630267091,1.16967741637776,-0.0816796002435012
-1.11630943954088,0.486382488261751,-0.088367584189461,0.190421239965285,-0.372520490426765,0.154738827569977,-0.788020951138499,-1.67785727619362,-0.118332214125182,0.0295891911287097,-1.67170992656013,0.179052221358151,0.787155651510718,-0.660286063837223,-0.209437581777557,-0.382448699197405,-0.34726608422377,-2.72497241450601
-0.71318633043992,-0.829517985392525,-0.130567978055496,1.08784361634249,1.01355452079461,-0.461118060763296,1.77159603762162,-0.940444191599316,0.840648007092085,-0.469417747614024,-0.213002728586037,0.115208015300563,-2.65386029766828,0.361266045408719,1.91594582425253,0.190637201674773,0.880944814281435,0.788722789466821
2.128280955534,0.103536193502042,1.13833511486702,0.824297804928283,1.03248620058731,-0.249785350446895,0.0761462842293924,0.755914008037489,0.54491831636355,1.39989637113648,0.588464366587605,0.481450154701725,0.865573074768074,0.311467925832834,-0.382079980006226,1.55051933379145,0.269103216195346,1.27887453819687
-0.891563018580532,-0.569202585420546,-0.713089532075912,-1.07231293746298,-1.46587271000937,-0.80598740193131,0.119452167481285,-1.39925646757581,-1.27424834143221,-2.26801498349605,-0.877025689234304,-2.22306942712126,-0.107448609237445,-1.63248635223716,-1.59106876574329,-0.58542124069715,-1.14983034274342,-2.51709896079457
0.78497585561238,2.17195143809723,1.89400867103005,0.376871613098997,-0.690287954361628,-2.04585286309007,-0.983110488380036,0.357541507922787,0.583483281135164,0.952694220185773,0.522754823380551,1.3455972000838,-0.280580409500046,0.719577252408552,1.7837718899762,0.431363176705272,1.89231608707174,0.615246479786448
2.99182132346044,0.647091384084554,2.34898512604492,-1.43168032038638,0.891294722371115,1.45248782108691,2.6591985330144,3.61488928557635,1.67879324054125,2.75214186478432,3.06923995093332,1.52762806216686,1.34630364948819,2.85487396202379,3.17168537551107,0.957770480333857,4.02398638317603,1.27634526926829
-0.530181777142717,0.0834579290099083,0.00860564841590752,-0.471096372635515,0.0252310313868716,-0.474079816504615,-1.56974284050291,-1.01954380026669,-0.0193602270642356,-0.450580144656216,0.258956097467204,-0.523901082481752,-0.35087192362301,-1.14244163310859,-1.45406131663387,-0.857915571659343,-0.871570093671215,0.559739369969048
-1.00721952287292,0.479140653230565,-1.31528108715828,0.61806202052,0.64497214757268,-0.144977252626405,-0.531027027231669,1.40627203674116,-0.723848216707921,-0.289221888100424,1.78451709458723,-0.0430550583855249,-1.03267165818221,0.631077399664076,-0.0257171279919264,-0.695738732779823,1.68059953112081,0.0838805638488894
0.668601840931007,0.261334486480904,-0.162522272993973,-0.734171939122105,-0.0733094317043668,-0.529995439947239,-0.505916874529746,0.568987695881583,-0.690185082820787,1.41408353419195,0.773717506812638,0.3823727194351,1.0002495348159,-0.80566096264996,1.50916146030744,0.786493328223052,0.533162664572988,1.31116018901347
-0.534802797517764,0.0391259299625961,-0.470065696557194,-1.02000891841352,0.153386289834793,-0.160364239893354,-0.170348926389995,0.135047723081419,0.889658183415343,-1.13049035969165,-0.849951890403556,-1.47174077451798,-0.432526025300457,0.155700162291445,-0.621553691336307,0.281103948794567,-0.198411574690534,0.923767850109043
0.98720953467704,0.809980612442091,1.42184539912177,0.42492632536969,0.285771520676883,0.757615186566709,-0.796066415117045,1.16283345409342,0.550482356367328,1.869915014508,0.77930904865039,1.2369049760971,-0.124116177601814,0.606025935991818,1.16935904569875,0.675222727447245,0.632244244193518,2.48506966446532
-0.568271394450887,1.04463083624068,0.956554984332593,1.15387974714926,0.640304863268395,0.43184251582011,0.0978165819971069,-0.263053009141883,-0.85940369655134,-0.589493165143948,0.123029134950945,1.40808434899851,-0.0878345938919103,-0.355008611931796,0.650264324284493,-0.243971777166732,0.354989835633835,-0.0399012534282108
-1.79428612756302,-2.21533737225926,-1.54232194289649,1.08614969542797,-0.555640057270821,-0.0339758124252015,0.36398371183659,0.355507101998925,-2.52386777494664,-1.83773571084621,-0.410506960431158,-0.256899720158194,-0.16161815313486,0.0359000421120436,-1.29026374665492,-1.26619132985514,-0.914173531984376,-0.492846917842283
0.834949381435684,0.802269690706191,-0.384382843094812,1.29629984055065,0.864159865122645,-1.86835212000883,0.803030240486466,0.245750257047195,0.193332187113278,1.2169517859174,0.349699444398949,0.406157984063884,1.47193894456097,1.39762391206116,0.647869559828945,0.551134612825506,-0.396184351605077,0.749694547324262
0.489070031349243,0.105390881384874,0.0812641169208104,0.730330461925512,-0.867399014684583,0.094783546897362,0.456213222452645,-0.839595686172329,-0.0539955426560407,0.35801757768848,1.21519745648523,0.511870480376762,1.71796596348764,0.124433000328508,1.22614731831623,0.675948164828141,-0.418659971896843,1.37954490367201
-0.555094701306165,-1.48751393296073,-0.836601609613636,1.01538375432801,-1.15076119439474,-0.539560749562319,-0.0714832719733613,0.426420447890698,0.637837427965604,-0.832982275021101,-0.251824200597656,-1.62752877941027,1.48295114582122,0.941318866973029,0.367241821223178,-0.904298007704834,-0.575467690143898,-0.330068067263855
0.829075904512855,-0.321609155880261,-0.436956550573267,-0.878038759837161,0.227589349214662,0.290804162849997,-0.544587286026699,0.396259468080787,-1.05161216790388,-0.733964431834401,0.721135213072077,0.433359156227588,0.163005897467206,0.108628467039948,-0.0920308383901796,-0.713956746754374,0.411213739918974,0.358613876178392
1.30390920548595,1.22185664285578,1.47972041582153,1.65609326687993,0.699346010873685,0.116523030281461,-0.284716862020649,0.977110898425233,-0.47617198485337,0.333119844873865,1.11624981779346,0.369708104241081,0.00681245048979895,-0.135065849399062,0.251971632951455,1.43877465819916,-0.229601651866146,0.414379320376102
1.20243899652156,-1.5525330249059,1.34537385038645,-0.875018624773164,-0.376025409107549,0.507570492524491,0.0412654257333608,0.0715513956818939,0.222880226122213,0.44103374425107,-0.573909051137594,-0.273248167999438,0.145795943557217,0.987335295729826,0.482178925321531,-0.128843557999511,0.662129335128865,-1.66673993333678
1.11923407863296,-0.428601739958086,1.84523087416508,-0.0264154730089247,0.435984757446509,0.864134045247238,0.411553371790093,0.321677547932992,1.25459830058598,0.550070218105496,1.21463692530008,1.04985726015114,-1.64556318946384,1.58747668338643,1.52695919309456,-0.320946964057192,2.06368405672597,0.758081186542919
-1.40570833870211,-0.466929008202401,0.0452568414719617,-0.36863619487373,0.434226603768217,0.203586118725154,-0.806012843000036,2.20616391470401,0.175449814388447,-0.80222600448068,-0.199437802545591,-0.321019691174126,1.09372730100521,-1.17458798749396,-0.189127867330689,0.677000496428509,-1.92152919148017,0.116184310121334
1.23699159541357,-1.7633453258153,0.0926413417810406,1.79428187799474,0.266343234499189,0.010923947108251,-0.673320106311426,-0.0147230756483026,-0.565181807644605,-1.34052800335481,0.0844339802919298,0.121327352047399,-1.87149394954323,-0.743987588505056,-0.0371282721977804,-0.62902267667689,-0.641795343977747,-0.45000578436464
1.79932514867549,0.467912910445104,1.56425563644192,-0.753469709055182,-0.368677335901225,-0.764071464659509,-0.133449232867589,-0.654404222803315,0.699478882978784,1.1857520986542,0.851062008486434,1.2399676846067,0.779322089792926,-0.28354718701541,-0.642831436035692,0.471430756124705,0.340624837118189,-0.528548128127944
-0.852825044153777,-1.2436871490203,-0.0584462673755264,1.57663527092825,-1.38531916186061,-1.03541762995112,0.739039374561095,-0.0456908140106191,-1.35182889099619,-0.45583384244174,0.448033372501882,0.71501699943825,-1.20256766715857,0.488352972075273,0.145315807870313,0.737873868508035,-0.0335646182012682,-1.0515916098743
-0.916740428734016,0.688240034012968,0.0544394185605867,-1.4577499647536,-0.1956610310111,-0.391791216143569,0.920165416662535,1.06102838940349,-0.11839012423797,0.54489839370897,-1.0684962859811,-0.0518371114551187,-0.141854867020963,-1.8089411747225,-1.65581725240573,-0.23667119474072,-0.0386048643817454,-1.2382689898414
0.797809359578283,-0.190164055835083,0.111067894219625,0.863135091462792,0.964967599776735,0.100761438979923,-1.52367972296193,1.18358684828433,0.454900992699051,1.09705339134498,0.0859648604694743,-0.196569827020965,-0.859411146456801,1.17718375624865,0.627861989193563,0.301667707253962,1.13215900651443,0.563632706561852
-0.501624495128879,-0.744058589551715,-0.0716984804480696,0.00790725156284529,0.148255753160094,1.06021950718587,0.282066593065798,-0.35711632791875,1.15780279760891,0.943116782043617,0.267022585669707,1.07723216529363,1.45182832853483,0.0429724545563691,-1.45988011495184,-1.9704019264371,0.0588486092945313,1.64855870289494
0.126335308400878,-1.31033448926554,-0.22537207734677,0.0179471041701179,0.138275681691491,-1.49070283333325,1.30071625035285,0.306912483460928,0.873089384332204,1.33259866233554,1.04749271426127,1.14225938870825,-0.535058132966168,0.271627078897137,0.0158684717239002,0.841783874599126,0.208649523761314,0.208405130456145
-0.289374986642698,-0.894966055975026,-0.338614284134495,0.362870302568224,-1.17268071785969,-0.967772326435999,0.104421410147638,0.427669580323778,0.578514903227972,-1.06974903597799,0.148371810155563,1.3766626679677,0.0714086972431688,-1.23771397369109,-1.19277823467393,-2.6084352229211,-0.624321607820237,-0.690343677149294
-1.19619443590722,-0.77118608433909,-1.03647208656009,0.417302282699146,-0.956226218523151,-0.0387191154840524,0.483189603391021,2.08073419391818,-1.50530180702543,-0.906480926602435,0.57906323129932,0.329226632972642,0.272024990327035,-0.469507452400237,1.2472670840265,-0.0264573596316743,-0.0152697089926886,0.891281260455051
0.00202197165027577,-0.333192735179437,0.813782220782961,-0.29319022888145,0.173841120822515,0.143111892619763,1.00392095652692,-0.171734799279203,0.771603571408472,-0.512882058460313,-0.144501732743784,-0.692698351906879,-0.0752328093775082,-0.000778291683308761,1.17146364244059,1.6251329870949,0.449761684367812,-0.3177285267725
-0.75609929382625,0.798517636266621,-0.888258036298286,1.16945486562648,-1.44018275162714,0.0128052355247699,-0.0697357198442806,-0.606854152626803,-0.265579343330432,-0.406912489005707,0.998119279964911,-0.212022407236625,-1.35931877675907,-1.43545373921311,-1.15587952330381,-0.821830743843752,-0.710912402311618,-0.32666830763093
-0.14309019972907,-0.58622100200654,0.877110957256051,0.141111655422887,-0.496997381281664,0.309850685553538,-0.880145665805505,-1.34184592853965,-0.824760101889933,-0.418988799019917,0.228606191408393,1.84621649187432,0.795910667392877,0.0743634979052334,-1.51427934189943,0.819107817165832,0.0680271421338092,1.20050720719504
-1.05533048819443,0.437103914923229,1.04877333714362,-0.546534862160196,-1.13996443503766,-0.0198364071529583,0.739364774424947,0.959744073124354,-0.338461302412652,1.65480754255077,-0.732789837787063,1.81933216086266,0.255090919746835,0.43062845746344,-0.48350729089593,-0.497939778693303,-0.483881697251219,-0.701316026253889
0.754998223282904,0.162459473549656,-0.0986221432378109,0.1576865694697,0.804026893335027,1.3620478941609,0.376717947933814,2.58270283781164,2.49564041099223,0.663035642860265,0.989597282759304,0.490235471733658,1.10469479640974,1.37394708688076,0.97942310255927,2.00490898158172,2.02497908678909,1.49478295804265
-1.06171358775153,-0.176550790089131,-2.50881837560766,0.316583261936451,1.32314476171227,0.665175813904166,0.776930330625564,-1.29318787232938,0.467789343416169,0.617917585264186,1.05647615435189,0.0287681022596007,0.673138307203758,0.877360501314378,0.286784265833328,-0.829965248936491,0.982769501282998,-0.244958535749997
-1.40931956000031,-0.854995468285728,-0.653317299991408,-0.927171819386644,-0.0756010510819385,-1.68409838100085,-0.084021640240609,0.707566557347502,-0.237455667215299,-0.885119034306847,-0.366897500677208,-0.0658440820673201,-1.12881895543719,-0.0583059651411972,-1.69965116578838,-0.193626060263915,-1.85842442654216,1.19176975674418
-0.114375396429485,-0.481773618095041,-0.629517833530913,-0.355705884480252,-1.27180142186091,0.0563219592952511,-0.826628535304659,-1.33086085149914,1.43107030820925,-1.29208464096057,1.06385071132852,-1.77140822303277,-0.894063937436413,-1.21196010245728,0.117671582824206,-0.459491086677667,-0.153933791786754,-0.378079355828241
0.826313080150093,1.20982726387138,1.09784840542493,-0.183633858428992,-0.704398726669765,-1.24351149834126,0.770064779900097,-1.16444799335876,-2.1866960159377,-0.347264693310444,-1.15055730983626,-0.27114486169477,-0.926970235962297,-1.21174581620162,0.764884789793395,-0.641918186191662,-0.973916240230578,0.783535190726631
-0.359647421851111,0.60882187699868,0.0599416872254301,-0.298491698773733,-0.280645288707316,-0.676787873411107,-0.655277931092049,-0.921383936047122,-1.00110761193176,-1.62764332036242,-0.977141920394617,1.24066444726971,-0.178533287186481,1.34988737197903,0.225786441336261,-0.664513558550449,-0.495224335903616,-1.09978232141912
0.67240506082184,-0.452310868777412,-0.518613647972524,-0.913261458843382,1.53288557035863,-0.761952634117759,1.66788950596029,-1.37195317874672,1.72831462071501,-0.260976243457596,-0.365863258061473,0.900356338942949,-0.104620745534108,0.716379647449751,-0.263648288476474,0.33750842695937,0.481449832044182,0.455634395728098
1.00951290857977,1.19051078049919,1.1776613453557,-0.177433601239605,-0.509734582411843,0.402093101127226,-0.285248801475093,-0.366488929505393,0.354997021392867,0.34084229748786,1.46799784486939,-0.253434383633662,0.739073791139959,0.271029351263794,-0.546994166761259,1.07114693678823,0.715057992459878,-0.5641463810033
-0.933811357867114,0.290189350324996,-0.311078036625281,0.969201141935658,0.948924366538041,1.00975927221612,1.10473372346849,1.07099221335698,-0.424827758357851,0.450187999143015,0.109737007287875,0.168284898711282,-0.570954111277107,-0.178052786322634,-0.354195943940084,-0.239661728634877,0.386552272671484,-0.334641897320907
-1.12096351760501,-0.168205779162037,0.162778333708927,-0.330949835851581,-2.45240887712442,-1.16296992193587,-1.48287824496594,0.686186490541717,0.218035053814798,0.175301906602876,-0.566034870488745,-0.242995731957838,-1.38170582337351,-1.09893374309651,-0.225938937089512,-0.590663830079332,0.286211599360616,-2.37580063178099
-0.96821204011533,-0.137411739692984,0.134354625413249,1.36025311878909,0.791956280176814,-0.616324161133877,1.08713398957569,-0.20258146884895,1.95142342840416,-0.779695098132929,0.294001943467531,0.70309855640357,-0.947079198451322,-1.85956741525959,-0.151492622401304,0.717119267427482,-0.590958374469863,-0.746397287039956
-0.825138356398446,-0.015913797371081,-1.20275880198747,-0.590632033235409,-0.512250238832631,0.12481676722381,-1.11800457069795,-0.943062525994321,-0.326972145642726,-1.2284062884236,-0.285933468147032,-0.96186738280353,1.16235364795766,-0.663165551560643,0.506139605712473,0.033312562596249,-0.900430237548419,0.342741451907854
1.59250609618778,1.35093514460871,1.3956196295396,0.0133867536078476,0.469690328709173,0.133366874091669,-0.383326690976535,0.182830742257136,0.8245351517988,0.0244660906970659,0.418306675576307,-0.0480403354675248,-0.503944807558228,-0.628765952901589,0.699241897077713,0.361839565572157,-0.751015257895097,0.315136798183993
-1.501468658821,-1.20910569956634,-1.1379613774759,0.771334519750208,-0.120140835278241,-1.38665039950963,-0.740341813439973,-0.695323870997949,-3.52204006031032,-1.49346128120996,-0.178642572477276,-2.21202492891696,-1.36463897530503,-1.71078198423642,-1.1443831382493,-2.0869381117842,-2.22731181513105,-1.38449168570599
-0.0272820320417565,-0.353077962133673,0.783812090206241,-1.18334999100447,1.08496488104072,1.07473910062457,0.119486081339814,-0.769424192706673,0.260136567324786,-0.580418278266448,-0.560388504257922,0.205715822665344,-0.185710056516934,-0.272511138093707,0.19704564855548,-0.0564507287836925,0.121565858657369,0.379381157465954
-0.600911293046717,-1.6744569645247,-2.2435580405786,-2.05853581088716,-1.65606534238817,-0.334194586113908,0.556216012983998,0.0509506465268445,-0.377580404440601,-1.288224687311,0.10905203828122,-1.72140511634204,-0.016829348235809,-0.51024649516545,-0.665325567956699,-1.41756839998266,-1.20402874070769,-1.77757209752168
-0.98761944046612,-0.627853623563325,-0.52432820337533,-0.5210163445674,-1.03428883616061,-0.293949152995498,-0.740032195300859,-1.88382831030526,-1.25177263656908,-0.75670697209515,0.0334352876683665,-0.476249795194664,-0.852375738987255,-1.37295522349412,-0.995329380463123,-0.527562405460316,-1.46234003258656,0.145665930149966
0.666649334387054,0.25007072146011,0.435585744833033,-0.366690459547954,-0.170831813160914,0.836357370330376,0.494475168338091,0.689422778548181,0.498181282658821,0.929741544242772,0.350933697473944,0.483001825440018,0.829649209006206,1.31181233357197,0.148109805975303,0.377334822448415,1.0145203584494,0.433400678663726
-0.728734934804086,-0.408504010451143,-0.253118176878771,-0.75353731346825,0.0833956967808218,1.73525738819359,-0.30489128971761,1.1832974977983,1.65640956011946,-1.04217293375784,0.553861335499003,1.08415980632349,-0.979639389263746,-1.65853537041155,2.15030714166984,0.497962019671765,-0.912460649970433,0.651849540690503
0.26410485782284,-0.0799785626926918,0.153740601814352,1.35930750772373,0.544495960671202,0.964859977630827,1.56034759885365,-0.855055432714419,-0.41253483770269,0.248863676363085,0.0626955537317508,-0.303160384962472,-1.53437212668373,0.336968143248472,-0.0264034420102084,-0.251134681370068,0.654593248169373,-1.05482541485259
-1.8244977604722,-0.653639020894566,0.545267343870317,0.452200563804624,1.00901857938439,1.16180984221417,1.45853317230374,-0.00621279459054972,-0.584874533716648,-2.01987924407476,-1.62185467281665,-0.524912126608315,0.0662142148885895,-0.940786775363078,-1.85606868388413,-0.50441215061406,1.77451668160457,0.0234509735346756
0.942282929318674,0.434440834336746,-0.482953988419783,1.57124666483257,-0.655756497837848,0.00610041983153934,0.123065187116408,0.53379401284211,1.86946970314785,-1.25185872958248,-0.741964342658942,0.048485446432703,-0.754047429864831,0.215835083899627,-0.596165604081132,-1.27511656485593,0.310693749590567,-0.583873795474158
-0.127690959256636,-1.12687841206242,-0.345173700096729,0.052885006785796,1.61702157351761,1.94135252455885,-0.027944275543071,0.580328745717175,-1.06326138787389,0.768818780313061,0.0766922413000332,1.16013465582335,-1.32624193080222,-1.02127876624971,-0.636139969219299,2.29279590916631,-0.690751856529637,-0.119919855098286
1.19443136386074,0.196616341430833,0.292036784345736,0.250758606299243,0.904538437891551,-0.660676663201118,-0.56332417649405,-0.972381706468004,-0.878658222747316,0.850878723792795,0.46769071850518,0.0290780406890697,-1.49830548925471,-0.296733518785478,0.631506679332096,0.277349781326516,-0.647972923455183,0.897944670574979
0.720498330216974,-0.265919820723683,0.867595543407179,0.620254836545686,-1.23300074558505,-1.21963610030117,1.55205359116768,-0.239176066190958,0.312448085613974,-0.274632565927864,-0.190459799000065,-0.0605638050474577,0.125541740489913,-0.680978224655588,-0.617502569166148,0.648105102220706,-0.866685534784199,1.34615847610007
0.863167385107761,0.569225206581681,-0.170556085548196,-0.645600187362632,-1.04013188376038,0.928706863961331,-0.901978020857112,1.1868456095058,-0.232251852024106,-0.490957393796843,0.395783745998334,-1.24099168986846,-0.897804757362958,-0.540423067441133,-0.3309786210743,1.48787912290793,0.780022910588806,-0.239024278630417
-1.15924097917069,-1.48061363665259,-1.66947466741369,0.735158700444693,-0.55374530582685,-1.39801564430635,0.722173765326397,-2.97884381153131,-0.329774028649832,-1.14146154212056,-0.956308425133429,0.0135660001688029,-0.880674344266323,-0.205978011348199,-0.622983768526633,-1.17929802759188,-1.24766553270994,-0.316326963698978
-0.533516029305052,0.630180640884466,0.265447773514564,0.621516051149264,0.282888807212301,-0.553338244168668,0.757865733309088,-0.041237567237728,0.0907804531258362,-0.562381996419147,-0.481884286033146,-0.434014015618873,-0.0287225005679821,0.211873938644889,0.703240810125485,-1.46508458086279,-0.181366092436399,-1.01084483800374
-0.359357036899789,-0.837254289470342,0.335501894718703,-2.00947297898053,-1.63434350114751,0.633329272816482,-1.87895433453574,-1.77475626682376,-0.66369925143886,-0.200533782747848,-1.25909027674646,-1.48142590629997,-1.03681214989024,-0.241585288708704,-0.711740105204243,-0.841848609798251,-0.822776455757694,-2.40339639643843
-2.80602826908087,-2.1668190816833,-2.12034909268961,-0.186502405843632,-0.10748852152808,0.845611452224905,1.1634972903494,-1.13097949993645,-0.256434774167397,-1.82771632756923,-2.85335406669722,-3.35496974856096,-1.18713898883344,-1.40213080995853,-1.91454126139218,-1.24035952126361,-1.85306570888662,-0.559236992043461
-0.830659252325071,-0.85144352651922,0.323741455171433,-1.13028985490969,-0.570445188079906,-1.45118622375839,-1.89309849788863,-1.04076987619197,-0.235919369664541,-1.26026610133993,0.590037833498722,-1.08912717398699,-0.362900396693626,0.862918413397955,-1.20933184186362,-0.138930578988478,-0.519231712395208,-0.257649267717088
-1.03077031111538,0.601527114534116,0.790152338265938,0.524896138092108,0.202454149204504,0.161603440738129,-0.465417421893334,1.62880113829097,-1.57187254137036,-1.13401133438172,1.5579857104762,0.695079288092476,-0.518997862708284,0.133152255808107,0.761913701177077,-0.48672330626565,0.364460781458538,1.74010357215088
0.513660195810473,-0.510151004834722,-0.00348677539825224,-0.752683270758785,0.116295272470014,-1.31629460990934,-0.400684088506819,-0.427456378108233,0.211403096787799,-1.63058907192384,-1.11060471649505,0.00796746973125654,-1.32741228517195,-0.181878949588547,-0.117731008343378,-0.912949973653651,1.25955747321087,0.11315547389131
0.0446928949867697,0.491389318367853,-1.75953944781055,-1.61201332279791,-0.915718868900597,-1.89043668396566,-1.11093561574636,0.363368317398421,-1.60815301885099,0.0684125874306182,0.480329268070269,-0.847651751661797,-0.664216381768838,-0.881378425865785,-1.48615811383936,0.102390702269057,-0.08287746121895,-0.731222106066907
-0.682352777762502,0.963287503502411,0.240860856585922,-0.393207909006731,-0.885993198978031,-0.21387839833784,-0.738228925022056,0.767057858362715,-0.376309396617777,-0.164520911629347,-0.342655897693007,-2.03029896382195,-0.0789970354138048,-2.5529143177186,-0.583022824901315,0.290268871203286,-0.95282870833563,-2.74020059991406
-0.114655579876399,-0.0782006254872963,-1.16991337941494,3.14935989325015,0.705864506965814,0.0658270399576512,0.485070185956585,0.402216129048429,-0.383003979200692,0.345116733944171,1.59976556274061,0.710575386777682,1.62716382682253,1.44507407274095,0.199887271388802,-0.938707012004072,0.513437279394152,0.861872499520491
-0.235885431101877,-0.0437328336915514,0.406231696194548,-1.53827131257649,-1.45151025764309,-0.282918146135553,-0.227099810788674,0.277149801660769,-0.837773007790312,1.15255962870213,0.0993452719262758,-0.871973214454386,-0.564302233129812,1.4799148068975,0.174929520930674,2.20765837837707,-1.17041819241783,0.538950085255877
-1.04852137921994,0.48479847130011,-0.930013110010791,-2.0890360496175,-0.227620078901059,0.150697030804062,0.526204221741624,0.227524515311339,-0.236076216886291,0.346829437939599,0.696146470370246,-0.564645489602068,-0.765397421502406,-0.476406592756455,0.582212569361064,0.219294057275445,0.317950256347775,-0.543065095986683
0.578314009760473,-0.312229349114818,0.186502921089528,-0.466650875364878,-1.33586513638282,0.105973750423657,-0.0259015809447043,0.852689818839191,0.285819304869993,-1.99820187283569,-0.00508570488172194,-0.634039000755421,-0.979178087175711,1.43083688386057,0.644158348754267,0.447798104579513,-0.0536184360888776,0.966151954646596
-0.422887071494007,-0.0501657833562023,-0.951306262787547,-0.774772360613198,0.388836211759366,-0.052328315814906,-1.52704560628251,-1.50537865609523,0.135741463591871,0.305881326405256,0.140432030159081,-0.651350228294147,0.454372446314012,-0.957083033916627,0.924114849934634,0.375223765897308,-0.149355050948708,-0.648545182105466
-0.503800149448736,-1.0546343865633,-0.342023080921782,0.46906958623906,0.20233787218065,-0.236971730202094,-0.0117973614676396,0.77385397412763,0.00373575201870306,0.544284953542341,-0.396894830458869,0.350796927613585,-1.7649906616165,-0.213974554362617,-0.824041151435653,0.105433662668942,0.150872562660994,-0.688672593199616
0.271060854210467,-1.22588777945585,0.735737052688155,-1.57249797059202,-2.48127874442978,-3.16619896141591,-0.519514548614335,-0.992067241830464,-1.99710888772831,-2.30294373147458,-2.52585059449221,-3.12424040556741,0.299706002312411,-2.39635238726473,-0.60668628434201,-1.61771097237479,-1.77306426859678,-1.1261662771947
0.119198981649954,-1.26623912087561,-1.3215776615771,-1.07427850230348,-0.802043458860498,-0.477091740113425,1.01798797007766,2.14831319484058,0.567126285921468,0.185454825584684,0.636385849932672,-1.95133602032314,1.18816020233205,1.06276564617781,-0.538041673443166,-0.495614890079572,-0.804724802440611,-0.189186414717741
0.249037564714626,-1.42885944060832,-0.273064646334786,-0.426337971899252,-0.0247382259324118,0.0938090924518606,0.56513425943628,-1.10629136470207,1.16010778774671,0.251624173559986,1.11315495557237,-0.00381043426909084,-0.0535168347789294,0.82892562657642,0.330674183588157,-0.741558011022656,-0.102019262032886,0.0511944727809915
-0.366253197644837,-1.19225154452369,-0.617186391499825,0.392055764708954,0.888954481431426,-0.280723306896018,-2.02512286210927,0.496927444020587,-0.36983425873082,0.550166339913763,0.718462315131079,0.0134835267076156,-1.31113566199086,-0.0548641953371343,-0.0415012639775942,-0.768030302492358,-0.808425966526963,-0.0362111093668063
-1.57783672768192,-0.319288534398404,-0.311974948204359,-0.591209732446304,1.78752817761425,1.44338406690773,0.164659772676373,-0.608255813176006,-0.674021026480589,-1.15996487449727,-0.906732270823212,0.300906475328163,-1.01067559082646,-1.6019855020017,-0.453779619354219,-1.67687144511534,0.0714194746620531,-0.894068847200454
0.458446080479095,-0.0930032491471913,0.755114212144664,-0.501945390167053,-0.70154147916591,0.827599523831746,1.07315507803364,0.569662869101066,0.529222670392171,1.92418523636493,0.0318861150892103,0.829112928619195,-0.140487973237103,-1.76421531293166,-0.226261799395144,1.2122441896148,0.400960173068485,0.271829774639838
1.14574916954696,0.98622462705168,1.4898628058224,0.382579304466962,1.8169308156332,1.79077070647776,0.225623474373406,-0.266044066407626,1.02609247045935,0.534368275852234,0.967509382800473,1.78011676077121,0.865486541600107,1.25997071512486,1.7838729454576,0.0499050553378632,1.1247398325334,0.689324059213699
1.05137849926926,-0.898076400023286,-0.245741880723216,-0.469073476198104,1.17136001796388,0.283248822854747,0.796016924842406,-0.675781808948634,0.952481780960313,2.68957837483162,1.11545359798043,0.496575733471373,1.41541400475512,0.672126379811333,0.116260177379947,0.239768486490328,-1.5000576550856,0.364722100824839
-0.526485100890986,0.514334777107004,-2.06796444041927,-0.59146267629659,1.30827380713046,0.395795124979417,0.866149272916007,0.20852415433488,0.778199404383282,0.797541892407428,1.24633396001697,1.01701461614973,-0.243738528644115,1.41628987722224,0.44355777659665,0.0233277987251776,0.0995893017831769,0.137076223507085
-0.256957876374832,-1.16510313535031,0.339947631775999,-0.252780234484631,0.259243117193473,-1.23616398425758,-0.389497018692871,-0.741579818590857,0.860826709669188,-0.948325883674339,-0.857575373856854,-0.833554879076541,-0.177743719892061,-1.50218592979213,-0.32925536486058,0.150143021004472,-0.590057217156276,0.200886626001458
-0.246171968907311,-1.52405881822931,-1.24154047477497,-0.505323548864715,-0.427566864209912,-1.64985444512595,-1.46445938725457,-2.79383909085137,-0.971302956278153,-0.889525294004955,-0.860134800761877,-0.604480961768315,0.166348506074489,0.0710633385102444,-2.39684270989364,-0.358724753664944,0.564556035746423,-0.0785699913737051
-0.483591221879742,-0.299942778780659,-0.814928269365069,-0.0549953018655595,0.0765757913708645,0.764678728821286,-0.64414761511175,-0.261118036204634,-0.483550058048831,-0.635272467610138,-1.71170532153754,-2.49452065974977,2.07229138213089,0.311647418178317,0.552372699803502,0.348597363211341,0.228782859988991,-0.220069190497394
-0.13967839424505,-0.885921638943638,-1.05411165547979,-1.05697686022359,-1.62097794366747,-0.262841774980558,-1.96848443951435,0.404105694707071,-1.86199575966803,-1.44671286193008,-0.107688527772154,0.477586382200559,-0.457762896750478,-0.970670612756409,-1.36194324304697,-0.433217187842755,-1.6765505772693,-0.959599761923085
0.363430187222604,0.557767577161647,0.501728194170453,1.34631316504722,1.21870844848237,0.000331192700625772,2.03146214315803,0.796534500934273,-0.902020042769031,-0.351885958367274,0.814783474277298,1.37367019973566,0.097027274608492,-0.0482622406672404,0.0948876599843382,2.47671767700811,0.513100410476631,-0.821701629903601
-1.70917882546307,0.361952421171621,-1.00217838501174,0.145054937188639,0.271706126534471,-0.682924765355397,-0.0109791734801126,1.13849892136286,-0.208127862347428,-1.03332947992218,-1.05575474521941,0.450615313464143,0.391416678086471,0.0587341316350046,-0.0564488942882233,1.20314275753906,0.570154147184376,-0.450754564974789
-1.29486300533507,-2.95724419999179,-1.57992292804881,-0.027873533794187,-1.21025640202891,1.04349902248754,-0.929994522416063,-0.414046235756412,-0.888646767985667,0.065789972859212,-0.0644202839052211,-1.40202225757087,-1.24377373822223,1.36039004611738,0.195723131371599,0.301804500922549,-0.959361906908586,-1.23237039239916
-0.359953948102533,-1.29706384843135,-0.91157640213474,0.106727515033463,-0.363864965304401,-0.483398648726953,0.165250177772622,-0.570054471314453,-0.0199781385456238,0.544269224614904,-0.32314055553971,-0.0589698345123015,0.417205704740788,0.998840805096514,0.639712971721255,0.93033759416238,-1.63073578985945,1.3601662893018
1.43592500819489,0.0305041815136714,0.291437072485762,-0.302171862247372,-1.10140344200406,-1.1540945130557,-0.224541054389478,-0.922003103385673,0.214992067194251,-0.0602462242727784,-0.296012078946975,0.225129800802059,-1.11198027913826,0.367294587448917,-1.36446221887884,0.861836100145266,1.71179567755267,-0.116872281791004
-1.00812015713815,-0.579145225184855,-1.92727203627966,-0.0530404517122126,0.44464857384537,-0.374683202688063,0.00140158916063085,0.127158014471541,0.731295793375083,0.613647180003597,-1.33077797413745,0.856788371830424,-0.404995791614634,0.778977390056146,0.0471826487274789,-0.620757544777302,0.709501021437868,-0.250841292027506
0.14701885330551,1.19372391069022,-0.0436395138122363,-0.247743942832545,-1.37728809144375,-1.88149164601107,-0.543603770261646,-1.37250395415966,1.39354010988185,0.083603621326314,-0.763614354054301,0.640774449338682,-1.79543483984339,-1.44921595429247,-0.972655566563959,1.00074347154539,-0.990249494811058,0.340499722209082
-0.102174936643156,0.161996721504441,0.370881245743625,0.0550391028539167,-1.09544185430049,-0.283055684208091,-1.698132636765,-1.00320073597939,-1.43998773946425,-1.2520817051213,0.688330485373567,0.623430985721719,-0.170147841559328,-0.467922705070967,-0.375776832822938,-1.57105549725815,0.232454821758236,0.181325218671557
0.568379273248595,-0.944967776625587,0.290089833829214,-0.979920009815972,-1.00054395722193,0.0152917052044577,1.40469060087142,-1.77792805351319,0.904076217648916,-0.953587806392031,-0.110154284143218,-0.662680978524653,0.272565054287223,-0.98390223230895,0.838529615639956,1.15417270654647,-0.330476329831869,-1.24533160462007
0.592210426091081,-0.0456468016758911,-0.190970814462716,-0.608590431619353,-0.0991288182179269,-0.229813701419955,-0.370402631069469,-0.237260443673314,0.412140339089235,-0.650399760607301,0.441697828884739,0.22616696151449,-0.589718341181948,0.355449555076636,-0.174512034326518,1.0720354140312,0.118549198604511,-0.439178446884617
-0.522718618560904,0.220136667650483,0.275569722223688,0.627769045421996,-1.76800660619099,-1.50248603298136,-2.08562045621167,-1.01995575263994,0.947191822366422,-1.07191337445864,0.0966503671805328,0.928764420200061,0.0371438677652223,-1.50474464700217,-1.83303810798906,0.265596603070321,-0.023561012548675,-0.793241735288643
-0.611002671372064,0.74149256325376,0.329810813090926,0.817790115175746,2.04719981137203,2.15378717613975,0.796904666725129,1.9552646314131,0.92641525196838,1.474637831536,2.67726625115198,0.952318295201359,1.63388874150852,0.825232922887014,0.524379704133932,1.66570549026481,-0.503842602782599,0.574544225336546
-0.521586954691426,-1.34168874774567,-0.680644799843408,1.61456446141821,0.81562733631067,-0.227257752013334,-0.632338534195286,1.1293196720424,-0.259946096321073,0.411164559449515,0.355858430490931,0.66740045324948,-2.11783025112086,0.868497985839969,0.922339744316383,0.163311987150538,0.676124207548161,-0.276898327755548
-1.03039525431569,0.0908327600387313,-0.00883884443844847,-0.177756659600799,-0.230136081537334,-0.463101151350237,0.359713587536866,-0.10914414958847,-0.661512478750418,0.380737953053141,0.825878757327777,-0.24444652534861,1.53091052114458,0.0278902297749707,-2.22279814614345,-1.26992442391564,-0.238447998716847,0.179160202477888
-1.33730317905037,0.637591210075741,-0.376338060800502,1.2786990850348,-0.283113254934699,-1.32853567907645,-0.270424123738991,-0.2850647710449,-0.389414727336016,0.749832990815207,-0.446892486611987,-0.244153999010474,-0.832560821363208,-0.474321398835231,0.18450290109211,-0.691028960213445,-0.329449795675433,-1.37790357185322
-0.376035459104913,0.509416827205501,-0.239565474003823,-2.54841502056251,-1.07719772752603,-0.599256145060849,-0.266541477668061,0.999133409132505,-0.106187805928384,-2.30634880507115,-0.519666002848533,-1.50397885993948,-2.21605844655867,-0.173438769770516,-1.1641058911084,-0.975290240758591,-0.551937150210029,-0.305739121352229
0.446969384243359,0.736838551899666,1.150527989931,-0.294543766619095,0.956179610104867,-1.40915491198814,0.407585393462546,0.535368747469043,-1.52754943796373,-0.471584867664398,-0.0106594790587279,-1.85084901048844,-1.25138825707395,-0.846761194035668,-1.3254259256867,-0.925920457154926,-0.619207705457869,-1.31680217502862
1.34480574066418,2.41610341530536,2.71885747810898,-0.477487381084822,-1.19168617653711,-1.97019235601883,0.0536740836124032,-0.623180177545992,-0.50806754059594,-0.106708410522274,-0.920720682094707,-0.231896760242823,-1.74653499832633,-1.8674414354108,0.722082394493171,-0.785144101706366,-0.737303517480426,0.783743408972488
-2.08736264180489,-1.0942498643898,0.0712561053151624,-1.56084742112668,-1.07904831149738,0.813693076023031,-1.10406968958522,-1.502974614482,-0.701967508536372,-0.607360253707229,-1.48833698001007,-1.2431581184569,-0.451165117505487,-0.887674759779912,-0.859742324809377,-0.487318228304145,-0.0584539926040029,-1.55101441470423
1.0735434366425,0.397249488078612,-0.0199175343502738,1.8556129123342,-0.58384528757349,-1.30251583759534,-0.383618575908908,-0.927201878925475,-0.7685017891952,-0.143628050656415,-0.71654174044284,-1.14920547872205,0.606386845588425,0.180328365450201,-0.854648180197348,-0.00663912181605396,-0.180240996368448,0.203109023329044
0.305862759244771,0.357217794118926,-0.0130889078099222,1.58746471477008,1.35764569601785,0.706464146177575,0.333102546020642,0.485823350546415,0.108948107840809,0.619040380739156,0.345052035934613,-0.558210373774468,-0.116538249776768,0.604087620360454,0.865637007277201,-0.191640278473623,0.381150721133405,-0.26729882017322
0.464011512625682,2.04526882549342,1.30376249600637,0.171136364881618,0.362269332543329,0.641323920544293,0.930732712804832,0.783010468280127,0.125896285695553,2.37332049032435,0.756484520377568,0.477670514538018,-1.49388364552675,0.65941677713311,1.33213428923268,0.161848754969433,-0.539224440642223,1.54311414665295
-1.38012662690422,-0.501073852778239,-0.396592471291307,0.222706713762833,-1.25487434242795,0.378763768234424,0.41215554021804,-0.393188034804408,-0.644711598781337,0.369758751926491,0.66928532469813,0.608220613277228,-0.866497837344719,-1.19285574968427,-1.17775529835361,-0.797931689363625,-0.0987223381799899,-0.388884695471216
-0.671204909516017,-0.211926192327115,-0.193135290062515,0.278086213365213,-0.946232763625172,-1.13125982538131,-1.42048256633931,0.0971885091492129,-0.718754716996983,-0.140279983525879,-1.17995890783983,-0.502689778550872,0.0357097100375416,-0.126452421511637,-0.767396976045127,-0.183256514456978,-1.23277874050138,-0.178130159268312
-0.365832474607627,0.249682022256426,1.12732236489321,-0.943484810289151,-0.86128170830328,0.239312349686574,-0.0224179317190315,0.0735769426626384,1.00766113678859,0.0984377136092834,-0.945109605777021,1.155277700563,1.16807847296112,0.411430061190443,-1.43454239228111,-0.0414836679002268,-0.823178303002043,1.21089568567059
-0.207950489603407,-0.494825584118625,-1.37422559645078,-2.12538454154585,-1.08619747001571,-2.90141049236621,-1.38228957276465,-1.29559164942425,-0.904603890224872,-0.551025129279545,-0.927375627982646,1.26651663338497,0.308455661730765,0.713152563986396,-1.01706281527293,-0.623300158247077,-0.473932689199895,-1.59002657080906
0.120092275292953,-0.148160777827933,-0.825344110157104,-1.30760408613681,-2.23064079977096,0.335149220823132,-1.94873275745956,0.589982141596313,-2.6380555989099,-1.06372244037504,0.0147006788771081,-0.763812544597273,-0.687892796070977,-0.80581042603302,-0.909974967328272,-1.11249734912109,-2.34549929948236,-0.563630264887083
0.017394785927725,-0.377348231110295,0.645104576054153,1.29590827690223,0.722710123346691,1.17805842097838,-0.274344656215138,-0.970105889177181,0.77241277871926,-0.895311741217396,-0.152902667122544,-0.25007494605244,-0.334463870592331,0.168140081923503,-0.116314075863999,0.753787789707369,1.79755539472459,0.0148791556140414
-0.852385031823937,1.37709102788278,-0.177916325809285,0.599318258908848,0.495509646425053,0.0401506671108696,1.84071816005356,-0.466298880480312,-0.193444122389804,-0.893374735876243,0.509906466677706,1.27570394382861,0.539350748915592,0.63759138774658,-0.326815212710669,-0.381300752233584,0.965690973996444,-0.00614094428237855
-0.902229301793392,2.3222800006373,0.426645278530477,-0.133335834800061,1.02956166092687,-0.456425710808397,0.193726721545734,-0.149771013986202,-0.563304825282651,0.317426977025321,0.0883441783780382,0.295353576856835,0.0272353719874796,-0.717409963673946,1.107923621843,-0.933825314841389,-0.246911012216006,0.496803266318738
0.0952892046417052,-0.679758835276855,-0.612393172950963,-0.525599524785727,-0.210646971990973,1.33924728597981,0.547028128727755,1.05803876929203,0.785105793961305,0.26013549602567,0.261706214925981,0.0679242708319913,1.73950617997446,-0.0678597849865451,0.603561162206442,1.52582933108801,0.486372149441542,0.614691942152797
0.776980278615916,0.949356192916729,1.54027269689747,-1.3245002034278,-0.382103480144062,0.534989214554935,2.05747273430752,1.54092775517857,0.82905118638293,0.767799079199437,1.03008520684373,0.669158567376381,0.813094902930871,-0.218315247854524,-0.564421756075225,2.25502383233365,0.250464850433052,1.43159947529302
0.341201417500813,0.145769385803562,0.805131419482686,-0.231952545158652,0.826143702483667,0.440257117917909,0.877760185857177,1.79258693062845,-0.161424027256295,1.51584504651328,1.69402920505438,3.11944078902678,0.370607459351186,0.728368782197969,0.820494415197185,1.16376221990752,2.53415292765212,1.65350287508591
2.81687433784963,1.51312073236046,2.28150957470879,0.857576013001844,-0.0808820258289099,-0.101523937888635,2.82549650365802,0.65317745447078,0.568669462934051,1.94288770208887,2.12866771811079,-0.212578458673938,0.141365081413977,1.18872386203894,1.43762081258784,1.15001771869303,2.41062575196587,1.18967406790893
-1.882447479934,-3.15061708036729,-1.62030861627284,-0.0999147053200239,-1.75546091181435,-1.96653760217439,0.0827798499397144,-0.3045050376039,-0.556777139381393,-0.583844274515366,-1.78890148134215,-2.37579227077669,-0.717262169426882,-2.9640210587703,-0.777438191178701,-1.07409086851709,-1.33767770200618,-0.410640032210796
0.34737370915637,-0.847691541142876,-0.228969548675404,2.02320825645317,0.80573404564041,-0.643989690405564,-0.829368818846112,0.925378442758987,-1.47038870567259,0.533283162828953,-0.355411953167407,0.334566330549178,-1.36657891416243,0.0108614006712202,0.892842486954302,0.874947312462895,0.601347527785192,1.17652573999451
-1.91505903025624,-0.397261764333874,-0.467282480468515,-0.993828929510818,-1.48878747962053,0.134556468424734,-1.80727273149635,-1.71213128177904,-1.20954393776323,-0.787365875393176,-0.202413858108178,0.179452683248687,0.00491329557609506,-2.38827931362005,-0.480115508464752,-0.0469657174155011,-1.45892957142266,-0.415786041146233
0.520483488153136,0.346930204365424,-1.19813680736327,0.260901833677352,-0.552820186711046,1.24046084688259,0.260608175467988,-0.31418745261446,0.552450103165647,-1.310236222355,-1.47163284771695,-0.557716302733394,-0.135405453482325,0.949065930491972,-0.918180440439135,-1.55120728546475,-1.49645981767945,-0.544059573756441
1.42853076276317,2.45161848173095,2.43266873087055,-0.332810795881024,0.261817473939756,0.423501641381962,0.368014765495068,-0.543280676735338,0.515752758618523,0.104570989038613,0.41000660755382,-0.398552215393131,-0.702426658434438,-0.464058718698764,-0.678270259175184,0.288435475966362,-0.413454970941187,1.47108302532272
1.13941923508679,-0.294934403480502,1.15672516711182,-0.0616536427043607,0.804981769552805,-0.0285209682089055,0.460889650069623,-0.533318779373485,1.16248796156675,0.310065244704313,1.04613220223509,0.806232673785889,-0.574398981101754,0.252474112649483,0.968497110220225,1.59915045581023,0.390076151061271,1.85226005246407
0.658863494961311,-0.673132224843657,0.458531014644415,-0.993724227133098,-1.02450189119476,0.743667806186292,-0.0365972143548828,-0.236124510455021,0.194455204175934,-0.0952592960173361,0.6835532372976,-0.344865204022238,-1.62276083313287,-1.32036171881082,0.667075645182768,-1.47814099293734,-0.642284621833388,1.1967060842916
2.34530098669354,2.68600762501369,0.38545813923948,0.45509630940717,0.306530736684963,1.65155451312306,0.890343580604511,0.888340380432878,2.08233640709158,3.16047113265877,1.43694871670845,0.742905615715542,0.425547551875427,1.51764605083174,2.36882371529622,0.780071487607002,1.98142038634766,0.851310980809551
-0.503235076723596,-0.300655832370236,0.15572604184611,0.521601942418873,0.164210512910394,-0.244117981289287,0.311055842563174,-0.701169813011744,-1.09911925076047,0.895078600568324,-0.675591497666343,1.24958045384604,-0.0778666273602631,0.0183795521663653,-1.46124518770194,0.323234405295998,0.797965429766057,0.0194337465755279
-0.252090142880101,0.63756422367008,-0.658632116857365,0.217497273888596,-0.0274666273693092,0.608094321312466,1.83301067208766,0.0815619494808254,1.63105948334701,0.688420873221739,-0.732229721829014,-0.888531053530246,-0.0900430775899886,0.190406420571993,-0.0190037921879945,0.773388321016929,1.2879511216121,-0.58677510246147
0.338468113619051,1.10487771568969,1.27555186923979,-0.636061299837566,0.109806661483881,0.217309434365626,0.266018360824782,-1.02743264498663,1.324096586437,-0.319435367980606,0.821584016644207,2.16234108582248,-0.933871489940382,1.43421011464332,0.822558643024208,0.685331201414818,0.126084473947092,1.21068869451152
1.24834944340134,1.44980566477913,1.24133092105577,-0.248258302422122,0.0514793004385168,-1.15992516299278,0.866680131110587,0.881055103718073,0.369417940764086,1.14947808680442,0.492049518129433,0.340663196871141,-1.78914698566186,1.84029447114066,0.705300429415407,1.19406791222119,-0.115541835800458,2.14122635418617
-0.0482978051384437,1.04354102015874,1.42428493801757,-1.19109351010208,0.39420525132713,0.215267522242974,1.96041453003553,0.339890605058806,2.72835570536725,0.304798685876245,-0.035256598612569,0.113031164024625,-0.575869710687101,0.852219610798523,0.491399528386033,1.64410566943777,0.750560275133981,0.389377495572469
-0.547203339080093,-0.882066940264323,0.297774294873756,0.0786665826237639,-0.672383917887872,-1.42555798064128,-0.0883566181117546,1.44513961576275,0.876851092973692,0.249778863426463,-1.34262404120621,0.489916551736459,-1.65758900193446,-0.591385916820354,0.0894629457546799,0.0562126574814569,0.243015373442529,-1.58257323999214
0.953343390780194,-0.475429537074736,-1.21488097354547,-0.197425133912407,-0.0363827248971742,0.239794289591654,-0.921832971635029,-1.64027183093136,-0.74803190524878,-1.01484975844031,-0.0987701756814106,0.158096545625326,-0.629870792112865,0.759951534368077,-0.186165923932619,0.321517490647226,-1.47858723865455,-0.520698553132803
-1.0305020416769,-0.155687101479621,-0.371581745971766,1.08813034765835,-0.337505615832098,0.919891162481787,-1.39313482621905,0.271189767844196,0.176523348110286,0.341479662078981,0.270937500037273,-1.57542028734844,0.0226274059831518,0.789784249472289,0.882913433900229,0.0629332868472188,0.58682701256743,-0.506661762835662
-0.463005636887546,0.175849632571695,0.998010544303052,-0.372897870660272,1.117117618251,-0.301408765838392,-0.515608817639343,0.504557620970128,-0.196790389755325,-1.30237009643224,-1.31270573968145,-1.93475514544101,-0.050921425556539,0.253639065826797,-0.00317191240409301,-0.0661859584992993,0.492237200921173,-3.49792761331338
-0.183485852541754,0.215120584566868,-0.982542971696316,-0.0692210696848597,-0.255315680901903,-0.823035840185603,-1.42178257931733,1.73117863493663,0.888439205986524,0.85583428727008,2.11785920919389,-1.07521230198838,-1.71432408079124,0.706373824392984,0.926599606560643,-2.10843299055187,1.30662627434905,-0.239411197582118
0.957096375177202,-1.45910677750047,0.513107225625852,-0.146222336255879,-0.583418768225724,-0.880239026104751,0.415776300402537,-1.02020786146313,0.397324044685597,0.175745917135262,0.0760454793074281,0.174334771307163,-0.46525383645717,-1.5585481321111,-1.18336410397636,-1.3969288321397,0.173341435671722,-0.766145772114248
-0.0360200610454652,0.114973340564126,-0.247209429438917,0.794260021019632,-0.084606083688605,-1.19743657792326,-0.0819593138427542,0.428389014936229,-0.106521058532083,0.276216591718245,0.471623986128204,0.540717972189756,2.3798900617189,-0.101185749483997,0.322527935465908,0.409343775883497,-1.81554700920911,1.24809277067698
