"Fitness"
9547.42100002533
