"Fitness"
8823.90027438212
