"Fitness"
8994.54910844511
