"y1","y2","y3","y4","y5","y6","y7","y8","y9","y10","y11","y12","y13","y14","y15","y16","y17","y18"
1.9770385944062,1.29069862211207,1.51524225949466,0.305367668023583,1.43172098146278,0.703607084286448,1.12558879141845,2.37981689289742,0.304010515037716,1.87826417122196,1.35612436774232,0.960794307075982,0.252731023896412,0.978580361098789,1.65614008264492,1.70700456304878,0.904940064729288,1.50656555559135
0.228592176378962,0.65094145385786,0.962956417352362,-1.05599877855917,0.225141891377351,0.488490336076477,0.287026966993722,2.53512295075523,0.659347256250094,-0.735596531708485,0.0754362110839239,-0.237235022283664,0.313650036104952,-0.166417943809518,0.792737065901702,0.434646279625338,0.355408964621911,-0.146883338096
-0.0855991969698138,-0.300998051613474,0.754173340440538,-0.215532489929238,-0.0115269809617936,0.0318090406979557,1.13342424431668,-1.44371268557879,1.01173334896655,-0.383792565281037,-0.575385194827511,-1.44376324949678,1.19013387109695,-0.113267696824143,0.707742959046554,0.536390410064758,-0.648506375504812,0.970909211022678
-0.68358602899897,0.041044626334965,1.36905019611628,-0.269027832682785,0.851379872190299,1.46582523610697,1.65009014877289,0.148932865614191,-0.00688182661501773,-0.820860367668301,-0.610578195064617,-0.0363724837539136,0.76488402720949,0.203978525863846,-0.36433482773259,0.32176549084842,0.307687675014351,0.382138211731002
-0.814046391280797,-0.760733915051742,-0.884730949156129,-0.162712885310387,1.46616501259586,0.142768432550495,0.545293690056575,-0.26541500421593,-0.160580980240092,-1.26195948692802,1.79066648150783,-0.36060752083122,-0.971575278963846,-1.38219628028215,0.188927429316959,0.66518408462085,-1.07957057997736,-0.246437970218428
0.719386364714614,0.978688631045271,0.773031219539164,-0.0425020948043316,-1.16709741824382,0.00206982880094876,0.953455927942816,0.0448210501769202,0.844277848907115,-0.341145387423987,1.22661846928564,-0.768944131673651,-1.44340457646209,-0.138176526088464,0.898396290399035,-0.0742373756000352,0.0949179183572524,0.96443104122616
1.22868597419178,2.56700390671315,1.15820657976479,-0.523456320058921,-0.505829021266743,-0.142914561486645,1.25530412879637,0.424280033860425,2.54079325876419,1.68846234611557,1.1822888803535,1.60056312835708,0.644960356039813,1.3020447896444,1.30975876129258,1.01073335860185,1.28067972104848,1.4668906073393
-0.364421557568375,-0.421527426060778,0.38492653201276,-0.184212760602997,-0.94470091857416,-0.0237904484441478,1.43086890351459,-0.90214209612736,-0.676584744276839,-1.02826113062109,0.0391817051174954,-0.836550749063621,2.11793820202599,-0.376918836856721,-1.79911614847449,-0.26073829518778,-1.43741645920723,0.128510401767288
-0.168031883432456,-0.931140301098522,-0.86577326815692,-0.94719405168357,-0.999629815140037,-0.914017172365961,-0.649827247914435,0.110706405353438,0.037126022573721,-1.64780623451582,0.310673760440759,0.267679148512293,-0.829742086030371,-0.784416165427477,-1.47653367085208,-0.978698302307295,-0.633109618614587,-0.95524216194446
0.513628652744185,1.3435716076088,1.03165749507904,-1.07929497268471,-0.815341959499578,0.827967378811709,0.609647809341245,0.137699552937975,0.48677399427759,0.106722448580781,-0.499151296189194,-0.111774903106059,-0.310183574324447,0.305051166606022,0.743515856908947,-0.625856833254699,-0.274151463801192,1.38723263848992
-1.89492244883635,-0.0795099106475639,-0.96698990949677,-2.00163435860521,-1.67581144345142,1.01284023079402,-1.26002840773949,-0.951926309021211,-0.603879977450789,-0.455433071473712,-0.223086549730282,-1.77229721885483,-0.589919989767741,-0.443091941572653,-2.24541997194417,-2.70486031096095,0.810144201194391,-1.06450137160906
-0.35892684118123,-0.177651426949183,-0.336592451266573,0.786512587885454,2.67625557450638,-1.0398441789723,0.914369181819679,-1.01312446815339,0.675760072000661,0.120674302944111,-0.204056435146955,0.954886978366239,0.391631891321023,0.467309384142938,-0.289651182455372,-0.8255578566229,1.10798481814138,-0.410253872765683
0.386828261944205,0.891260227030922,1.55585507210374,-0.676838486485026,1.08225238166646,-0.673615014341964,2.24299805504962,-0.319544375443879,0.474505029536242,0.798464690808964,-0.15454453068327,0.904622018843531,-0.29659192336159,0.694083137390724,0.212000254481175,0.858790713788414,0.830217616448615,0.441712213895511
-0.195232026454856,-0.0723878754126919,0.878762514536582,-1.24791576764755,0.535094293599388,0.699765126190638,-0.653545592651028,1.69690515649851,-0.441691241531108,-1.18415562103947,0.420166702684621,-0.614305226929159,0.0786511516509355,-0.188677564392964,-0.341756119224847,-1.03550969488287,0.0736864017524502,0.815803786965341
-1.2342346928522,-0.831995799404089,-1.55612246226264,0.634674721869109,-1.57203059662412,-1.64682262780204,-0.244782407436498,0.194905365199302,-0.402775009203661,-0.755175605394368,-1.90723786796335,-1.36957841204607,0.588299889216883,-1.74057489949302,-0.44755871463189,-0.661024994703022,-1.86358602902504,-0.508060037425968
1.81022496756224,1.40853580059587,0.053301534909001,-1.19092539485181,0.669282522028727,1.28243143628672,0.134518312113949,0.406778688039872,2.07736574677342,0.617506845726675,1.1308334984724,2.34242479360502,0.921233613322387,1.23494105724617,0.925293764811875,-0.304147518311971,2.12929308002071,1.98423819496151
-0.832908640038552,0.113563520009266,-0.761234303784721,0.0454267851273855,-2.91134202048949,-1.33656660109643,-0.803933564258276,1.05335593248571,-0.183455343211747,-1.91573425697929,0.164280007517703,-0.492726836036049,-1.61550310673834,-1.65751514764204,-1.28554464815466,-1.91207886507866,-0.885937874161055,-0.443748468299282
0.169354720457763,0.150702615346299,0.477989604923845,0.705232633325401,-0.968356761543388,-0.862674521301372,-0.28563887058826,3.48918063541393,1.22943062103167,0.0183269353341438,1.53596584227328,-0.101313162468208,1.02770614098495,-0.306544288951482,0.611232872233978,0.252124572094131,1.03498261294519,0.534616346982038
1.64212911514825,1.09534723680004,2.37820334816551,-0.841034669741059,0.100300141567694,1.06552673625371,-0.0647673649818344,0.488138177751709,1.66362799550057,1.10798178393727,0.476954223783626,1.74289585739853,0.314162604698229,1.65789513147392,1.59576420359026,2.39641023115466,1.52249653291122,0.674117311813319
-1.33064553848807,-0.621018577003845,-0.72218922537993,1.74987261641191,-0.828448397681883,-1.68159858809459,0.301815330254768,-1.64695006072463,-1.27039859404452,-1.0582718956161,-0.690470915068622,0.656045872385638,-0.513277082033225,-1.52572800785077,-0.536599163653168,-1.59658680238278,-0.753610325011155,-1.26150675248095
-0.811610836121723,0.360683155586514,0.500751275907502,-0.936113476808478,0.541925000541468,-1.26133257777261,0.66777345243852,-0.356242444018842,-0.721869271460824,-0.769766009067007,-0.267085884659209,0.0269172905987992,-1.34972000056776,-0.0802625600657662,-0.332269553592638,-0.311499781887869,-0.509359907179812,0.209273565552411
-0.885561649430183,0.265485812940216,-0.305464011052804,1.15401246876727,-0.434788853583079,-0.382145314272978,2.08510217159883,0.0547381148874789,1.9254902209879,0.0616543946591432,-0.831385656080831,0.33028244570063,-0.784541116761786,0.614788115164906,0.410282779701291,-1.09657132683691,0.953067187658433,0.0748131905018826
0.51988671925563,-0.998979058592761,1.37952542855111,-0.529966049441415,1.17123721129831,0.060843967499927,0.448070561062263,1.21079309052363,-0.128791886863739,-0.0432661419965799,0.315038368167263,-0.0423423180877582,0.498720202246517,0.226189339778822,0.637760070865449,-0.00588261363564823,0.279805012180839,0.443323948501511
-2.24092209113021,-1.22924502831621,-1.29292867383493,1.94117115343508,-0.444805752136805,-0.635710526906337,0.210892288357935,-2.45287011171622,0.144583418881998,-0.374388846612213,0.148459426294519,-1.76838199522675,-0.568923276276307,-1.00005194024998,-1.63381625272347,-1.34493792138675,-1.37226582167305,-0.479331654571257
-1.55288175101784,-1.48260309815427,-2.44815194345794,-0.291855115680232,-0.0288713127379194,1.02970852013148,-1.04329406407956,-1.70140321380349,-1.59185369966073,-2.11551684812361,0.0137644688426757,-0.866204512560148,0.00751448169118398,-0.43453727209518,-1.28396485374016,-0.707364317464861,-1.42019507745092,-0.916761603273063
0.0423757084144574,0.091150041380769,-0.137571457187874,-1.34523983059971,-0.819876561774661,1.62256865730436,-1.24691492130743,-0.490749935321762,-1.07316969335564,-1.43427336476453,-0.139267847874609,0.170724380493864,-0.675406696717785,-2.13591755967459,0.806367524977504,0.533066693049881,-0.951649242975738,-0.311904742936122
-2.34325740053385,-2.36296327341828,-1.28028577835373,-1.26856313668957,-0.523540130096422,-0.436248652759459,0.521058078394104,-1.1928582262741,-1.36460108002612,-1.73809807288942,-1.19608410515313,-1.29741349042868,0.021809408495585,-0.745441525182486,-1.99032255708813,-0.277048598830016,-2.67966406462909,-1.02005561520378
0.297756344016387,-0.500663396681699,-0.76123081481556,0.928030711486554,0.0174623133999135,0.0621721628889319,-0.258545011407061,0.412207653850806,-0.599063279870224,0.352815922336719,-0.624595526057588,-0.787870206420459,-0.715968207526416,-0.469544901079683,0.136382234533276,-0.0454453796955693,0.528237472358724,-0.0769937156408654
-0.975160837514783,-3.24217105528081,-1.65400572776084,-1.04234133752977,-0.173278989065843,0.711106039632402,1.24918913955873,-0.997240883428378,1.3240019491568,-0.758140868907928,0.291702754669377,0.0577781278259515,-0.0234518173438589,-0.309704337168483,-1.33197676432374,-0.516027476329421,-0.881403131323296,-1.16270538050831
-0.647913836317687,0.262036576234314,-0.714611301054056,-0.21017418034314,0.28044960572449,-0.0673999774864387,-1.77447516068372,-0.396020266149585,-0.78489644861554,-1.77828060258845,-1.47009660132042,-0.0978815150996025,-2.05114038428291,0.0674992605238667,-0.482586529311775,-1.08104875206213,-0.842955488212392,-1.47381637957255
1.29144308526988,0.890098005383989,0.106605144422624,-0.415490329034992,-0.889897132970711,2.63750578021827,1.08422972654914,0.364327210018249,0.300498619430909,2.88580310222139,0.646735604158789,1.62395491955671,1.55486775736929,0.692514508701003,0.975713140159639,0.0433056613481575,0.766958104936691,0.933905780275056
-0.519666759321106,-1.23881985920039,-1.4103431347475,-0.678755730929018,0.0943668744813823,0.468626911134322,0.805767657899963,-1.49743543050032,-0.940979855043343,-1.73127612262689,-1.74292822006892,-0.03177503169888,-0.416105675137468,-1.14987467797818,-1.33307763826543,-0.748770583584205,-1.2980710943372,0.208898363002143
-0.605134778828754,-1.27707830602445,-2.40412372685844,2.0376233520882,0.152763529962509,-1.11288733825914,-1.19563996679569,-0.675964419157096,0.561130707214718,-0.193895349569261,-1.66434274183575,0.407673034117048,0.294612926440169,-1.41580671978507,-0.734824222677733,-0.738757517395529,1.0297094992219,-1.29178151447387
-0.58851661462552,0.831983743866491,0.325477469892567,2.29145411374406,1.3307915337109,-0.960360768337108,-1.17157042050521,-0.465114536241175,-1.57325567705988,0.3508069609061,1.39166043379733,0.414778291824549,-0.799072344516391,0.895689929216381,-0.140398283979518,-0.0519500916655908,1.52474292571583,-1.24420226592401
-0.250287361279524,-0.695808695914606,0.00490480327449181,0.931698773689579,-1.29870783046119,-1.20624645788344,-2.04505850029089,-0.0707202874986322,-1.14386619353609,0.431240622989489,0.601222192494556,-1.66620456011578,1.33969612563027,-1.149378523669,-1.35033621506892,-0.978938494794975,-0.101776147750635,-1.13182546095268
-1.57131892987588,-0.323318692721978,-1.14819601312337,1.35141074076236,0.0353534137361748,0.705660211717912,0.435424193124397,-0.488072209112906,0.800805509875989,1.23963687566542,0.00328576424910524,-1.49706590041073,0.490644794000819,1.62894931001502,-0.817061875819978,-0.480942368794931,-0.512134818593485,-0.497165792527626
2.16961746162478,1.22805808350363,0.495396573887067,-1.07214165093169,-0.15337664379169,-1.08775049624041,-1.53421693336036,0.276378247043289,0.797191386028211,0.805833941792741,-0.481308777374083,0.314845300881377,-0.732597832426568,-0.518181257280836,1.00932647693647,-0.697494088239375,0.760866836107988,-0.52718587120785
0.739002024883133,1.81061789495661,1.22703942763638,0.353045471161994,0.867750083471555,0.897110628457566,0.593953242159002,1.26976399178427,1.07007389082833,0.877977270018396,2.04996314149838,0.398553623139236,0.569208940814774,1.37993980776726,0.846404090284752,1.03526918480567,1.35072683620319,1.11392099139135
-0.427850968081451,-1.9451512704869,-1.79899979237089,-2.10498020630448,-1.67680521401925,0.334381628486237,-1.74624180193941,-0.612054915036231,-0.372365352948201,-1.14829963848275,-0.154244565297152,-0.116332088988297,-0.239843617459102,-0.976939565540001,-1.22534299403404,-1.33646220885511,-1.68710909932986,0.348353016364286
1.77969408554639,0.24404947004713,1.55128359439423,-0.0812229638456594,-0.97342411013211,-0.560803094675132,1.39997134869884,-0.407649230458188,0.209036686341008,0.216572832476983,0.752917245234873,2.24566086630907,0.993879887956607,0.183519148817467,0.307246925334972,0.634329223419479,0.265913975201905,0.0249408069070674
-0.52589214473634,-0.283908485032645,0.0779325088416152,0.947655999988399,0.420647915525167,1.12688172354695,0.952141867867526,0.95677366365314,0.335086418855757,1.45920863188347,-0.0472140415148259,-0.689033808873487,-0.969664234965729,0.802310776922473,0.93417351075393,0.452684172920572,0.220345253887424,1.22386884790921
-2.80689066799912,-2.2365068470936,-1.97866061448591,-1.93977243243918,0.339529589203665,-0.0268595950611763,-0.534305617189565,0.81265323243345,-0.262922926435339,-0.989682700963409,-1.47669278136855,-1.05096652738974,0.41798856035965,-0.745348762013982,-1.42058565536099,-0.464610287099653,-0.760762650834236,-1.15843382907874
-1.12214954204766,-0.0837345356420239,-0.653249897490369,-2.31066805097179,0.951464416184824,0.219268808036912,-0.275886322012521,-0.224367866570137,0.472188558302342,0.306014526849816,0.411999977147908,1.16265506155993,0.245874751481098,-0.715025108628094,-0.15134150559299,-0.199350698694204,0.367704558028931,-0.713276339312823
0.726289829039868,0.124840385179048,-0.766938789521703,1.00658640838814,1.9307074575145,-1.56998918621752,-1.97399949311843,-0.480509363619641,0.786118987972786,-0.245703306418626,0.30649164767505,-1.04470212717187,-1.21149969742913,0.199555259097242,-1.11729720910113,-0.292228544910007,-0.344894012125474,-0.064466207299901
-0.170067302578207,1.61526474801674,0.703995764149697,0.226710848614211,-0.0414447789129468,-0.793447507530966,0.200110104378551,-0.30946674875286,-0.683032298705133,-0.0465990250248239,0.277401508402354,-0.484171519588963,0.347888503426706,-0.130058493202586,-0.556056417622704,-1.07830894812704,0.936786922784043,-0.245514541902907
-0.346772150611202,-1.83184215962792,0.471582927990427,-0.0852462122128675,-0.207956572270231,-0.584941288936926,-0.0418772868813373,-0.137393065440806,0.264234118081312,-0.0378738707136478,-0.561110133126128,0.426713559713773,0.0400864714713534,0.467087054445723,-0.706619551943296,-0.604071933890379,0.86262105645198,-1.16751759273725
-1.38299542760355,-1.46373933046403,-0.929119121499398,0.960545861006315,0.505049672155183,0.473935096131631,-1.17968836724662,-1.2246529393842,-0.622496510050523,-0.801424181005254,-1.55701113508298,-1.3286508755423,0.297942197629681,-1.22212034236669,-1.41090398382921,-0.535012579086066,-1.24102766126233,0.0450219244402919
-0.149287201347043,-0.677946544652515,-0.0687046935035443,-0.313050221391762,-1.60988743515171,-0.182181408711746,-1.54185011153856,0.745449267695433,-0.584155715832883,-1.24777067791419,-0.52134904285045,-1.60246861579189,0.475885676644199,-0.18764076654844,-1.09823939451918,-1.46766818994754,0.409563995561437,-1.12474002954872
-0.0398159254368884,0.636856832554391,-0.594330018137712,0.732390567561172,-0.914867638137046,-0.576013972690838,-0.141874831440248,-0.765909940002558,0.389973095191488,-1.4273007419776,-0.858710654036093,-0.632814719800931,0.614004472048515,-0.638494623373528,-0.612688764344937,-0.543403013016717,1.29000017211307,-1.31463903559657
-0.855152645608761,-0.711606229600646,1.67133932867164,-1.39964943940093,0.149874806384576,-0.00255136724786186,-0.911948995326954,-0.450085125102473,0.918327476002785,-0.296940231129478,-0.655153823063762,-1.82923067742314,-1.14011496468685,-0.743933423659771,-0.171019048357913,-0.339117745306211,-1.86045205675271,0.275084045239879
0.479821927352718,0.627684588399345,1.1597965147062,-0.321402831588635,0.41571998407477,1.14586865158299,-0.649191970697168,1.45398133377357,0.000474524307858747,0.625025495704562,2.22381494394432,2.98615514134202,0.398246886805139,0.547963576907001,1.15012254623813,1.61561117415554,-0.780085462380765,1.50266761553235
-0.676161170339281,-0.611607754577761,-1.58518603663262,-0.52035573711331,-0.80325694010806,0.118689524922149,-1.65075280503081,1.02548015888636,-1.44885062571368,-0.262987179788683,-1.01769772142834,-0.458860873879949,-1.20954856847872,0.641329871039846,-1.3870719241112,-0.471319064819529,0.753749294824677,-2.87344269129619
-0.829571336461108,0.828631854016618,0.439310934842059,1.32819113247123,-0.914864666407295,-2.26348400396161,0.401146132090547,-0.171507934826949,-0.0510345519900463,-0.101290384386165,0.322201117615759,0.811604688263622,0.91284297285782,0.427567457935442,-0.51576022986243,-0.507872538734559,0.167756929010634,-0.268819879871011
0.323286022133063,0.00253602479633152,0.466691238908199,-0.0215520584980513,1.46533267527689,1.99588490490501,2.02498323735852,0.544610918119066,0.804763598667493,0.575558145374216,0.488471334245382,0.727554723870624,0.599904211592751,1.11839896980517,1.72979578141196,1.73759944603905,-0.693547914345743,1.88139467914151
-0.639572407563105,-0.156010906859494,1.04129494358314,0.923311012564926,1.13737214102821,0.135375499371489,0.416688062962038,0.655212736573434,0.941345872499605,-0.145178517031423,1.15724691564399,-0.464372381244077,0.102773500336674,0.269580627639476,0.620024866771462,0.106779238998343,0.856033387932109,-0.290861180467729
0.82625090535055,0.076865335909105,0.823753148631223,-0.808066573031914,0.452059321977913,0.865201926401332,0.0282617530563563,-0.140768970302868,-0.913200292266579,0.486400355233566,0.468216730939425,0.50614616270854,-0.299877148638921,1.37257081446397,-0.264982249060273,0.4758719263969,0.039968141900348,0.196827331234864
-0.238717118086484,-0.646856622732104,-0.295973573367779,0.778625156693773,1.21986972166319,0.720297101138992,-0.276534685557112,-0.161580649459983,-0.000177136275139995,-0.252989092276296,0.483991261315432,-0.998781772284588,-0.1042636873996,-0.133000509886756,0.489053478709016,0.779823431333196,-0.961043649452916,0.280881160961909
0.693018997266147,0.193302480222799,-0.565040627686647,0.15787078129135,-0.756621033858918,-1.0171270839282,-0.22873730723886,-0.261789983417725,1.48226261587099,-0.516870339271551,-0.00320869762911973,-0.406579041886099,-0.119349239941404,0.455539286946954,-0.0325270010423403,0.737873028801858,-0.224011038583389,-0.00970281649874521
-0.18769639172801,1.12244555062629,0.853977361993932,0.225069569548875,0.584827376227126,0.260237602685662,0.146160989965998,-0.73644047401971,1.02416428985046,-1.24483201744941,-0.288690710861613,-0.721790223938709,-0.870556610158615,-0.806825363149758,0.24629994665037,-0.839658851687482,-0.59426856158854,0.350502375952885
-0.892290468296754,-0.567071479798896,-0.484152680836043,0.618156949072863,-1.41274097810608,-1.00009744907848,0.149043598948857,-0.417153422135453,1.15597127370332,1.0497444767751,0.491753044670867,0.476936678370352,-0.194114100446601,-0.947140543090875,0.327153796664243,-0.93840363647277,0.356611020556858,-0.422470315984152
-1.81392319811808,1.08371812226052,0.257669187745462,0.00131512163250599,-0.0413339207416312,0.790129319430258,-1.57663140391049,0.627619005169768,-0.368954789711881,-0.631488261702655,-0.528655481686728,0.13244549506911,-0.116610195037214,0.194754351090914,0.00491144047831551,0.422258134426725,-0.264270801826726,-0.948891303609181
-0.439812321638129,-1.34689801892349,-0.722829211418834,-1.07516807733807,-1.31798844062517,0.256481592964789,-1.12933445859619,-0.327755299078945,-0.862271617902659,-0.977900538101375,-2.29939641963084,-0.535092764671186,-0.549042782848709,-1.63652029835413,-1.02784235453856,0.491944315797309,-1.5612660422501,-2.215874001053
0.102652453046995,-0.267078565883623,0.117055257438316,1.42975323288702,0.262639913501582,2.53270079575928,1.13710552529209,0.0875210824106725,-1.37320586711,1.05771872546659,-0.344831828597481,-0.142995742980198,0.285083453482498,-1.20375663405254,1.74181187696608,0.307806877385277,0.908900446789114,-0.0327439306656813
2.65649821537377,1.23393324448254,0.626288507117698,0.219563618486703,1.1673021225382,1.39846767184348,1.76446798273392,-0.0473942443862844,2.8932235771365,2.01892719436636,1.46699579709128,1.57717607757392,2.53658061443142,2.91337045311403,0.641363043628884,0.054191333020164,3.59069339528339,1.07438396937238
-1.41257917369663,-2.11142078139929,-0.839606068937713,-0.318811468668121,-0.450531903256437,-0.78797081150423,-1.21079976503573,-0.458607709684314,0.717906277824443,-0.762195490725816,-1.5248028880097,1.03984489240062,-0.61302117061621,0.254546140614738,-2.98353217053261,-0.819382314154322,-1.25964861219042,-1.97865306332216
-0.731373308438806,-0.291700903995984,-1.36455445490704,-0.843980437614253,-2.00188654937009,-1.16203813322998,-0.818531244933857,-1.07399384533822,-0.781626413740953,0.126713259937955,-0.625424122025122,-1.57945368838392,0.736107829507031,-0.645147885885954,-0.763602467202926,-0.62064739343977,-0.194424298464765,-0.566267037622405
1.82164600097914,0.2093158681124,1.40594537161085,-1.16794594772911,2.13066838920963,1.44650819158843,1.78308115359942,0.130972669225579,-0.707047502137132,1.06630611204921,1.91641074232244,1.51862853993499,0.437540790601765,1.91275161329952,0.439358128353157,1.34996777794167,1.623862965186,1.44440956758164
0.379666479313853,0.109765390221968,0.835132259660212,-0.778020664387895,-0.597396953437416,1.09280029375915,2.1692496144559,-1.15070116402188,-0.243921237772115,-0.96314966959487,1.04648213822255,-0.252718004154865,0.0274269701641135,-1.39246443035367,0.371815260902242,0.00799631693922265,0.0898862602967305,-0.658568727237601
-0.375632474003457,0.65273972295161,0.628217364600126,0.260894177054133,0.386327856815474,0.201447478006849,0.119317881399096,-2.40303199513077,-1.18691488518315,-0.512595579714579,-0.0762641010054968,-0.78947933151989,-0.673690237977821,-0.238376129034525,0.0769294301081929,-2.56044839466964,0.949687276952252,-0.366659460372617
-1.49821406663034,-0.5137019066128,-1.98211773455531,-0.97315965428334,-0.145272451281941,0.181926658121954,-0.972217137749686,0.70893551354599,-2.4085540894507,0.296354865807909,-1.45312479254326,-0.179133720130499,-0.030349416194392,-1.28012772545331,-1.34250227958396,-1.10577514820081,-0.933515981097874,-0.876009258017298
1.03348721301995,-0.531469606225935,1.84238574678781,-0.628203191937422,0.227902638443615,-0.211430174097678,1.09492753292736,1.45968005274802,0.864094655794046,0.499219079398792,-0.914793242646097,-0.761838287796608,0.00954739710998029,0.769705569843512,-1.06357057646866,-0.946760020216266,0.959597234895046,0.0134390932907998
-0.724035891843035,-0.262101162062765,-0.259730094924667,-0.828818151359196,-0.524582603190746,-0.921007048880618,0.16630850677659,-0.660336755439341,2.09241844751761,0.687767049351497,-1.78054036607963,0.26603606736176,0.876904997696207,-0.164034487272015,-0.487762444019817,0.631786786256748,-0.712092936135353,-1.16688650306908
-1.41910861734292,-1.27928359381569,-2.13153186375709,0.69534110196422,-0.207076691852611,-2.17119474554179,0.10556500342013,-1.43541662035886,-1.87633073911401,-0.235220115905699,-1.57160803216258,-1.57592602501562,-0.840762985855886,-2.13350003035369,0.308276408809987,0.54201994047396,-0.456409387470377,-1.54076460074967
-0.126251600920185,0.262715524029072,0.587264269780663,0.135543583704717,0.145644504396433,-1.44600743269307,-0.0815175492952706,-0.643739291382253,1.30897588861056,-0.102653792317236,-0.126984710630087,0.758520337505893,0.751107545690175,-0.646576819922632,-0.311189961878379,0.354534638205185,-0.277515620280127,-0.822389660031584
-0.814690934979608,-0.783572346902245,-1.09726506997921,0.055862926913942,0.650747194825801,-0.367325831837594,0.666490146476381,0.31950562351537,-0.27186894271378,0.93675845349637,0.734057972715674,-1.25577043098927,0.273565269297489,-0.56984366443235,0.10693705969467,-0.15845729102634,-0.0903185371948494,0.138520682560614
0.0693744780216594,-0.185418364550156,0.755724957046782,-2.39151886298379,-1.3983510180065,-0.11527303075778,-0.966560297652845,0.898834896015941,-0.0977118941619352,-0.883123174559765,0.121452583643756,0.26054514897493,-0.984161194545144,0.191382616127619,-0.606638110118354,-0.441839470738838,0.477998329676688,-1.34332443563328
-0.171111889825915,-1.23256770534176,-0.688447434636937,-0.755818111614238,1.21691517885348,-1.3984678011075,-1.11847506519486,0.0475474925502127,-1.10056704271487,-1.0359103884251,-2.01185675784748,0.315102362360816,-0.786954768728684,-1.68305473159733,-0.508682146998297,-0.440667631339502,0.198543665124918,-1.87532697556526
-0.336620805402877,-0.306502652620772,-0.063973035838542,-0.268029039479065,-1.37217015640851,0.0329774333993986,-0.273619967955593,0.812678410816432,-0.288804495884011,-0.639476826316279,-1.76333812223122,-0.296857819846552,-0.0749538437846902,-0.395377848057764,-0.552031022084893,0.991792634797054,-1.1032617239821,0.0528069074057892
0.0936372992557792,-1.31209852152441,-0.910166207386866,0.208677138013783,0.882143190569468,0.275061379462215,0.184107010293782,1.07220607282634,0.839470755120301,-0.396298305531284,0.203432542984858,-0.933008709732435,0.596319078373534,0.757942514843132,-0.110061792114307,1.41113358934592,0.166064867568991,-0.748445563057487
-0.88218312583427,-1.64193713025845,-0.867553045221729,-0.38597806372627,-1.1415069908566,-1.22085506451933,-0.876434397121043,-1.30989198160149,0.698643447953467,-1.41713001808863,-1.04770128647794,-0.943514209482143,-1.45414315454413,-0.455222087353599,-1.67203539834362,0.0107300450356327,-1.45084915588262,-2.04346576027075
-1.51026853188112,-0.495257268800882,0.279662291174821,-0.0921593848328117,1.15193039177015,1.37581339156166,1.2498445093997,0.419522232318273,0.347959984793913,1.55799980714168,0.0222529453850567,1.57317184854011,-0.146937999798906,1.36261243192722,1.8217787136012,1.11464402786946,0.453016124889378,1.04802883230096
-1.68788736154316,-2.01095606110469,-1.08773205045581,-0.977639142822062,-2.16598136615477,-1.7021174852277,-1.18246723710708,-3.33658035796111,-1.12572388928142,-3.15040628644083,-1.72217352603788,0.33797337461899,0.125899326138574,-1.71572725073267,-3.17888276779996,-3.47605856081813,-1.52375115087213,-1.40164333134507
2.18020616080861,2.03324460076322,0.656463258482682,0.342648766816449,0.0937401125401893,0.196705148546359,1.29826799389001,0.0392185789020954,1.68138936898203,2.08124152741552,0.50629606882127,0.593461740169069,0.153182356738081,2.05711183520417,0.719399968978314,1.19143963100191,0.37689690798186,1.90794492675714
0.62349675061875,0.623527936698613,-0.0689443246341794,-0.927052253258093,-0.48525842341255,-0.00556429418758697,0.811113266296394,0.307284663366471,-0.393361754060727,0.338525004674654,-0.245518162013518,-0.438570572603707,0.996760009160033,-0.0737564473087742,-0.0603200949307703,0.742829704172723,-0.263626400198887,-0.79488553778659
-0.307405705424008,0.615602563359063,-0.0339114702939358,0.782450317210994,-0.855912488617918,-0.420980627054928,0.607523723084871,-0.21800754218735,-0.321190020439211,-0.133375094309983,-0.0249478359263258,-0.0194731810325996,-0.641859634783287,-1.2669083809571,-1.05068044838042,-0.15235840653331,0.292928451269761,-1.53686899919231
-0.601566929918794,0.232903024723865,0.93476978046582,0.238939516158758,0.169574690471083,0.650880772971287,-0.655135658650184,-0.656542181570267,0.199721207145286,-0.0452717820248699,-0.414120960269655,-0.351475007019318,0.356590434857493,-0.0770848858492497,-0.580580751064163,0.00535484257895344,0.201688092523913,-0.337082447934696
0.408402655704663,0.95444177539524,0.760142877663285,0.255481270085992,1.31453007171851,0.781892521475851,1.03746122356534,0.629752774192504,0.507430299024065,1.2495238899133,1.47482120273902,0.808383677999977,1.43979926892216,1.72662612467384,0.554465882864875,0.988586690383388,0.981811999202234,0.980785195078275
-0.305623155497598,1.388756746422,1.53775630656964,-0.759741947485497,0.531733112166212,1.07022516140983,0.785472246306646,1.38722401790064,2.10742277278389,0.507095836333695,1.1131373531242,1.44754107485622,0.257481754328164,0.911840080245869,2.40663089975615,0.281120754967599,1.87060832651908,0.279774382005211
-0.198993203074525,-0.238223462267008,-0.84981290583061,1.7018936593446,-0.20152637623287,1.85869502754215,-0.274406632457971,1.11313931753854,-1.11634559247116,-0.437290615419367,-0.333031075960666,0.601325395695773,1.32922153775377,0.203704470605792,-0.51448089820625,-0.0300127040178724,0.71558377184699,0.162698259195736
-0.396252324207515,-0.130279141040686,0.218605484091709,0.614539008274251,-0.586858453168024,-0.050893711708828,0.387363737588472,-0.180803632120478,0.219904699247446,-0.52866816538489,-0.384572080344913,0.338719844141825,1.87135655248034,-0.176342994827157,-1.00284697817119,-0.781937517431532,0.084695364182036,-0.333052362922537
0.667665541444322,0.443721686141877,-0.784082849968735,0.385496876788839,0.833177928479157,0.236427633915242,1.58987352272394,1.10690273802106,1.2995293946576,0.563591162241095,0.0498812687692701,1.45907193945132,0.402156107649393,1.27777464661848,0.25516816793856,0.140138039159601,0.877865967509783,1.54513510624418
-1.74398280760675,-1.49505018028951,0.0609409005037227,0.225555770634013,0.760665775667388,-0.020481290845822,1.40438647345912,1.10101993289127,1.75468816971129,0.000634970482160033,-0.0378127226652313,-0.148750190932819,1.67185466870556,-1.27406533862457,-0.447534641453934,-0.0184262521622246,-1.07904323641578,1.17192719658314
-1.5569612016906,-1.08344204288252,-2.30307043958385,0.311957215027509,0.286115548326955,-1.52026022689881,-2.01928228303981,0.49229995065451,-1.64382716874329,-1.90725966726268,-0.481912813329393,-2.47540366547881,-2.73576052736622,-1.46390863715572,-0.764683119289672,-1.59977048119896,-1.17729691093674,-1.43817739884497
0.415105737094478,-0.623138324476405,-1.24384476386505,0.931977320786252,0.614730059846828,-0.63176795866104,-0.660607729316399,0.0926641823529571,-1.8696733859423,0.979716280085491,-0.233518298762608,-0.138013680188786,-0.145976578150042,-0.766651943748241,0.11339676030414,0.366509647551339,-0.00181517629049749,-0.447279025514832
-0.242893387606156,-0.458241686193365,0.781862124691946,0.801201369969146,-0.258051365183546,-1.16682670471591,-0.50312416042299,-0.042447670882327,1.10347929822409,0.108150871200159,-0.691641759597169,0.251221879695628,-0.235805527589552,0.763404223482239,-0.426232004187571,0.686622429063769,0.0582831456734552,0.00205026557405399
1.72312856765459,0.439499790794629,1.0758687987988,2.59639882203518,2.66770095954201,1.54227801225991,0.901743206541058,1.87886251702176,1.06123871382894,1.64796429121228,1.27217530259338,0.901891701173667,0.336249233509424,0.658206866959545,3.38183849221805,1.56165462868023,1.43543766279773,1.59849499857247
0.166972683746259,0.14074564485767,-0.0941005002467729,0.0456799950398526,0.798954623476153,-0.131317070453388,0.358995727847361,-0.230229171513428,0.717697347040668,-0.50258855559772,0.527942625750505,0.296054743385178,-0.489641191484543,-0.173837975695014,0.797050936693969,0.71967743481009,0.396025335761167,-0.326621833810601
-0.013509041365485,-1.30717065406759,-0.769023025264112,-0.629699024137921,0.799794128918286,-1.71112775782841,-1.09987713894014,-1.18655775355826,-1.10960340992428,-0.425587030472977,-0.150350149479856,-1.65041163456592,-0.167521155427252,-1.62501654875114,0.755538289330097,-0.145602332060978,-0.937583819671769,-0.0671331543674851
-1.66640371210159,-0.939467579565923,-1.26534029872464,-1.27053522694874,-0.71734742023608,0.593643682856807,-0.379207582835996,-2.39296586866299,1.07486045910482,-1.3812646631761,0.336909025598764,-0.933993949063194,0.0776976625717218,-1.27998391345791,-0.63783629314345,0.00653901187642966,-0.378250403575629,-0.922964195672557
0.309046861788847,0.405125225486023,0.960218141524603,1.74980161924996,0.320856458472577,-1.10029384087704,0.968707350580749,-0.0685272189196317,0.152068648272325,1.63668230045255,-0.223448545427655,-0.135748986307859,-1.32282814831608,0.193089309702816,1.1192163805624,-1.1581076380462,0.326550069802482,1.480842720385
-0.333396896609655,0.602233000589082,-0.639023472174672,-1.43076564289647,-0.333339902708794,-0.301094498115683,0.23133858136452,0.533873945647661,-0.0136189483011097,-0.63833186242591,-0.644759877739349,-0.563075525341689,0.299569930770506,-0.543402443665135,-0.130954643927132,-1.60630754501049,0.900567903938558,-0.867953569719939
0.493036994498773,0.108311607361207,0.274470932593301,-0.0269713685455457,0.448712558435435,-0.744181918950804,0.356067563665638,-0.0414277764962786,-1.74133081585759,-1.70006456666041,0.965009575109231,1.50631121127844,0.301007239193939,0.0115623161519808,-1.20263413362723,-0.918427488035964,-0.468825493801596,0.117132800259686
0.317662375318325,-0.748698889455117,0.177330740169901,-1.48641436674696,1.21562080809563,0.782785425197686,-3.07627530315524,0.798904184916828,-1.83348690529309,0.924609188015506,-0.96130419288779,-0.478099244773053,0.13237370333771,-0.547784684722022,-0.472629760829119,-0.728014233117552,-1.00634868395066,-0.367021735311543
1.21484754182816,1.62533676689081,-0.0403927890247692,-1.94777511613339,-0.285766518908992,1.37868455490261,-0.979384720850498,1.52327676919051,0.0702042177476395,-0.0242378846083682,1.37401800025063,-0.987516993132164,0.109028406554325,-0.601233077359881,2.09462698596296,1.338998633326,-0.362932172934527,0.249346608206715
-0.508984642600578,-0.910133372195173,-0.208778302671437,-0.976858191485179,-0.993003708089908,-1.22150825334144,-0.559806451464933,-1.37970103060574,0.480547171383173,-1.29135906373884,-1.13081171849285,-1.13414814850358,-0.08144614160881,-2.12563366510554,-1.7201041662489,-1.23486509087649,-1.00320911551053,-0.801646184953535
0.0702599640041293,-1.10730969321569,-0.114884978920601,-1.48580495931638,-0.184456004164839,0.593475758572154,0.207981057537701,0.577328089899149,-0.771393562353616,0.572296863920697,-0.103351769869659,-0.163908170020433,-1.25626111443244,0.581579779057738,0.164722389166071,-0.564443510207999,0.296132896535591,0.485492217104597
0.203431856415009,0.766694942183911,-1.06137805408438,0.82971451038978,-2.16550925316797,-1.65315656783223,-1.21957318510954,0.838447789624852,-0.312380373157358,0.270778548458941,-0.619863308610123,0.39700926012362,0.608298612330236,-1.03868859306333,-0.758357672081569,-0.663854552183264,-0.159762443426297,0.292461502649651
-1.16126253400272,0.635464534288437,0.963675365858981,1.96206710252339,-1.83281361051317,-1.1615388967867,-1.78072217610719,0.304566405030265,-1.75923217881204,-1.08202674333726,-2.13493636714653,-1.09410394006497,0.172470237617599,-0.483805502657154,-2.10524855629676,-1.04102316938577,-0.572858937954622,-0.769438432605612
-0.278170028857153,-0.826220923684499,-1.61027139629811,0.807219395991185,-0.697422482620443,-1.95490120786975,-2.31545327533839,-1.7262069746358,-0.268442052340177,-1.03991169629436,-0.698996674342734,-1.45216545828898,-0.0901618534169693,-0.616694122172353,-1.50566957157802,-1.01998389276332,-0.845802172214731,-1.15964611206238
1.38237633988292,1.10699935525734,1.94440664627273,1.91686431811513,-1.7923769168867,1.04007053040521,1.93122944431718,2.7094802623887,0.658951490068546,1.88364374436414,1.34466171178431,2.20228125410609,0.182911137465107,2.72332433999029,1.92445729185192,1.29465804916092,1.16347135903496,1.88535930980328
-0.446096531469368,-0.110791885339465,-0.376779324599703,0.0525132756418927,-0.922622117240095,-1.87101378679915,-0.212825806993738,-0.202021639620514,-0.0990990194969373,-0.712012783018191,-0.69227858515406,0.36748762212592,-1.3281680852792,-1.2743623682266,0.303440176554998,-0.711516300563565,-1.47868885319409,-0.602711417249842
0.975062563967396,-0.649722221358201,0.794205375633152,0.527519038661659,1.48847789563509,0.0320766043717706,0.274688581739677,-1.4711467286564,-0.0807892770757548,0.69594299299958,-0.473119059350977,-0.398949142959309,-1.04823749424498,0.0358951579236631,-0.429401116422992,1.16617136306624,-0.463664188302429,0.204165018977633
-0.916728050033917,0.0741833676895538,-0.322172639768671,-0.468588423255959,-0.202253449012275,0.106024801335969,-1.63791028110628,-1.23079533936332,-2.25373449768183,-1.70545337349863,-1.96617094683823,-1.93164596986756,-1.70340713284727,-1.83135553066635,-0.421072160140147,-1.61183972193545,-2.02741562882764,-0.907003436151707
-1.74679577696591,1.11277423329499,-1.67764210519765,-0.201786375548741,0.672033667283206,-0.401046883624332,-1.88073948781127,0.541612762746274,-0.556090027985792,-1.4677150726054,-0.31954287511439,-0.219074497245155,-0.454446724288096,0.729945494038969,-1.43118682319756,-0.480324582725394,0.0543368370770741,-0.927562329689266
-0.210066726211454,-1.82875750887024,-0.034672145428412,0.0239519814722268,-0.473613295944126,-0.391959684561461,-1.3826357946603,-1.48894203882495,-0.112829077335012,-0.916230114829884,-0.656798980841761,-0.500036772495179,-0.00512643441628869,-1.65819619514593,-1.74575893037367,-1.40203921734731,-1.54431249594147,-0.475526393607049
0.937172318911083,1.39659305198523,1.38890895787076,1.88964871579556,1.27724970971317,0.0265609813187294,0.295597604595386,2.52329635263673,1.02838156048891,1.17206620607262,1.45890725737082,1.96832002590924,-0.184304982425376,0.589364916168008,1.4631008702262,0.809854168032836,1.76650598194327,1.30959553041649
1.06954039791028,1.66697441698313,0.837555725828488,0.537861919524221,0.47815748701458,1.43710000348192,2.205809467763,0.393714677146828,0.191704266036354,0.298477016536915,1.48368758670941,1.01726854243735,1.07095908315916,0.567529112821839,0.989700096898591,1.07808362625396,0.844588891891996,0.887721622813925
2.31120377879398,0.541219786583631,1.20136347792384,3.61713775406916,0.903811416357143,0.205442096909651,-0.486328333280549,1.32679235990895,0.52311475731336,0.524984525225421,1.47380573882369,1.17734003536548,0.475864905678939,1.7935486704816,-0.0485559261521813,0.670737394831201,1.33941689154963,-0.00517854871431522
0.015646255467025,1.12582698289604,-0.34096947911898,0.247574074850895,1.21578085032166,-0.56635865822336,0.377311859908389,1.7977983834099,-0.141305227778781,-1.27371521610823,-0.88506916785026,-0.172673094151096,-1.34330252607439,0.542082258799387,-1.77516193138449,0.189538509228057,0.256642828357017,0.331785024005588
0.300613162701184,-0.727889293902163,0.858958497948595,-0.640520215787354,1.21434752560619,1.09259236173472,0.281084778559062,-0.222707162523001,1.02283861186213,0.466862549470331,1.25908656716116,1.05642770072127,-0.551060021700316,0.915136255145795,0.959711653330981,1.87324192639082,-1.11898581881727,1.6077304701109
2.87760310256433,2.0320492565337,2.08542380815332,1.8749384355516,-0.0459496035828154,-0.623290962701427,0.440219822227523,0.679869913295822,0.293850989905089,1.89976630642001,0.00978024491904117,0.231081257368095,-0.374076312323504,1.57094719962546,0.742387273982994,1.44489847016494,0.917884266598376,0.710380057417151
-0.25840504855772,-0.405059425861609,-1.01747203374396,-2.00616876034259,-1.94357040541274,-0.506173737743626,0.466053589560919,-0.602000340903406,-0.390196336069641,-1.55291666775349,-0.281085782855547,1.0862575515418,-0.595181387496302,-0.640186217120388,-0.549312623153767,-1.62839301694424,-0.395074547706653,-0.378196304723059
0.771461537737682,0.476816964587368,-1.57881327995677,0.318888106485751,0.890409837227159,-0.147120896666391,2.90889647656993,0.571110102039934,0.468026604007009,1.09788968399457,0.393932074544056,0.718422713314645,-0.136325028537861,0.734478935584549,0.386939598338098,0.852996828035811,0.291094059157064,0.683930395311739
0.228077985035712,-0.543117058533039,-1.10442363559284,0.177788813308407,-0.694325481178507,-0.67316664741671,0.350582392770963,-0.371740142065387,-0.100088138678143,-0.683888907909889,-0.819962001655541,-1.89986805575218,-2.04143078582378,0.483071359525012,-0.0449866005467335,-0.830273361633439,-0.705198582493452,-0.0805743167435862
0.209568261713778,0.837165707265737,0.124748340363761,1.75917234292489,0.563166219168207,0.536589235143745,1.00960095170654,0.111908280974887,0.0660334646745402,0.302299953953909,1.60744565155465,0.605499144216316,0.993401655474647,1.83024324992273,-0.367674982158414,0.612333415185504,1.65712966462699,0.380416435579186
-0.469537422335954,0.113270549809568,-0.268941973053863,0.865527231543552,-0.280050355580762,0.241180268696713,0.227850917062662,1.05949431221695,-0.233945463617247,0.139076820510503,1.00896478537548,-0.293512865989919,1.11920910987969,0.990324964921401,0.985392198904784,1.70372146474939,0.310663000999206,0.968252772046937
0.887706251660221,0.326113782455106,0.213052353539083,0.170900520386076,-1.37697477351388,-0.858300369134228,1.12553620487003,0.239270002109982,0.628958099915701,0.321849725033148,1.03136407170316,1.03988127646025,0.48408001596398,-0.489459900235418,-0.052383809019893,0.0699103227229228,-1.32010647404287,2.51205826860193
0.21178215664464,-0.595073085919405,0.925949596328183,0.936798137428929,-0.028557570416914,0.946832008202294,-1.60155734215826,0.221537774642499,-0.293762576472209,1.37537402606889,-0.821536210654,0.124160574712234,1.23026749977698,0.751464093090532,-0.962628927522045,0.146745781429519,1.06123679205705,-0.375515307711997
0.225143025871028,1.20673413207813,0.431388424150727,1.30099339941028,-0.120452247513031,1.28620461224733,1.23451287043447,-2.41835226954102,-0.00317520793486508,-1.52030613646009,0.634980972897536,-0.841803920894967,-0.0859745096394709,1.62832000219551,0.803654861315087,0.704409562348785,-0.875847552889671,0.784629125493123
0.591703770577577,0.674926110980706,-0.131164514098828,1.09649702078164,-0.515410697199781,0.408421001151994,0.9770672865311,0.065061068900273,2.79949929446466,0.55934971171673,-0.0745918088306987,-0.494009451004896,-0.0895458157658683,-0.269128424755362,0.673444092097498,-0.120544057321951,2.12915067604017,-0.777238867914217
-0.303426035320175,0.930332901244336,0.229538008382507,-1.65261716243398,1.3029762073296,0.779033841545312,-0.602372227032015,-0.179718982379999,0.168128614505215,-0.287962650121528,-0.0755081823855706,0.562253312176184,0.618221372037737,-0.58054625036122,-0.0115351913658658,-0.122769440897816,0.392745382185475,-0.994298198157345
-1.06314040938086,0.00730587278845889,-0.15964587458182,0.101775242535933,1.23609111640232,1.16026064084652,0.662845517839099,0.204242396654101,1.3237640209223,1.368652204042,-0.0352645717016638,0.79174621922111,1.15207378830076,-0.31316471638802,1.2772464087515,-0.59280913795555,-0.270202872327411,1.88597668029958
-0.512232193506575,-1.02660601679267,-2.36388860193493,0.646844424893495,-1.3411794237569,2.09938094602338,-0.124452150734154,0.670153346749434,-0.996767350185085,1.13227325999072,0.258753220384525,0.632851354164203,3.87610668897384,-0.252526164828072,-2.07087919368008,-0.552954779729414,0.180972919411822,0.429593051180916
0.657915617589118,0.922515697392586,0.876217080796728,0.548537071519471,0.537969636691724,0.084948052838938,1.5995497560792,-0.532919760068013,1.21415484182814,1.18485121391517,0.351986045303865,0.353502365409184,-0.472814930482442,1.34573150946502,1.01391270777058,1.74447557066205,0.573506115215217,0.474712606649451
-0.417177922223593,-0.0774094760757966,0.880658239236048,-0.402290488901984,-2.02115323482242,-0.687326208573556,0.185834076163348,-0.460786031691807,-0.216047927724703,-0.436993471395753,-0.493527299317123,-0.271811895494519,0.0975529765270191,-1.20117911290397,-0.506881719471148,0.786813028972648,-1.28043358887805,-0.389537553893563
-0.21627899726198,-1.1846464461627,-0.0116987270775263,-0.562170585825589,-0.82516653617713,0.273180134251143,0.0568761452140439,-1.01274044856872,0.275446125477538,-0.712006837056835,-0.732275475749039,-1.69799396660416,-1.76599395037474,0.415436415774027,-0.47236050744949,-0.768448080358944,-0.756268336837772,0.264874557665207
-0.0570044361837589,-1.04478441470679,0.143240304780672,-1.16762391340674,-1.02526806106066,-0.4490878594825,0.488914974416916,-0.637439471570185,-0.975282923016713,-0.143923422037779,-0.309311576046904,-0.0674423677305941,0.402347651275001,0.0111847233435231,-1.62617540299403,0.271561166168699,-1.94967841607152,0.0590965035955373
-0.844016529582343,-0.560363056586648,-1.90413251411593,1.31932282316659,-1.06081633497706,-1.00787912186998,-0.97137747256123,-1.38915569186708,-0.5623332973362,-1.96365785911298,-0.000430760697636416,-2.4330040535562,-0.887414263675174,-2.17475332383093,-0.613618630949826,0.247280942637652,-2.64238012560601,-0.833295878843038
-0.183752224421712,-0.00886420038945962,-1.13378227608583,-1.15741414670606,-0.0977567757211256,0.213729279664543,-1.21040301810398,-0.835591268090988,0.277111615116483,-0.869919381415396,-1.45472706473493,0.0350036086596971,-0.808334074069797,-0.898212276350807,0.2231058804435,-0.892199176317359,-0.893188314023059,-0.127232801791102
1.3666206455485,0.951856237101417,1.20881316139181,1.54705271783298,1.67577041347136,0.617441435744145,2.86472589109258,0.2979212935512,1.77997671710819,1.0461967639813,2.12018802912856,1.23518982187868,-0.366661636298474,1.67965961240919,1.52187112105912,3.08404541846447,1.08495293386195,1.6403060465861
0.502141097043766,0.791873310480658,1.33354365087664,1.03412783086942,0.535233162991905,0.283221125914542,0.421235353521977,1.3325605098063,0.306423755274668,1.14676501290727,0.278726472159761,-0.0751906817892599,0.363293768430963,0.552728504804744,1.250053067266,0.209312693268975,0.875207544538725,0.73683545082237
0.757616311311646,-0.868971656787328,1.0773739077603,0.327386744587241,0.0276432852048481,0.752779878741406,0.520521999478631,0.834585857685009,-0.192463263815433,-0.894147359233274,-0.0141653822380718,0.478049100443243,-0.730065225427432,0.434407251182076,-0.506964376795111,0.45037916247857,-0.518183094360348,0.205409452781039
1.12501972610497,0.14326274507555,-0.612716434197495,0.964546946255899,-0.501424198554249,-0.340190459055375,0.511786370352087,1.66944795536334,0.235265762792861,0.352813886560173,0.532583445102235,0.70665410317554,-0.656954000406222,0.523909777823865,0.932231175598346,0.14909386077399,0.762566430832635,0.0050657531121106
0.668369140101403,0.496442293561683,-0.263726523345375,1.53385914764159,-0.128877302198496,0.352543203698293,-0.425580236285455,1.80113430864006,-0.568202518729591,-0.0207103489530986,0.3370941783753,0.619381577943098,2.00996604327423,0.214850226241028,-0.00301197289827665,-0.541848004018597,0.478437046603211,1.3250921176788
0.0645345940787318,-0.696510039904629,-1.58812149536718,1.37743657806778,0.479326377702477,0.0373163505088193,-0.402510052931917,0.974194039656973,-0.628793594095834,0.0747460630933703,1.58508911100691,0.231047397379275,-0.981629514858643,0.36658368270218,1.68249340274933,0.291268360823354,1.10296877148256,-0.310241298571108
-0.37937391707313,0.0374003282468778,-1.54673630796348,0.616884024344323,1.2985770413771,-0.385344837655646,-0.360860230535392,-0.314307570526876,0.490474891831967,-0.296357436273319,-0.601864461701166,-0.00459322919324875,-1.89090163355787,0.0485828519553353,0.777461040343745,0.801893283982304,-0.415638031945565,-0.787780950139714
-0.20619144762262,-0.0129102657483143,0.872188861676723,2.6713362883987,1.40848573634516,0.277914629714729,1.12183244102366,-1.46698755191274,-0.338199252197802,0.457381705098253,0.846591677731469,0.799909428295307,0.818608448514978,0.146842918043282,-0.0204267583429031,0.0849219666577378,0.774078102404912,-0.626961951199206
0.338320628748072,1.1775923028895,-0.572070752650538,0.103525467768173,0.588641349590393,1.18679073271577,-0.45893040580336,2.46874491608463,1.22099013804609,0.620234446703452,0.314782320891139,0.290171551239469,0.807304907492143,0.488532015481753,2.05443228871222,-0.390987942488601,0.175797052044904,1.76687006321332
0.496082616704039,0.215881387581119,-1.39332844336647,-0.371958945326512,0.124734507832214,0.440530394184885,-0.29117371233661,0.164278533784459,-0.836091580272581,0.617034431623983,1.09057605030728,1.05473821939777,0.456272891922254,0.17369639309489,-1.04942506183204,-0.256150982014549,1.70442629978027,-0.536554302588766
0.305372038607933,0.646800432935191,0.893765504494075,1.06860894776808,-0.0189600842947365,0.154157197324127,1.21334542664503,1.02140741279357,-0.715248633126045,0.398934886517911,1.26111933721175,0.100831927070326,0.237325133837471,1.08790352353949,0.321896013388705,0.022837677790181,0.166921344521163,0.870661435669014
-1.44591121140089,-0.289874189569959,0.345712867745102,-1.4531736294997,1.5779174442697,1.32268871354979,-0.274131204740074,-1.16861745318221,0.459495571252165,-0.338667706969006,-0.931179501227144,-0.266971901139847,-1.5520529653341,-0.0683090100487677,0.77553135731906,0.186851891689372,-0.181187164176376,-0.0137219600798478
-0.1608640048143,-0.302602702005275,0.0788413770080416,1.75896653592366,0.843303484771857,-0.250885055091807,-2.02537681492167,-0.577678995920082,-0.912688701553582,-0.215025650484132,0.700775092665431,-1.81444233929805,-0.814222609305745,0.260331186251003,-0.249994573084635,-0.102591474938795,0.710433291229115,-0.540626690747371
-0.12083301123569,0.649830853961137,0.94988310114244,2.33980821577691,1.9129762986917,1.34919935396101,-0.495155094652996,-0.185659004826534,-0.53886782762768,0.536667831543876,0.687156927272862,0.169321794996532,-0.381509281160517,0.10870022222192,0.70021831893636,-0.220121416204775,0.776633703989269,0.308626898984243
-1.18184984610938,-1.30244822880542,-2.53811671776254,0.742032083759378,0.644838826393162,-0.981107473594691,-2.42754004960559,-0.457851393977689,-1.86756833607412,-1.78428574076402,0.418955472329387,-0.130572818093461,-0.526002356140995,-2.1570160017582,-0.494419028606165,-1.089446490169,-1.10535357076554,-2.08353542986598
1.46177801550553,1.32624309323459,0.494150651877284,1.40637800718468,0.2709391989659,0.430445884571777,0.128569837355464,0.444526642701089,-1.52724885991373,1.1904995223091,-1.66159498394589,0.479524991321682,0.381377221491117,0.584624027347985,0.511380355897741,-0.921858871143259,1.70749160881558,-0.0632153903873847
2.1274395052722,2.1903922216309,-0.215664241412748,3.53120342691578,1.66656789760599,-0.175676820155139,1.48604630642105,0.861550167515091,1.03637186324364,1.65802479508137,0.875645773478723,0.972214029748465,1.47681917858144,1.87736117099788,-0.201254270564294,1.31201850330161,1.10306176255509,0.995539394644622
0.291248211237987,1.5268073874513,-0.808334576520208,-0.131164516960868,1.16192592389167,0.0303047465743546,2.61691408703328,0.71652232368022,1.43388225327348,0.478108377978979,0.36957296147635,-0.397926183738356,1.5384458089291,0.302804983229633,-0.178597094693216,-0.240767019674233,0.859401408035097,1.43937133126103
0.813951077750608,1.362374483972,0.908597445420935,-0.491655977048933,-0.245704255765334,1.48824028362479,1.18927073391894,1.9649827294011,0.123299028816366,0.696022141337371,0.672480677149018,-0.675938404921455,1.49620960285124,1.07145416386704,0.760520237081019,1.01241468782203,1.93410890364059,0.734397597038297
-0.333126832727156,-0.746852405404894,0.100865756031276,0.496330037258087,0.902565102785715,0.483424882476003,-0.0514672459127438,0.0983116143054577,1.54283814066181,-1.00793792511114,0.187183902998295,-0.374591595591351,1.19399462406879,0.412513000803606,-0.444568272367898,0.595802577574699,-0.674795393784885,0.679316292040868
0.511185881575495,0.295584239980772,0.739984721661323,0.172864080408262,1.99924493924039,1.35169658126558,1.16814111967026,1.85426761473571,0.601108457177364,1.55753196741618,1.83962820242942,2.56360264446318,1.17433954540993,1.46056814268669,0.923158973328793,1.60000439349578,1.6293749475241,0.686870927132878
-1.24546744410559,-0.905482571380036,-1.50152868138828,-1.10258350281475,-0.315932690430177,-0.886040214295657,-0.880192213667146,0.386357096331577,-0.0194724339699872,-1.4350100411347,-2.42346725423709,0.0699611729593838,1.13727646565601,-2.28150442707901,-1.59785951385691,-0.489565429096558,-1.74226085907,-1.47986696629649
1.63462419481843,2.16228323998704,2.26083950313906,-2.13163403484332,0.32961544165874,-0.0700701640784442,0.352400087366044,0.0396275261126266,0.608538419158788,0.751831008157438,1.62722705423635,0.286276717789597,1.52870085461899,1.84599389160304,-0.00274759235312301,-0.0214367740742701,0.776942651089879,1.04910379889928
-1.81654224449036,-0.374414017371623,-1.47019298574612,-1.64761422857718,-0.928320974760373,-0.263946757878937,0.442801618535313,-0.44897467364159,-0.253806511162828,-1.2378674700957,-0.746674736015575,-1.19265173819436,-1.14145482540907,-0.559312539664637,-1.12045624671966,-0.665291449535029,-1.51784787376171,-0.876544545433556
-2.03411048212668,-2.14427448741765,-2.32391732155569,-1.27433906135163,-0.735551054819522,-1.70008152288998,-2.18525886084318,-1.29854046992806,-2.813494325068,-1.42397034014471,-2.08332625706492,-1.42051527767361,-2.00477583296721,-2.53593782886767,-2.15766438080171,-2.91458867097623,-1.87639327827682,-1.85673047154704
0.685789068135651,-0.908373837098276,-0.486214846006692,0.874339637286788,-0.126593485745516,0.738849144178996,0.222347015927663,0.524538428053029,0.499533178124938,0.272863813941792,-0.489648697824609,0.244950145184751,0.416108933386315,1.22467916167097,0.0687093869067664,0.808759515405257,-0.985337545061944,1.20421710844038
1.53466104368543,1.68517321131086,0.927393307252942,-0.558340425724215,-0.572003447067743,-0.503775903466742,1.41531127799342,-0.97328577923676,0.868487300405465,0.26596999393862,0.842774399013202,-1.58391673495784,-0.320010430126162,1.42727264078759,-0.77110331065134,-0.0175999163886151,0.460948785825994,0.308699932353302
-1.15188969402053,-0.429183610055357,0.53472290352698,-0.238333383256393,-0.326100104638908,-0.842202489110287,0.314846528342419,0.630802135199875,-0.332524295026222,0.606781398393119,-1.32355233689472,-0.66623850019558,0.122968300693639,0.542088825362538,-1.01440689382735,-0.818820537285642,0.224243052276547,0.0115081082797358
1.03930071991941,0.547952137128804,0.850163245904576,-0.669261168433481,1.64407517169855,0.960297086240094,1.00747336735292,0.656079240629831,0.729824699854956,0.993906357114776,2.54556431887425,1.02502844071509,-0.0518583425718814,1.82033355029145,-0.0195711844787244,1.53013508301693,-0.630500969719637,1.38469863989769
0.769198880655571,0.800816575595515,0.617490572577564,-0.931294078480847,-2.18953948998211,-0.157690131467733,1.16408608645296,0.280911523598605,-1.05874142913152,0.735774041894872,-0.0588710371146877,-1.37781352570952,-0.371019374179124,-0.813814950885914,0.845630992170403,1.04392698647089,-1.61515411683494,0.679590095313635
-1.03707781920812,-0.445982343532034,-0.400273315177393,0.869354244250195,1.47997014583137,-0.0214874321392535,-1.4020261113504,1.81059349352105,0.585050906303692,-0.209318898192047,-0.0753720117933186,0.969050059043789,0.924449726877469,-0.449087689715169,0.396698592577924,1.28925951707595,-0.889861760724759,0.447926455916187
-0.286749563772048,-1.19940915351737,0.244310311354649,-0.611525299449525,-0.883369994308708,0.396464958888825,0.798372030446857,-0.616792295709402,-0.652087576558844,0.12692486028637,-0.362658516365353,0.775460599291628,0.178080077178052,-0.0766799425169515,-0.611413303348288,1.14690601762375,0.00473131418257483,-0.338423569039482
-2.30240820659268,0.308019664431858,-0.93212706728238,0.499979067887628,-0.524650367457368,-0.879939233184676,-0.636525968370454,-2.189459656127,0.325681757696766,-1.20605373495279,-0.980847949671638,-1.25413195386458,-0.668344535233474,-1.43210715494321,-0.00144296784749393,-1.46518470197281,-0.38873455593866,-1.26967938070196
-0.568347608570808,-0.389450615487511,-0.528037762003284,0.411785498699778,0.88624265084803,1.45152695758046,1.06871902730419,-0.285142306779568,1.57398959194427,0.371462675095902,2.17223486833114,0.778580278320451,0.842509308829269,-0.081642004292268,1.60372441631214,0.449249387373039,0.266720986820758,1.53167626870683
-1.78830092192693,-0.166404621810112,-1.00083235903016,-0.0386693354801501,0.663034735249897,0.293047608409624,0.405046325218611,0.149338319374478,1.39129492458364,0.456023812056787,0.00271576556686644,0.942518041250031,-0.727261171785021,0.920318407931474,0.720575659204437,-1.1225355649115,2.04004463579392,0.718789229738879
0.275207234868735,0.617599923062012,0.543445546853776,0.947707967584885,-0.343261756327029,-0.457690338277033,0.994178511220702,-1.76740803427846,0.920189589464778,-0.622768447890629,-0.80029568046418,-0.126218296249012,0.838426708027944,0.0686389218848872,-0.341858567209303,-0.853474267725241,0.609642522675901,0.567660361537619
1.10381169024209,1.63249835467072,2.22637056985665,-0.0699441135637417,-0.214760942569746,0.315480924448459,0.592017754145178,-0.728269532753911,0.800786083020312,1.61966359089397,0.664931642650665,0.652069078848218,0.708410497368415,1.35509325040609,0.297529753596561,1.85401202372242,0.167226451299662,1.05425099103521
-0.945196147332831,-0.523919051815684,-0.935479493362577,0.196080417276256,0.326977256228662,2.06119178038333,-0.747235405008539,0.845578194860248,-1.6423082420928,-0.786518435159885,1.10648966183404,0.282989713661548,2.20479115290036,0.3592366248848,-1.43968299273557,-0.485530265242551,-0.712672961003906,0.699636705505306
-1.82424678099951,-0.83049029983525,-0.632720787369173,-1.0295932493532,-0.220071618434302,-0.766895522459581,-0.193917786115951,-1.07682990330528,0.00515429147849757,-0.178309134364751,-1.29153571389218,-2.06221868869065,-1.59997170933311,-0.966889839532672,-0.222884753270246,-2.79962660462848,0.261679711098013,0.143694432707942
0.291632064202592,1.09548888704416,0.385881585997577,0.929491928094967,-0.989046568750645,-1.971054888768,-0.793574694513455,-0.39849752361602,0.971108225564356,-0.17230803927909,-1.00191249676562,-0.289130014960474,-0.506795092200106,-0.963987851714919,-0.37147751720524,-0.178460761344948,-1.1189041888793,-0.24111872736116
0.438565709202262,-1.02619899868598,-0.042004831574314,0.326028917580417,-1.01699906225449,-1.11021198673015,-1.92343568253394,-3.22286982049458,-0.259422795142245,-0.974632124098545,-1.62420630567142,-1.79141878249955,0.290165663512383,-1.31759730778053,-1.01915512167624,-2.47340014768518,0.0691005986024504,-1.30675141298691
0.717898491131893,0.64711827145129,0.12212714209636,-1.59560045358713,-1.40340524067258,0.304161672178942,-0.81946141935076,0.532184602099056,-1.13798162964512,-0.809572355076297,0.485197176939062,0.553236422273015,-1.8801525688605,0.176645449553749,0.154306876196749,-0.44282514687763,-0.272018584477787,-1.26539798079942
0.391781111300146,0.255816306530201,1.02006313232391,0.565651466833468,-0.0180503929039546,-0.121888171019409,-0.417299948347209,-1.88807741849498,0.396210321272656,-1.09295284953537,0.0858319134931497,0.831155864553083,0.116633098695079,-0.0703258848547875,-0.0958176668190158,0.0224943279565131,-0.22524801407835,-0.724071024491561
0.0897168853118788,-0.660256893676936,0.463232050013529,3.23716356594894,0.918431734151853,0.930483353630625,2.30950065218533,1.00177482584098,-0.26797853904787,1.0652462726419,1.25526654700049,1.42855281963493,-0.912702459828977,1.1444172924652,0.836942372569389,1.8852512834027,0.215859457273457,1.40760586456739
0.286003844290044,1.29998297065135,0.310841714845374,-0.349389022170025,-0.00929889560160187,-0.796073234968644,0.12341889300205,1.09888636019125,0.0522239863600654,-0.198607083639836,-0.937983351097631,0.150150201882595,-0.817840159135303,0.123019867750422,1.29137338505213,0.167801196700066,0.964116399743098,0.0123131331617702
0.600146597274445,-0.389267855678516,-1.10414064177546,0.798562856790167,0.0859295329928418,-0.789900987779808,0.96129903038921,0.0833374451674407,0.0133236888745726,-0.409938221345048,-0.851736585467876,0.0260264887933147,0.51234647300176,-0.444843276869894,0.227964054928142,0.277966397006954,1.91549147840294,-2.71818478404731
1.17895718756632,0.66264556365437,-1.20077299792376,0.582428784603781,0.2105157221103,-0.0300975052117656,-1.53655253594344,0.483167122507018,-0.239004395108152,-0.0862587662241437,0.952809656360261,0.0863385116708714,0.570223248741691,-0.151147076338324,-0.951132493687794,0.84155717177654,-0.177987414250125,-0.312693619933192
0.545589392167194,0.396011340759101,0.453877480014672,2.8890156912489,-0.30090742397563,0.699574882483382,-0.59073787656785,0.639343398558756,-0.965501199388385,-0.316607018512126,0.53554331541854,0.993028246775609,-0.77782534956261,0.539778351495045,-0.0701063240648984,-0.25829365286015,-0.626264086806405,0.469512936691278
-0.700114199766032,0.209644540933142,0.0447772131129382,-0.695078114371994,-0.635795653488127,0.803130392123811,-0.993047228611496,-0.865441099488458,0.818165304103469,-0.18391415968868,-0.627078066376316,-0.736106125688313,-0.687124454292844,-1.26992657491719,-0.411931894406012,-0.0575178174517219,-1.46977055888802,0.0940322834608619
-0.607361918726677,0.54695158027087,0.105367929359377,0.00178587250857941,-1.16195511108314,0.180387317136078,-0.757361710326502,-0.256682343368599,-0.596263740597316,-1.59309713728012,-1.20700476706625,-0.820923047051906,-0.887224874137604,-0.676101726674839,-1.80878561671602,-1.36488648431911,-1.12350315278886,0.168054570147853
-0.786144663755383,-2.1570746997107,-1.00370900845322,1.62580368320418,0.622949249143837,-1.80448470378357,-0.68571514008126,-0.346030772453824,0.660339934131656,0.032848197638293,0.140984265338321,0.681954791412788,1.27457049276959,-1.35396178978511,-0.177171206832631,0.464678366867048,-0.566759592322305,-0.802771272805445
-0.11843220297501,0.318869103256002,-1.27575233751411,-0.646949303220661,0.268962429448121,0.552337613121861,-1.2018875484939,-1.3971440949538,-0.184378168132269,0.0596085756482972,-0.309659686891825,-0.830773971759616,-0.198237145048237,-0.270647211445678,0.0132134380762795,0.28604608361245,-0.0872177351445043,-0.851891862847775
-0.72050545962605,-1.4464390907452,-0.902659698874667,1.00747680139495,0.561829516679028,-1.68953686951836,-0.0286383829277791,-1.48038962366608,0.524777268500459,-1.21972492172521,-0.842064921526082,0.104895930422163,-2.6779107470065,-0.160537736403492,-0.103126190074234,-0.870061839990665,0.0863955438523872,-0.859015600775363
-0.182587899275077,-0.810517963592533,-0.621214907859268,-1.11579872889938,0.335480580547216,0.0493583625936815,1.8742523224806,0.478570572576654,-0.107415703885965,0.0323374888490655,0.394147857159857,-0.459599656395151,-0.31758355292594,0.409986550199856,0.491948922905818,-0.502115646844728,-0.312435678492688,0.816399893719083
0.641979832158234,2.11084623394405,0.0631209918563747,-1.20051566780457,-0.293629960817494,-1.0745073329047,1.15695479837916,2.26157658767483,-0.472097021946345,2.08889469800161,-0.534909808798081,-0.223902891723909,1.68887805493021,-0.488505404867743,0.201088853937298,0.338078015027202,-0.103801390324455,1.7097682134314
-0.439952281002496,-1.16952000061871,-0.447862980901794,1.13451174784847,0.484315160720951,-1.04356733462236,0.178440092068032,-1.4119528327386,-0.142089108692139,-1.57574768865796,0.364969666352388,1.08117773358017,1.08409839073661,-1.27962672824715,-0.233681727824013,-0.221762930368655,0.34094455181799,-1.29747520741762
-0.961600770225313,-1.23097781648457,-1.38713366587732,0.905552979951296,-0.651259836436818,-0.859195247935883,-0.604788393170611,-0.381379184851466,-0.426439807521775,-1.33098701196479,-0.98163120322774,-0.438087253500612,-0.260433563602519,-0.53292956738297,-0.622749895383241,-0.693922200734191,-1.2029015251633,0.251440526128754
-0.244295660792728,0.643061850933929,-1.60068613844614,-0.431641993095275,-0.574618038611646,-0.91307087425893,-1.11032960090587,-0.391936895090708,-2.02679728439001,-0.813265644757324,-0.0230717457073931,-0.254070055421328,-0.949242680223096,-0.768743876325183,-0.998570859149701,-1.25274357307275,-1.15237974979296,-0.215703564236919
-0.83068935727681,-0.820035594079497,-1.33295522441777,-1.51802089134147,-0.528378585510538,-1.09829718620913,-1.91527831153748,-2.02933872099018,-1.63844218356419,-1.31924417423258,-2.13634099252198,-1.65412823974205,-0.91462846777493,-1.7954085735579,-2.14247214626272,-2.19530763720551,-0.855726618661968,-1.26800937398067
0.403421987028285,-0.570843799780396,-0.0141872971587776,-0.809716287721849,0.544382832584659,-0.197234184108167,-0.204579443512411,0.57015068654229,-0.499275077494141,-0.650720642255046,-0.509426141941699,-0.797385182790116,-0.61928903683983,-0.932222651538059,-0.0777104738370498,0.222398591093191,0.990842993910072,-1.01471929967658
0.485791229693059,0.644966166036622,1.46494262968994,0.687452637530817,0.179018652141756,0.84558959899928,0.514871232965016,0.620162115122826,0.877233785206726,2.28594859851419,0.313985458710108,1.84436655919228,2.59298771760211,1.32514325932615,0.523350613252108,1.62677226360494,0.387976019182695,0.706174524053318
