"Fitness"
8772.07408081624
