"Fitness"
9565.20975983541
