"y1","y2","y3","y4","y5","y6","y7","y8","y9","y10","y11","y12","y13","y14","y15","y16","y17","y18"
0.599267871758386,-0.911884991569607,-0.613568502498712,0.855780575021666,1.0772662192632,-1.7970765515658,0.147834082545739,-0.450449008658449,0.844291752248081,-0.97828275432952,0.759832773954537,1.1625567383608,1.82594809227143,-0.507884770143728,0.791908970617443,-0.405298950653816,0.135948782620247,-1.1876461860615
0.813907977244001,-0.505400325461952,-0.22201008191623,-0.225656466736753,0.382062915440883,3.1640187152222,-0.449619226014314,0.80191096200075,1.72681752902234,1.49993961464114,1.0753536922397,0.0987539394696611,0.642795478923235,0.431247895339235,-0.154138743103593,0.148017789121992,0.987490603042987,-0.0835589039803084
-0.882294206465266,0.459861665863815,-1.61746538870949,-0.150582861421383,-0.752094178288261,-0.703428947981305,-2.31305680151418,-0.882415435378588,-1.70305474621894,-2.16805770840213,-0.75098909363668,-1.03510763602432,-0.819429796263769,-0.232417356197197,-0.0634521904751045,-0.403502390635158,-0.768190983587075,-1.22842702965456
0.987733965643278,-0.423152207850694,-0.454359359142109,0.808395361233589,1.04893786361946,-0.674293940300768,0.983178167742192,-0.178944227636693,0.0913619570318807,0.123388432880733,-1.91056984718394,0.299715441259359,-0.416769889352627,0.765013908097381,0.00494759286701337,-0.278748142975865,-1.32988533590621,-0.124372379878488
0.521061816385017,-0.829412889362897,-0.653921091170986,0.976226430397189,-0.418286357124285,0.341590053886021,-0.67665508999136,0.414028301781171,-0.0154524236760621,0.870480788636569,1.71332133687417,-0.0252693463922875,-1.25347798596385,2.92631990097735,0.895720780267632,1.3490507524788,-1.65744515011588,-0.434298827949837
0.593651941703655,0.106758803286071,0.105533489940159,-0.67656683702476,-0.782648126355126,-0.0801718712806198,-0.291374586120851,0.697013048842893,0.454688639753692,-0.54733105438604,-0.827449380487021,-2.27748107778244,1.36231913346853,0.5515462201266,-0.751581877275883,2.6970461828911,0.143610041041784,-0.105234373760798
0.691567692343296,2.45756200087189,1.39278376238289,0.857395435497604,0.762976749869327,0.460305993637063,1.25063211627206,0.902691033601096,1.3051931407268,2.2436377868859,2.0925266987533,0.576098802329699,0.550744416874877,0.844827644257615,1.09220368539063,1.02093808325415,1.43137689113595,0.13261163220624
-1.3468337567152,-0.710429404311445,-1.89007417251244,-0.308888600869002,-0.642910806119448,0.168154213140219,0.545445273992215,-0.308168778267589,0.183891259505518,-1.28230429959244,0.0527966930193781,-1.42691617750753,0.673547168263788,0.694823928171203,-0.645913642262722,-0.377946249112087,0.828105671303415,-1.3814458127652
-1.49222162857741,-1.38982228027408,-0.843108424600749,-1.37692284143349,-1.47986441805777,-0.0965073086035178,-1.22050790946743,-0.502034152836602,-1.06254743570881,-1.16485862956661,-0.520855715017569,-1.64089165309733,1.44908248706815,-0.589863198546286,-0.438103685273999,0.702872541446241,-0.925612055785923,0.748222928397438
-0.927139120033541,0.060413123554424,-0.135850957809365,-2.033665725828,0.276158996131123,-0.150175511869757,-0.0308001558760327,1.35127162448751,-0.435179438606844,1.43762051914461,1.16982676021032,1.26118634547308,0.17166182580922,0.0709321891352439,-0.778226805918194,-0.812980445255785,0.966923529884058,0.794673596525672
-0.706371660683864,0.948226867479927,-0.799089757508302,-0.468182025174345,-1.01241654648817,-0.76258859569621,-0.559711497887868,0.156288044309317,-1.2128907920957,-1.21154019822339,-0.857088484487217,-0.279508330988918,1.38690083335768,0.77029220795552,-1.02749194582398,-0.0976070355789998,-1.03037495785066,0.691817340929324
-0.0980121079913771,0.427315802616052,0.516846606658446,-0.081578928474576,-0.837157870548564,-1.16399386508861,-0.460271913956168,0.650590533598883,-1.75597729451769,-0.109741886806094,-0.290611179259271,-1.27608282972171,-0.445808329494692,-0.081645090061276,-1.10959882767204,0.0361439725675491,-0.758332155369265,1.27308685765684
-0.400409149446687,0.104724633034157,0.626369398462592,0.145989588629532,-0.166770304403586,-0.0234062031536079,1.05751397050495,-0.0762240677284068,1.66802604654045,0.00973960186719476,-0.384182581932357,-0.725721088691421,-0.0713427992232008,-1.4955775609857,-0.459636903026651,-1.28938139741211,-0.675400677849387,-0.964619309095555
-0.364957501645347,1.44784035557318,0.451471826839906,-0.603629753278156,-1.26708618544317,-1.1192028708068,-0.382003382362006,-0.00331655001449388,-0.143590975993505,0.000493189989551263,-0.509828589326201,0.252278587420756,-1.70070689375203,-0.362526259228381,2.17395745829286,0.182213819078122,-0.926939808036027,0.388858235247411
0.857317575733687,1.38034408067856,0.772875697939996,0.440680231874364,0.876439859737339,1.60296700122654,1.66125676986622,1.57488806581674,1.80210018106431,0.558279080933513,0.618943356833021,1.23448562742621,1.11261426486321,1.5805014102226,0.693281131778846,-0.496426108966178,1.04914301859412,0.791917942654848
0.520328375807394,0.545317285230301,1.20785930810667,-1.82707565939757,0.141133129153542,1.63356671090288,-0.107865256824706,-1.92780784296762,0.368179596985603,0.0356760336390757,-0.320953772605001,-0.214343704257093,-0.0908091932354329,-1.40510901411358,1.01771677807159,1.20307124322149,-1.82567474264656,-1.14688613751124
1.33005957254958,0.0426592399498481,0.496186709075465,-0.786520425591027,1.15167360059511,1.31201051296013,0.763869351490392,0.441922409291621,0.199900160796781,1.14206121815833,1.94635837344731,0.639422231809192,0.705407350932417,-1.0728874283447,-0.865252380655397,1.7777956969453,1.07681965235613,1.63929656840775
0.0919040433189112,0.957890270584736,0.779199466481587,2.32192482147625,0.00297988457743944,-0.698616377095622,-0.02451239291181,1.3493143716318,1.56069908639204,-0.196201741886115,0.114206101226416,0.00249019469292755,0.227315957460834,-1.30364206349859,0.196736136153795,-0.635702883375514,1.37921290598203,-1.06375874686444
0.88192319981049,0.654388656427663,0.145787198650597,-0.36842842187725,-0.151641398540277,1.03506345695425,-0.366509016774731,-0.131879708097604,1.41577664539545,0.742202327528515,0.745877622036942,1.49841539673668,0.802222341562076,0.225788567513287,1.34999896318369,-0.00239869488580514,-1.38792743523999,0.685554950899792
-0.805610754491689,0.159436614174084,-0.582027334041049,1.59801761923042,1.02224537273084,0.39202253402466,-0.174306891799117,-0.0915666568392962,-0.646662245217489,-0.00415646333655838,1.85909184209522,0.768044029908346,1.44287694498009,0.388952089928297,-0.537009693738133,0.43265926836025,0.808258215032286,-0.855167432815002
-0.818705488738442,0.823632486070743,-0.721475826106995,1.20848849021414,-0.678616862194196,0.774680537931012,0.612747501983298,0.912958813702052,1.86131634097556,0.83344721139462,1.72287844883389,2.05140780970355,0.753364684772295,1.23381869664835,-0.107943495144022,1.33230945726113,-0.740858133047197,2.14060087345491
0.108879479711356,0.882742922676892,1.39938064956652,-0.51488560129916,-0.555648608710822,0.238718179421688,0.149465506250755,0.0275931590501437,1.11956903957485,0.492040254757079,-0.430528153750883,0.639091953886362,0.0176196402579348,0.972184022186554,1.84925544027869,0.0344183992781018,2.32833933651604,1.12500866167844
-0.495550428194703,-1.99250604079676,1.13196328407799,-2.28804520356884,-0.0342861441265405,-0.669650735863906,0.199691190615304,0.604320661744437,-0.637693291442598,0.473216786976876,-0.518863714212603,-0.85773947944034,-1.20102441614245,0.908217670465762,-0.217052581802304,0.591006059065185,0.00646927474400577,-1.24586704094419
-1.06527876106372,-1.92570714051453,-1.02752818926296,0.481504647637848,-1.00163818005802,0.193155050136368,-0.60136728548174,-2.08631279877313,-0.646268402558143,-1.16610007370508,0.965712615709473,-1.13191007669829,-0.275841931009679,1.35328243709686,2.85727972153143,-1.6727426952197,-2.46905036972913,-1.98458776404419
-1.48935556434094,-0.974320339210543,0.712454545446223,0.969725791320652,0.500141001379651,-0.775523107656912,0.780616403585697,0.136947636100655,-0.839898953542748,-0.445376104909112,-2.2156878602407,-0.200209066123812,-0.840849038249297,-0.897544456257054,-1.74188761045944,1.15659763262642,0.548415761180997,-0.724260964651336
0.390192308316003,0.161998635345011,0.970724823940136,0.820188519581689,1.54586075685075,1.90935072163168,-0.134939437469039,0.2719931590702,-0.369819756762418,0.705664190335996,1.21720071133183,0.487282566125626,2.48210328845884,-0.903080107510063,-1.24669909114375,0.910367944855577,-0.441987404665634,2.36234887155734
-0.662928165082539,-0.740853540808931,0.989295868104587,0.72199545727192,-0.860177731220142,-0.338989438932609,1.27823685755493,-0.129370123443141,-1.34115056654606,-0.553567110644687,-0.200257030429799,-0.769912676459379,-1.69434073102457,-1.65191169409414,-0.238447599433975,0.955173248559452,0.695704629410266,-0.13523201261945
1.9176147722288,1.56033377665795,0.259337959106203,0.481929153367333,-0.388768779853854,2.39878492607442,0.369446221863832,-0.464770066078504,1.48249865583006,0.659243698089938,0.21788574401656,-0.444791440890555,1.13562315590869,-0.545170586847691,-0.882160219282356,-0.180444986868029,1.84764342741436,0.633635009451622
-0.57696396441284,-1.22414344911902,-0.142330573641748,-0.447273676957646,-2.19210356177406,-1.17942256226281,-1.22444039826832,-0.771150594877831,-0.318010500455961,-1.39097786302271,0.526824327503542,-0.0266308030802081,1.27165733728276,-0.582487822636687,0.582431944930377,-1.07619383085037,1.04060599215169,0.0237297763078978
-0.256158424224345,-1.61461045127845,-0.870166856236821,-0.309790765640459,0.0255650205905586,-0.563282694699032,-2.05937710057648,-0.676294336649321,-1.98324186827417,-0.761197183080073,1.01365641271187,0.703919778271979,-1.12595554215643,-0.40730511240701,-0.664662007572074,-1.52116718374978,0.900046178150757,-0.728914696215307
0.671931080868314,-0.0349038884493388,-1.06352572331076,-0.814802250589412,1.00997927729938,-0.586153304571905,-0.649153805730399,0.807174040377488,-0.917080403711922,0.629375565230864,-0.548984111038781,-0.392701706426634,-0.729180855020472,-0.0255288250378212,2.11363038954093,-0.331483990538188,-2.00187969621621,-0.877992723045903
-0.639739051123005,-0.0603383410493074,-1.4925567814518,-1.02258688501739,-0.637016839412302,-0.0415491919305542,-1.77171928374099,0.843066547837494,0.767453974101454,0.54530309898114,-0.35293793732648,-0.489578679901873,1.83883571302315,0.561643879417862,-0.363966487650892,0.688524454412758,-1.03225273684689,-0.0732897112235567
0.640251139460352,0.644516305159638,0.637911213532882,1.17869273336102,0.617912968945042,0.753393368981656,0.959824733306614,-0.0723232774658824,1.10857559610848,-0.204105671693757,-0.229538763627283,-1.73001680895652,0.312919974069269,1.12033639018531,-1.03961517799938,-0.866493674554715,0.291988936281538,-1.48106229731745
0.69058451359218,0.22624729654143,0.365760812843159,-0.805263779659259,1.56212297457599,0.235565544392972,-0.159104013167448,0.180879228748249,0.237272256064697,0.396050496137687,0.50378419975845,0.133947259680351,0.0585899457513212,-0.875001336496253,-0.0255111812869498,-1.37758444177184,0.679942273636107,-0.408035686101456
0.32903589835389,-0.365029418444063,1.16413486750008,1.13610810154238,-0.419625601316433,-0.788687482626476,-0.0835675431871662,-0.154355000761788,1.02953385620947,1.33473353177137,0.283287111654163,-0.103387455853907,0.288007658622419,0.621210894053991,0.799820956075394,1.30142433692377,-0.243334697577461,1.82577068871294
-0.0250576697928405,-0.258333266168824,0.0790211686128044,1.08295324195768,0.540737483904337,0.413765726882806,1.19166641474413,0.903497163469383,0.86765171515837,-0.627643004515191,0.661073723699436,0.383189743839533,0.722113817322904,-0.0597168730747171,-0.355727889871208,-0.427614413522421,-0.960865463091295,-2.17106662492686
-0.388392319001899,-0.417678523792568,0.340476281453899,-1.26211957171499,-0.664027605869334,-1.70165336069187,-0.157521970094998,-1.12492870854503,-0.768187985349559,-0.907204545759176,-0.523246835101868,-1.16564731891431,-0.0858122119637057,1.02840502393752,0.941333174160171,0.806985876411449,-0.620578439482233,-0.211803541855096
0.722025537351697,1.35142742196621,0.720650331606735,-0.383201706736875,0.60057807935105,1.42604475852901,-0.578546787388185,0.591917775803884,-0.718083320668501,-0.626728790488059,-0.201673620290119,-1.33821792411984,0.295879300456697,0.582753689611718,-0.61506361703114,-0.177518230829723,-1.65158860013629,-1.7083654134506
0.219522810302113,0.855838713210605,-0.290755872482023,-0.773914418342617,0.954796849977686,0.568818657612881,1.05904890043053,2.18190171625805,0.607359486338173,1.29943563857662,2.74056921069702,1.73987880486154,1.66067228806103,0.963079209455467,2.15929576760246,1.51397153582369,0.584052515287132,0.771364268958898
0.567573262405769,-0.842851187099104,0.642169902870791,0.0999683980890714,1.03368444374898,0.509669760167865,0.276655918970024,-1.26333262272407,0.442497721340806,0.161386877891337,1.09851178695865,-0.399769371993121,-0.0827573770051525,-0.515593910016829,-1.6387876369363,0.20462486674044,-0.24003040592631,0.789317736091477
0.0689154916623443,-0.223244779533425,0.214336183346068,-2.06982803517744,-0.183775323096225,0.155472306068093,-0.739851854266094,-0.545101603042731,0.575157122052933,-0.343109862752207,-0.588291311920385,-0.854679186313123,1.07951682667052,-0.0987937043710885,-0.163498592332622,1.37215427445092,0.00435449780436675,0.631793103572366
-0.390637429128604,-0.732207116813436,-1.65859953923451,-0.262884006036618,0.688494252218107,-0.464723672438733,-0.594797320602629,-1.0952565619892,-1.42750767415844,-0.0993802950107209,0.859417684163351,0.532675691901053,-1.03430795604415,-0.844160480664638,-0.356505747413899,1.02854040800186,0.153366552258554,0.405262622876682
-1.26440382454277,-0.274869336094239,0.770076846484649,-0.769149286932772,-1.39759711227939,-0.544238438568916,0.38831620158772,-0.326665859411317,-1.43683249095232,-1.31655443150745,-1.19075607708709,-2.73192542668562,-1.02450924610577,-1.83408129005075,-0.0580200464331733,-0.282661359274024,-1.07413367715127,0.0504305664412728
-0.266373679310745,-0.788965355443713,-0.470442681546238,-0.513160638885284,-1.34522036556253,-0.406422962413192,-0.644759208575736,-1.02864281946046,-0.757452403190213,0.365512587481282,-0.907268637029043,-0.471156759463201,-0.632544781760553,-1.22411247080345,-0.136545516369749,0.331847877822821,0.227183820200099,0.626760248397478
-1.86287043975646,-2.36611824336728,-1.59869702263964,0.55348712400036,-2.00074911332619,-1.96514787443753,-1.68332548851078,-1.16000646215261,-2.5769750410488,-2.28075547680827,-2.115511909108,-1.78704647785951,-0.591434037642391,0.754525584967525,-0.939564733917354,1.45737259044052,-0.0643535920062329,0.235676688715874
-0.610267619056784,-1.36826746426536,-0.68784835739095,-1.50472236004011,-0.953093308796564,-0.144608764815904,-2.28433151989246,-0.999341030875882,0.0489017460515833,-2.53798974465117,-0.639184210744894,-0.856170676497599,-0.0519589486378368,0.686769226087812,0.748179026094354,1.07689012780136,-1.82480682322943,0.277192039018554
1.92307631336766,2.15245555893763,0.765780273751995,-0.749584395852323,-0.22642381980134,-0.00116167605102195,1.74924650126842,0.466274912817694,0.48969185554228,0.0175643054437576,-0.282509375381107,0.316416080543898,-0.165873199000089,-2.42226033608864,-1.0331622881214,1.73114585503544,-0.979235337512969,-0.134496945820889
1.4794889645871,2.16912785134306,0.839949465721649,0.748184846690911,0.282235968003716,0.953932344248441,0.682188082089892,-0.292226328234864,0.0552711567719664,0.844763372265437,0.846007760395073,0.67591210165117,0.390843657524913,-0.55021517726631,-0.582611317323286,0.975266845944812,2.19624267858555,0.258052819409173
-1.38185991447944,-0.246128690623765,0.458260995430166,-0.391280396148169,-1.45149272473346,0.137776670522578,-0.196470659764485,-1.36332134879644,0.252225483309158,-0.835302995422821,0.747883810286046,0.612814486518404,-0.485173302288511,-0.354597349780162,-0.934838301735999,0.947952076199462,-1.01129749326799,0.69799109278009
-2.05118677062801,-1.47885847356294,-0.577136191860222,1.04038947486629,-1.23761286692049,-1.19360606289458,-0.998210323800298,-2.54100826717103,-2.20589609860618,-1.61937615783468,-2.34512104044501,-0.440273763180914,-0.387204285584217,-1.79744258332401,-0.962868778473019,0.244513060768532,-2.61853844720215,0.0694030328232187
-1.9947199689667,-1.0273338506406,-0.822304061701509,-0.87094358174006,0.0850388092655485,0.545504002227977,1.74909297193837,-0.040041780401987,0.560966724209697,-0.518266860542867,-1.84195200955667,-0.426090442545987,0.599785702988431,0.299958162799817,-0.319264294365676,1.22291151978138,0.112756374776775,1.45993089535291
-0.831015525142759,-0.76901489272727,0.535150849991863,0.53134234501121,-0.0541450647183459,-1.41502297518799,0.494225228941803,-0.471204843270268,1.30283728349109,0.49307492264295,-0.716241112210765,0.763210795598933,-0.577377599066164,0.013654914624694,0.908741373151998,1.67181526851395,0.720331634484117,0.11727212328734
0.671311816949823,0.0373114717818192,0.386271094948649,2.00988340383038,-1.87335976203392,-1.75841405210315,-0.675140161955822,-1.78249402278805,-0.182231967922674,-0.136761006958006,-0.505079374887912,0.510424795137692,1.27551985077233,-0.643726504051706,-2.5193912903353,0.589565842058577,0.636899536103682,-0.202256578300629
-0.0137052722163357,-0.123920996875471,-0.225884733259945,-0.221581844361778,0.806045292082087,1.18048800857212,-0.551257251854729,0.0171105138266343,-0.633474518238627,1.27554639983641,0.154050537588755,0.911400641116856,-0.883534450180981,-1.06154197222066,0.00755046689511537,0.937148824450511,1.63181798645659,1.54612937932544
-1.49441679865195,-0.826318244235885,0.896871476236288,-1.8001922998059,0.519694606494931,0.160100146151406,-3.09944827065704,-0.35854784103434,-2.12037833343962,-1.75850696285941,-0.897911284378325,-0.975916455718609,-1.31547107162095,-1.24636585958891,-0.214847951859123,-0.96960317123181,-1.12004141946801,0.256702304452975
0.846168399807157,0.645798610705802,2.37063904876718,-1.01638281949708,-1.29032255156448,-1.3153400142256,0.152462416012517,0.795638194415194,0.306604968007954,2.11182184157669,0.531994727042594,-0.187888448125218,-0.93182075770694,0.443185598921742,0.930793687745562,-0.298717075098969,-0.44232310784371,0.694217752081983
0.00915626141562465,2.36811944414191,2.08352356247615,-0.0807307544443615,-0.183805638534675,-1.30212158272278,0.0526291175526761,1.25529378034267,0.615219100319056,0.38995973152471,0.298953130793029,0.190248288617326,0.0976415033975498,-0.818393882066011,-0.389679839908814,0.233241490472538,-0.293095754997424,-0.129606082988629
-1.32341079642116,-1.35208660470135,-0.798092269274329,-1.07197595084271,-0.808405004705996,0.955022065398521,0.728662527719506,-1.88976517683525,-0.213732125693374,-1.44849661672436,0.359303081948653,-1.72683787140699,-0.676239221737651,-0.440667891763159,0.320498432832738,0.448899294712561,-0.654773469819012,-1.84403155398219
0.780528159968514,0.266830101936862,0.783660178160302,1.21892006609372,1.45117252762477,-0.136764999839631,1.50947609961784,1.06133208219123,0.639468781828521,0.47199672197056,1.84402863241709,0.349713719816953,-1.29621148585854,-0.161072568161316,-0.161205711793888,-0.690978730316001,0.96428129744498,-0.851679749030386
-2.18105867156807,-0.816690048642915,0.221282373171496,1.23167284877792,-0.896262129915707,-1.58512816466263,-1.61532219996389,-1.00917469079759,-2.2243512877993,-1.18428849951491,-0.527709324330337,-2.73444758011178,0.247465393721183,-1.98947274112915,-1.62139096887127,-1.66955796265879,-1.11490869580628,-0.11934743475571
-0.483098406531545,1.02398141371113,-0.191151761226908,0.637902523960573,0.878617664690605,1.42850906102748,-0.0706735414762295,-0.0998631784359389,1.844269908453,0.847138197590385,0.180423333797905,0.607987255565226,-0.18792350948836,-0.172051616788164,-0.509476435348509,0.577822298049765,1.32851303364025,-1.2053250570859
0.131293186893713,0.496949516957594,-1.9060260301001,0.750171144180302,1.43513518074261,0.606002446672746,2.66505434726197,0.557786133882349,1.21688735814051,1.4252682817176,0.706478849596619,-0.74955454039757,1.15218732558959,0.405016617654308,0.441118056928071,-1.8409695851394,-0.358435634025964,1.08810765014541
0.170373949919642,0.590271110296683,0.322191811166312,0.12486618127837,-0.271562853482394,0.467502123154206,-0.92791150897813,0.346368561321587,0.911496793373765,-0.421002659741198,-1.35409328603303,-1.36751683948622,1.28993506097501,-1.23934619716298,0.639451054827501,0.31930090216923,-1.08264480510154,0.927884595639084
0.79811884412122,1.13396805853874,1.1373819824862,-0.577687430052894,-0.878474109028915,-0.0278645632018459,-0.348062224118852,0.415416883136716,0.736249805011558,0.323420248692927,1.00631644432107,-0.363811984603186,-1.57246881573945,-0.858175465142838,-0.659058835448678,-0.0403979786450471,-1.6027255625486,-0.893485324650917
0.865561319104681,1.20026598348349,0.115834168750065,-0.864249860234027,-1.55849683307816,0.732780045126885,0.943042596413047,0.273871929559572,1.26442704145666,0.68144974912897,0.487010025731619,1.09972445152722,0.481641156162622,1.72647563305566,-0.202151360944723,0.324051914187381,1.60355254260561,1.13374095597003
-0.459064042914684,-1.22967425812678,0.495475777867131,0.815865531497316,0.678431188710314,0.408264269924204,-0.238286003171291,1.21620072442833,-1.09513533721089,-1.40413953271369,-0.670734001900571,-1.5048688647948,-2.20106998499904,-0.807951780887487,0.818843105667309,0.764579431301327,1.80878207909793,0.0561420182443945
0.562584871297343,1.42416466705426,2.44962961652602,-1.35635165302846,0.859878063365042,0.00951089366222739,0.818394560749351,0.819097221423285,0.768830263164609,-0.629781858849715,-0.447689421007589,-0.604208208743341,-0.481553277885741,-1.03673843137405,0.12089214195647,-0.393419740610666,0.745062852709731,0.51078961446402
-0.022988334232792,0.605970801360004,-0.436110681369848,1.29819330325049,1.51455147203195,-0.608014231852064,2.27960531859504,0.188432954460579,-0.209829141235728,0.264398241962211,0.887993390672137,1.8325184582098,0.257203410119362,-0.00427011275345414,1.04324354870689,-0.0278809482773765,0.384644140397842,-0.244559345302868
-0.357138199199043,1.27177223280743,-0.0354654842208746,0.628962070170085,0.957159894287196,1.04687194057179,1.06826637600296,1.02225443700476,0.401444648024193,-1.22131988478584,-0.962013819313486,-1.43814616020476,-0.382169004309815,0.685202613137712,-0.701617619532045,0.491190578505795,-0.609919963210105,1.22845494063544
-0.946133059420224,0.0275132574680935,0.279828125011679,-0.00153155334633401,0.306606897234658,0.826548803124465,2.09656009333472,0.609375557088722,-1.08205370927883,-0.504536458264751,0.519483244074021,0.876679644489194,-0.482525388081541,-1.17443651499992,-0.692534273752088,-0.110055752740807,0.132560475059777,-1.13288750964728
1.84197043329788,1.73723654831222,0.312385254098699,-2.05701420638272,1.37426740186864,0.171615584031583,2.078231272172,-0.301326275486291,3.26997829127675,1.94514006088443,1.39635633935962,1.2153959240657,1.37312635822586,0.594920859950503,1.7643561734035,1.25728182813558,0.423861549567714,1.43505400238812
0.123929801485534,-0.387103524652259,0.543402542977887,-1.72825578837327,-2.33003424312192,0.222079839689289,-0.349516629537044,1.21032237931397,-0.220091662889139,0.413451541868039,-1.04405681321982,-0.175130942370458,0.599726385299742,-1.1918532410516,-1.10646170427733,-0.224678342008156,-0.768173580023768,0.039752043139811
-0.388283921891886,0.355584664008768,-0.739026371035686,0.159439807946769,-0.5773334389764,-0.772776081706004,-1.6063301250435,0.0557489816890901,-0.368991909948533,-1.36290384909044,-0.507079511688941,-1.26450926062927,0.0347075037545088,0.425202954278661,-0.662727883943612,-0.228643166838831,-1.33105707315968,-1.06842008752524
-0.807207893269859,-0.82002419078721,0.682289798695218,-0.0460016914537506,0.275739632345434,-0.789367228323433,-1.40446639447885,-0.375885629061728,-0.17614034060977,-1.04530104788183,-0.648351773326034,-1.88931193876282,2.17880854778653,-0.0201378206723182,0.00491863291997367,-0.581801431292509,-2.0766078798942,-2.00554648727324
1.63584310377352,1.26641762667414,0.839605401007108,-1.02123892490633,2.27768687517261,2.26338750196257,1.50314260164232,1.11008717883503,1.16367795020761,2.45617817678309,1.84900226222284,1.90089239242037,-0.11139404944307,0.900216228934349,1.78646230005687,0.745521250486599,0.260322821375376,0.000649091755152632
1.74069089964244,0.476774885637347,0.72498841240732,1.1809344134636,-1.04342329778226,-0.679304712866522,1.07691153595071,0.190791510128295,0.156508327408933,0.499517629064481,-0.495819597568959,0.749149130098479,0.416807420286102,0.685775634611142,1.82074272294501,0.451103279135412,0.233833216460148,0.473372542337454
1.56253107989157,1.89435239577435,2.32956592468082,-2.03443357345322,1.16177053582217,1.2837123824038,0.523397552019793,0.0254505421169565,0.799064490408692,0.70957355393495,-0.571086760395237,0.710875342064001,0.00879694868289349,0.327241757867808,-0.214051206585113,0.954541639825287,-0.494382662275613,2.75259501850228
-0.241946659382605,-2.47177973672155,-2.03823601178079,0.965776528277789,0.533786994007266,-0.221242385300358,-0.240523106898252,-1.18301870609701,-0.170084241601117,-0.599690493282242,-0.549094028292237,0.167649801416355,-0.372440699180153,1.14925310963128,0.00162998496029,0.656867623946829,-0.15659686830393,-0.0732469778536085
-1.95890900448489,0.346029948936729,-1.85306799575626,-0.0701930620030859,0.922090579811976,-0.0838349944054221,0.580563278897837,1.06166640995007,-0.625463698091395,-0.665894018775399,-0.745845304112377,0.732349978396751,-0.465069784591513,-0.959055204508305,-0.288557968227952,-1.62775383468928,-2.21705337382592,-0.825066079664668
-0.61022413615044,-0.0115537076429608,0.814684661598502,0.873977547512064,-0.605771666796742,-0.911429486084032,-2.15917309368669,-0.147753361544881,-0.0861225453257968,-2.22588077747966,-0.606845246536106,-1.58873640331495,2.9427323772869,1.09219470801099,-0.45377873489507,-2.19562231274223,-1.22670720715747,-0.799070725121832
-0.884558937388629,0.149652109956455,-0.0149811410555053,-1.08392388658265,-0.765342470861796,-0.848591420292074,-0.133313116291402,-0.177268080327586,1.06470425271736,1.14139740008856,-0.392610757237043,0.158971142333297,0.462979718281815,-1.83618780953888,-0.684185109722703,-1.28312956900869,-0.757886115192338,-0.170906642315327
-2.00156493067808,-0.062602663830736,-0.323007730620133,-2.03433773548974,-0.109391681658422,-0.49348879153874,-0.773819179626471,-0.940993760232653,-1.01609272500922,-1.59795354258667,-0.837865237284214,-2.38835479066169,0.137537125561465,-0.393072572887112,-1.2261610146905,-1.15000405941841,-2.44250441128432,1.72082567581301
0.66012816374152,0.0806866926699342,0.437443990741218,-0.872834969802965,0.593983634170751,-0.146881349509572,0.651203560557302,0.0298583658878464,0.269336079802175,1.07694112845337,-0.415652996615535,0.607869430632552,1.46030061907242,-0.68830493990873,-0.819287335239956,-2.02226100948349,-0.0290719283985559,0.193969685617782
-1.06617166848295,-0.354911043556228,-0.0897313956378416,0.264922188223819,-2.55783133095688,-1.16719354258791,-1.32675576132796,-0.226833750306373,-1.53079136267069,-0.339814583468384,0.499946582734412,0.675255240677699,0.430473080014205,-0.584707617556916,0.593423121865092,-0.848564352192365,0.649214016615158,1.09080641327583
-0.597212552399932,0.537272320972946,-0.516650605200806,0.220762655418512,-0.185369730190647,1.35956900769846,1.09421635118408,0.415753487181224,0.573534808982965,0.097502521460532,-0.995748023409521,-0.58681484682471,0.951693588119382,-1.4253560052597,-0.808579302081337,1.88119132055165,-0.0659755822347787,-0.608783372685043
-0.22301741761651,0.621470698586044,1.23820206680138,0.938146513314466,-0.691458853817375,-0.334537828682704,0.558876194870848,0.649765501773649,0.258446979309264,-1.35710572081469,0.898937845382743,0.719809279142693,0.818118614580926,-0.590083953266862,-1.15517697369718,0.860142249971578,0.406087418620882,0.0451339606117059
-0.367106443039231,-0.195556249627698,-0.0220052209581681,-0.370724405826362,-0.944685367148606,-0.971263064135212,-0.582882399906918,-0.842134640791095,0.722617757083961,-1.66727455920044,-0.488248869862368,0.258455890421361,-1.61584714546735,-2.11582744219682,0.337975789777919,-0.369780555058774,-0.683892117229462,-0.64527512545425
0.552606553165646,0.164794039988986,0.413952633696228,1.19451424201567,0.598437280936237,-0.980427907986238,-0.565118182580136,-1.00349251177028,0.258287589410955,-0.0712682116455537,1.69574689513639,0.756752460784423,1.08773820783453,1.64783432065524,-0.108051865011781,-0.342800499509557,0.797200061175206,-0.867145899950822
-1.49696514461626,0.604817396363099,0.603689176819133,-0.404205597298193,-0.842121963212984,-0.625116641367043,-1.39347607084078,-0.513505032407211,-0.817878791644686,-0.00925379635983065,-1.36835134157442,-2.10785403475197,-0.302947759195679,-0.0208971167596279,0.198974669404165,-0.727626836848747,-1.20239082888588,-0.752709882924188
-0.671588049090654,-0.514065047840539,0.143417450652833,-0.704866787654879,0.297185092192376,-1.75703330836098,-1.04126967580557,-0.242726673920248,-1.51080160828366,-1.04190343273053,-1.06690129370798,-0.526832750818293,1.42982617089536,0.639144990716528,-0.120004609296064,-0.567606427220819,-0.554846260658711,-0.0176796632627733
-0.796570793714583,-0.389707927874905,0.100170999740117,-1.39723909269464,0.0929607476974987,0.330079695305494,-1.87041527545737,1.67657417398126,-0.562033400160883,-0.0250984345964597,-0.971125298917816,0.787767706490697,-0.690993381590618,0.189404795562494,-0.355875587234077,0.945912072203608,0.133748636894795,1.45663026853143
1.36556573688342,0.945690993124259,0.744020153404994,-1.38664688200745,0.467252482365625,-0.481628792140177,0.755194184832861,2.51732824821231,-1.47803718484998,-0.866032588693069,-0.135361814813494,-0.429089379283584,0.0186548771188877,0.599228246634179,0.00896594810718763,0.16446481718111,0.236413591990417,0.0832234592350597
0.211405802269774,-0.466149971689891,-0.922031002645774,2.58610038823257,1.14297150303193,0.823826081342542,0.155610369668139,1.9048683765481,0.492521903645601,0.928867336216062,2.33085395208949,0.129099934372795,-1.19282218747255,-1.44538849676915,-1.55757006776437,-0.337800922342621,-0.159781559090125,-0.574250698316212
1.08258802211539,1.33939186414186,-0.81822540340684,-0.936532620622888,-1.62832351666907,0.564183342044062,-0.943192365694673,-1.59447763861054,-0.171888767661122,-0.722217025372836,-0.242154706959346,0.88273523874827,-0.551772567063387,-1.813327460398,-1.32578585435084,-0.494236134741164,0.461309664047906,-1.1839815791643
-0.569047343148065,-0.00390582652610862,-0.0105623365469593,0.561249412115101,-0.0769512042803034,-0.573705221610163,0.0334138766696318,-0.962428224257979,-0.269923117243517,-1.38330780752029,0.225701073937818,0.510176275862764,1.26305775705125,-0.717367899644639,1.05316997689991,0.305664504891187,-1.25200870902139,-0.31183547080781
-1.06111620030548,-1.38599896031649,-1.3705429243337,0.724025221310965,-1.51183009376978,-0.460307391586022,0.337742092010472,-1.44936725247039,0.25898706871323,-0.975110268412926,-0.18550270578019,-0.256230073476722,-0.934356417265613,-0.571130092604103,0.307856522047262,-0.297170231774352,1.00292189492596,-0.839746535884013
-0.319032211808529,0.644471794868902,0.467237578047916,-1.21813853669736,-1.24998660359422,-0.617359553575331,-0.67203463889344,-1.83501635554275,0.795464429351586,-0.87657778101037,1.31098101334371,0.546942161696677,-1.12233210009816,0.101469888133564,-1.10402992207738,-0.822228188332657,0.2089016585402,0.378978556673789
-0.0133067677365796,-0.227463774978303,-0.0528218834780772,0.747504772617985,0.0780904560424464,-0.312276202040998,-0.0583896460278027,-0.401725600002604,-1.58805201120173,0.149288064646081,-1.54016703876186,0.79573699357782,-1.15337326641427,0.522399137732513,-0.441270335480083,-0.27701505491866,-0.603307562803985,-0.0573275757198664
-0.878571470990269,0.844379853173703,-0.944221438934906,0.864849408804133,0.682957273972972,-1.46832248568447,0.76716672708892,-0.377823988199906,-0.377974224182155,0.201455536802424,0.731967376848273,0.809152329624727,-0.545288899677629,-0.741869333889588,0.485305640139474,0.0890933517225802,1.30295407202258,-0.669366377821372
-0.166160379604288,-1.95642424263784,-0.440955062977978,-1.29641994694133,-0.172754282057688,-0.450917173103149,-0.307623073013164,0.609324763264001,-1.09469708221038,-1.53529099935669,-0.780983830779708,-0.901308139025334,-0.00862372289616956,-1.1735323909458,-1.21683640190321,-0.288306548063904,0.0657139138228165,0.255400179485519
-0.0658375475062395,0.0769213367778844,0.473675160535709,0.998416878135311,0.112896455976991,0.688197811810572,1.11691004532408,-0.0280879201633018,1.95760865906592,1.15784157860638,0.915736636487494,0.758342755758576,0.433802970560541,0.405241629498934,0.538551808064397,-0.147003365021808,-0.715862324018443,-0.375070043827669
-0.392031936628409,0.907793760213269,0.184574942039254,-1.94515672538927,0.379320146120979,0.692655638500829,-1.80418066136005,-1.46170918365131,-0.320979423267283,0.290835590121668,1.32604339642612,-0.452283774653964,0.755352335510382,-1.0795724002248,-1.73767607983336,-0.556768359964713,-0.802137900544003,1.1639201166917
1.63466116272353,1.25612652246145,1.5460924602763,0.735244621019356,1.65632676494565,2.32228347327303,0.182198224179401,1.00892039024168,2.01231742324591,2.23015997235205,1.29219275300419,1.6806018861379,1.94224390834067,-0.272397775525334,0.572901192681463,0.854117322226902,0.222965838257511,0.244024761560718
-0.700656464658762,-1.07150759820955,-0.657548998885113,0.231136384274936,-1.03905509738218,-1.26655788797621,-1.65970910345719,-0.276158571591285,-0.10165438574353,-0.393898853253009,-0.370529680991479,-1.37307958563318,1.54249122780711,0.899581003247148,-0.28528138220582,0.157703005870844,0.444232078511153,-0.980379497566199
-1.52091432828119,0.24467471327477,-1.28065908675436,-2.20637382046366,-0.213100773881151,-0.721860580433466,-0.859094806837237,-0.690105714604633,-0.578330034652774,-2.65777848317366,-1.64639234312627,-1.47617769312752,-0.0747820402938083,-0.291901833659499,-0.210094105186432,0.581944171852146,-0.41796743153015,-1.93772354765931
0.62862073772806,-0.0812152368681048,-1.00129827440117,1.73715521564078,0.708116165838514,-1.05917572656472,-0.404921544419911,-1.78143021630487,0.286508403955514,0.0593421360569273,0.26368280678488,-0.232575998512751,1.8598214741991,1.20865328079389,0.277977555882194,1.29759571258697,0.532290046133815,1.3026821241095
1.49963189130898,1.15155003344946,1.99578035125951,-0.113801955776226,0.291800241997579,0.747950469769677,1.11341924498251,-0.0783232084062656,1.13171289942978,0.361913774047517,0.274251346741993,1.10688215567514,0.422991032747275,-0.495758310983623,0.919555044636007,1.06593047127871,0.0274009694764651,0.432309845627223
-0.12173343337604,-0.730433879384827,-0.642117864437561,1.4287228559873,1.0943662121129,-0.524905425217802,0.173081203699323,0.458695098197647,0.373279961544207,-1.27540096376458,0.60178141820193,0.0263130592163103,-0.314431787303197,0.0456241905103172,1.33253954892023,0.276872258026307,0.470935835417511,0.233354767927066
1.60790970032587,-0.0783829032736831,0.102192737169252,0.121458745545472,-0.239506445840242,0.0521496162452246,1.62917225623789,0.683997729951117,0.586109238535723,-0.259759761466223,-2.19899236194909,0.944903847226792,1.30966871158951,0.270793674662122,0.862818827620028,0.372046480042158,-0.247365349841275,-0.810647920332113
0.290682737327533,1.00940256451752,0.687833039190177,0.834674104710026,-0.192389021590772,0.234103444657186,-0.0872055443217153,-0.399653601396082,0.037831194843721,2.26799469998104,1.4133287586522,0.026634196210171,0.84172435418591,1.6803463994875,-0.103091426236164,-1.52567236237714,-0.647372585575623,0.991572471283207
0.177111977623573,-0.652978340489079,-0.543344360409936,-1.0123844223088,1.70943952139124,0.245058020408881,0.447868434583583,0.103458609075252,-0.165336948423794,1.44310219787261,-0.327601247450388,0.560743344683198,-0.650531009644484,-1.16531907251567,-0.351548269232996,0.144745523341525,0.375651954513629,-1.31548064106192
1.23497507684391,1.4073139203443,0.97559766719259,0.215757450948024,-0.283525167858881,0.372359373494333,1.22458782576438,0.672756689552466,-0.622356846619911,-1.21941098141945,-0.101102122998513,-1.20502661137818,-0.936460652042718,-0.707914060454166,0.0616154514195023,2.83972914376904,-0.618237177646293,-0.0552868413941883
-1.0661299113601,0.209247455531103,2.15555033545139,0.486099818979663,0.0133752640153869,-0.17082410776909,0.883436690269469,-0.91665012128713,-0.304306189013526,0.561405218417717,0.314852875204364,-1.06478957124139,0.1216085821516,-0.619298985579473,0.674272235729642,0.356986242636548,0.900639921696729,0.734902342695471
-0.61894434335969,0.0835245412057067,-0.430691882858553,-0.17771311008421,-1.55441748705471,-0.71731312949943,1.24773230461186,0.812197452737124,0.877836309871314,0.291251361992337,-0.434006647494074,0.680282479679877,-0.371922792623969,0.180623608757052,-1.59094269567435,-0.848334526355964,-0.8661229258433,-1.47609653575242
0.889390246544164,0.069937984709657,0.233031744460952,0.605605262470871,0.449930620290091,1.17330931471654,2.03283359501522,1.26051205400991,1.58413645521104,1.24650617152286,1.03616334753791,3.12742754784665,-0.046333163303858,-0.402259126301529,-0.0486430550692848,0.062571351611577,2.2009677766696,0.465306267952306
2.09630146814766,1.56412660789904,0.896467956096247,-0.38650063145459,0.415774883262707,0.986578536741422,1.34287762920443,-0.329730844105249,0.855484844106304,-0.17723229441765,-1.32509143607971,0.906342389403744,0.016443952524718,0.216198916475223,0.200185203882218,-1.78774123965332,0.173803459624186,-0.831163761169476
-0.800674201828618,-0.0524579742572497,-0.642206056445064,-0.8026573284468,-0.55084954331026,-0.577486614084268,1.11295800314478,-2.00392982594668,-0.159896790436879,-0.626256092124689,0.996928519023093,2.04473739990896,-1.44264978850513,0.391118777670892,0.953620672604124,-0.315719635256741,1.0865634466547,0.511257181402218
0.525078653399535,-0.127982480587177,0.131268542662398,0.992659740256208,0.200626436447826,-0.476407240260902,0.395483102861663,-1.17465248984563,0.259884277589621,2.0507978249915,0.193782883261317,1.11251372017451,0.751128859244723,0.69021463139721,-0.290553551546943,1.51442810681977,-0.0616107888231955,-0.508230340300541
1.91558793446672,1.60599864657806,1.71376245546703,-0.0760604935139806,0.836821804262113,0.132382550818478,0.128400428724644,2.05274779464866,0.441462570381064,0.513803125457854,1.12833934050238,-0.410929366920622,0.879618887159216,1.16769753220635,-0.836826703844433,1.44146672902639,0.841952895111961,0.514929918968968
0.61673386442649,0.67150245304442,-0.396104537102513,2.59571185816733,-0.449384613134224,1.39948712380055,0.472066241588685,0.725490198720606,-0.434303313078781,-0.231506733370937,-0.622953375672975,-0.579294954897523,0.476880123871159,-1.58326535367223,0.0453385513281736,0.490710977447817,-0.0477572937893321,0.651846966781754
0.520370335623175,2.0186286268547,2.25929506157206,-0.707399595589312,2.19744010573131,1.91485654925257,0.59195753728063,-0.824971629251302,0.0480852495056973,0.433798721298765,-0.229839594524683,0.800069793154263,-0.257138948068458,0.565820166659234,-0.405561503216887,-1.6793975604685,-1.12562882830945,-0.190679789963413
-1.04949360190992,-0.20209916710524,-0.597709394862626,-1.48884754064942,0.947838755678514,0.0254949981637916,0.188307556869287,1.15273096746672,-0.509133296443396,-0.437194139273245,-1.06202413557095,-0.652280399125778,0.0575060955062505,-0.737012790517074,0.203521181413307,-1.07466412767327,-3.29794968453754,-0.900690108611134
0.696450755983203,-0.603084659963732,0.666341993426519,-0.448932083948996,1.58416192037283,0.50966414701308,1.49813691361251,1.05069455276579,-0.0247103168073823,1.72885318572504,1.53840131135981,0.674206520878482,1.16832935859942,1.14899329030336,1.60319016856344,-0.250290768078005,0.374896209803674,-0.129704281803586
-2.18480375248359,-1.74641631195204,-0.77239784698156,-1.03752985852162,-0.334896940212678,-0.261199117590312,-0.3332088420033,-1.97105813310814,-1.10143328521739,-0.999118960848295,-0.214756722894658,-1.43554954207098,0.514668694493633,-0.887300265997768,-0.873673509322563,0.213203515678627,-2.54918361813616,-0.831427026098468
-1.52958880740162,-1.26533108651409,-1.82789485897486,-0.410775305009714,-2.0665039226258,-0.628658321558712,-2.55761700315878,-1.94946433155332,-0.415146230062717,-1.8199120292929,-1.50597982606219,-2.43126653340401,0.358731168493987,-1.25409896563822,-0.96580393354922,-0.69275790056402,-1.23912428687182,-0.63880511673077
0.231893144193703,0.66643078185097,0.261650133652193,0.878467893994002,0.552066901134589,1.43500746541547,1.33401421784197,1.60512357297952,0.596112865601391,-0.605317309369647,0.830940603469382,-1.89245879216896,-0.131118343790258,-2.26367790913029,0.164259393324142,0.649671762312659,-0.272315523767278,0.922088215947192
-0.395410532659602,-1.2251100744327,-0.454354412418625,0.512817799522673,-0.554931146301734,-0.0774775649271744,0.184510704170867,-0.296013455299964,0.126990163109831,-0.15921804334261,0.232409757412971,-0.276679285767949,0.483536955729327,-0.0614782906810729,1.10789287562592,-0.355292809085331,-1.56515911970544,0.739635351738195
0.14607985296013,-0.182714186395468,-0.97410832321942,2.66904566218771,0.463725674596257,0.152925857880847,0.762298205482668,0.865554864175428,-0.900701507120319,-0.456695031000698,0.221615295027652,-0.935064920655807,-1.71834422463403,-1.67523134068389,-1.10263569026897,0.456988751106658,-0.161917968387064,0.310159584473951
1.74591071323618,0.534402377145272,1.18943026744166,-0.475587801871458,0.881418276592484,1.04186288807455,0.984728603541767,1.1071822178755,-0.255090406002078,-0.34851717879529,0.900883385692032,0.143646317474496,-0.00274641811109636,1.87833534940648,0.788892180152956,-0.118851424775966,-1.09408446433505,-0.615828370556925
0.550745279981433,-0.710990024861707,-1.0772702079731,0.360959017982908,-1.06009543453037,0.66964929487269,0.804956933765619,-0.269463006353379,1.58780831016357,-0.456027048071088,0.836838870975898,0.0919649132080084,-1.50801735890388,-0.733075207662348,-0.0527532126254643,0.461423741371041,-0.336479112619703,0.213533153203183
0.0943764011065134,1.42099160133496,1.01190319341074,0.898608943444285,2.35610590234327,0.0430116966978153,0.290271659517885,1.7652804083113,1.2272519301914,0.672608024994223,0.68345887481704,-0.775186900431579,1.24375318840589,1.37717742766527,-1.37131005486577,1.36001477243065,1.25892288628792,0.0330028987836787
1.33284060793406,-0.0205377989789389,1.45085721578324,-0.183040231401466,0.105366788438681,1.45687484551932,2.15736280599528,1.03470248196886,0.807475540884946,1.98009413430853,0.668957309470011,1.18508849397269,-0.196570836374798,1.20523751815763,-0.471697674155649,-0.375738518739502,1.33184195007437,-0.747248151492548
-0.491334804994285,-0.364511600560167,-0.0277938787054876,0.582573222509064,0.82400023674427,0.896910442574266,-1.88664152509185,0.406146295248939,-1.83907696907192,1.11833767137574,0.241280132357939,1.01422384216933,-0.085166885056366,0.103093096930703,0.00831489282048112,-1.30910156311731,-0.530786426325512,1.3867184236065
-0.150890165039844,0.251348024235473,-0.952491054609312,1.45470201559833,0.398420310037893,-1.18906323885192,-1.39696194271433,0.00303504411456393,-1.15413906093462,-0.117852843346708,-0.754466539360077,-0.805840445545673,0.337746994651754,-0.461512470180243,-0.124923034597707,1.00124764073422,1.24814443251037,-0.00742411437869789
0.139095511507475,-0.248040682259387,0.532153781616695,1.61022046937065,0.890259840347836,-0.80437139050301,-0.0737692583676733,-0.703702706878659,0.544873758722641,0.801970717710704,-0.115490593904373,0.0455917647442652,-0.529082809787388,-0.434751114938072,-0.528426725959041,-0.536038398399485,0.887726847371874,-1.07063625113323
-0.113971597426305,-0.00358431149349083,-0.471313550709939,-0.847591933324825,-0.935317939915704,-1.06258958419501,1.15621710419024,-0.864615986122806,1.35381367208626,-1.7920145103488,-1.03511865479346,0.318657721122439,-1.30680549208213,-0.698600653385521,-2.10848611970976,0.364483049112906,1.48546999482611,1.32079130526201
1.37909255199285,0.908067774920645,0.848479784422668,2.13980315961954,0.829853900735053,0.42776706930372,1.52878268820192,1.06135799097462,1.83751081315088,1.14888381116898,1.83222686014691,0.830776292128521,-1.86363747061647,-0.366165035020816,0.0705686564859731,-0.253793285557082,0.525921681896095,-0.721471112243849
1.50583910274558,0.7189030712743,0.0852008285082311,-0.604072560494621,1.58746586128473,1.04626547676545,0.175590937236619,0.97005188048135,0.335905684703573,-0.895970235458509,-1.32879192681728,-0.597297189791703,-1.41424189433289,0.023350373024681,-0.101515726734328,1.59696075704024,0.357055686667175,1.12271599433857
-1.67554879123941,-1.53518875151548,-1.43067525459682,-0.829287771984882,-2.45929076230007,-1.17975973172382,0.353539387629424,-2.2642032321302,-1.67490405832927,-0.852702843277148,-1.51606535402117,-1.17922254614462,-0.489662221544241,0.543384770063078,0.385916777749464,-1.19037007980887,-0.678580812889116,-0.354115201718501
0.183306586870171,-0.298813244907999,-0.686749786735058,0.756107311737096,-0.0462750038214363,-0.271221294191497,-0.595760251021071,0.890973333502102,-0.25834561745382,-0.0536298990447882,-1.75964392937675,-0.88839918514411,-1.94972219399482,-0.889561153427116,1.82451531065443,1.25711423912939,0.874558709659001,-1.00301334531084
-0.829586975901068,0.268781155030991,0.44244236489313,0.610345316100541,0.674390672388751,1.51894742919501,1.53340403147321,0.955944297967641,-0.062962377425151,0.760500814972753,2.65529681160553,1.93591147907299,-0.23811330583653,-0.326867929006564,-0.871091292781431,-0.0224893925895768,0.872731021542006,0.094545764929916
-1.74854386136578,-1.66098283205151,-1.19255439731426,-0.401494227237665,-0.914530827887466,-0.86327542358005,-0.870031349392665,0.0430349836323566,-0.380883923792229,-0.312612526746536,-0.727712230635368,0.192381878776009,-0.437914574094405,-0.337104686271862,-1.08919938168051,0.343492253765039,-1.64583643195491,0.764688955695491
0.47226407607818,1.47851725098059,-0.685067856280483,-1.24902622620181,0.643482041189034,1.74216638897849,-0.439065203027786,-1.11559034947863,-0.736931742312671,-0.194837613751627,0.979003131410746,-0.946808957584361,-0.738122814889363,-0.510673861362916,0.334539255049223,0.00817062091881306,-0.759421325973954,0.789134349100576
0.629210429599997,0.593928235672557,0.203664934104508,1.64103869940639,1.10190287994481,0.77999741962921,-0.553674761239971,-0.0765148874937462,0.383520870936529,1.85110113631362,2.42951731337633,3.56514127953976,-0.394264432310406,2.13721146059336,1.02066301406229,0.966511584593369,0.210728580031341,0.210254753084311
-0.196327945318204,-1.08694970584824,-0.734142375013297,0.39316765214483,0.905919165889839,-0.00287103192054375,-0.271922014187368,-0.175208920129191,-2.38306611328006,0.0936838358052375,-0.279826478880265,-0.972523090180656,1.493821116542,-0.970308889077445,1.60191874376404,-0.555658197056659,0.434786162513272,-1.0299772105108
-1.54807357781158,-1.78903660899236,-0.739047365369147,-1.14882380053577,0.771597111868779,1.03473370820766,-0.983147733093911,-1.21211018992577,-0.303927562382573,-3.40344040971134,-2.31187529079858,-2.36744552896949,-3.12461022316116,-2.26529248270485,-0.474123868532209,0.145399654482655,-0.452325172649287,-0.381894527613426
-0.214230327124533,-0.221484820884066,0.860496944127597,-0.0713593087137748,-0.674597337241177,0.452472809348418,-1.98409360020192,-0.430614965287232,-1.83669712315999,-1.50244193971973,1.16822060413166,-0.261466649412166,0.995242278824474,1.1577970823232,0.582088041725196,0.720308379418256,0.331341484758549,0.284593159831105
1.75502308548244,0.557955139481204,-0.237202566077246,-0.572060357732345,-1.23054303941302,-1.47196903782885,1.66464073722379,0.153503070376572,0.236366851216441,0.554481809481216,-0.408981711876192,-0.750278115781639,-0.494909964365484,0.133591836051102,0.532411172075754,0.218829547587173,-0.979741114761283,1.67600147367304
0.0775355744519926,-0.243377910377249,0.0417023605666498,-0.346464824190148,-1.12556249777908,-2.04306795521035,0.243173415501269,1.65265660267471,-0.559385056799078,0.992913042462413,0.66199136401766,-0.0501829090578237,0.229792187061247,1.74396584569956,1.57765951831928,1.07592056135329,1.02228272830758,0.847678573534575
0.865085316111967,1.40793347350293,1.63608823995992,0.460054377382865,-0.990269156121474,0.651725428774121,-1.60584601802535,1.09369046032478,-0.698788570949025,-0.366207299346129,-0.524231148297987,-1.0933506931126,1.7049819889575,1.49711388715895,0.597752794526521,2.12462643095647,1.26974705023569,0.125752401553405
-0.361365925660422,-0.975962277136208,-0.227517521145149,-0.0742980267142308,0.535031244251822,1.15469001854952,-1.1629996903689,-0.605406358823259,-0.418566210277809,0.0661922406730497,-0.0443466172196909,-0.88910023729017,-0.284300906080331,-1.66942267133652,-2.63317057724485,-1.04286818247985,-1.53011368924056,0.113567022133089
0.757926966174086,0.393612892653223,0.0649812453610499,-0.084074915351649,0.637613943009395,0.497839147854563,-0.92837628528811,0.903905544601719,0.467676901212176,-0.1431282007096,1.12645914979404,1.85661183071435,-1.74482582728814,1.02777082701442,0.270586199532729,0.874665964719532,-0.198353558748959,1.51180652482853
0.158277479885913,-0.166603706826087,-0.0881446285138256,-0.407492812597818,-1.50309426260724,0.127834697717907,-1.02515490000514,0.132256645318498,-0.161411277821398,-0.171954318238885,0.00613987797062763,1.35379446692457,0.102677678970785,1.23186234676261,1.07871644824751,0.204625403306524,-1.79704135827609,1.85033072309026
0.0212488724703731,1.31807330413636,0.531596999485319,-0.245484111121681,-0.316543434815963,-1.23675358460098,0.334078603826672,-0.372284152400094,0.721811885896296,-0.212198717023423,0.157139625497668,1.0200238742358,-0.166874239202676,0.577659769223477,0.761081047060372,-0.793302802902843,-0.411117273300364,0.336654330571186
0.0708258589573021,-0.252870379700329,0.810607863371415,0.851651736534586,1.68093007370929,0.750908251500875,-0.723723270760555,-0.781331381488743,0.724720136458394,-1.0102361348743,-0.268575006138238,0.671673340686172,-0.628991597024686,-0.418675695587971,-1.15136107987388,1.38212368184758,0.454618859731017,0.69112509524828
1.90634113279302,0.996898583193781,0.798267440949127,-0.659343700013954,0.689310933084073,0.782277067047297,0.103322950268834,0.626695065500596,0.161329881561646,-0.383244838922696,0.554124804331011,-0.270909523615561,0.414039063113209,0.621021396574552,1.08426522937382,-0.576140012998785,1.04342513677591,0.14613093459856
0.191048440409176,1.53850657938493,0.662176992845687,-1.60755063649621,0.544593042710551,0.766780253850058,-0.266380778407953,-0.357861014484341,0.515212190329975,-0.00274231225419545,0.48697417472875,1.33268812095782,0.382464798099947,-1.19945280666673,0.480052081074561,2.56967308716621,1.16901494272257,-0.89557028884865
0.118480435774388,0.608283324656596,0.477935468274725,-0.124742646458768,1.28370490579586,-1.21422875775236,0.842568835951967,1.23409247404131,0.579385344089048,0.088510083929175,0.782969221466668,0.0886445577697923,0.5137382857363,-0.791077338765592,1.72119733794149,0.68710602702076,0.0715138954537468,0.00507576268303314
-0.802623469613748,0.250894165671857,0.618856481819615,-0.281515241684344,-1.28421111776098,-0.780959041213531,0.901064113799292,0.00822399409555734,0.585272853188547,-1.30949530775029,-0.920885457606361,-0.418142881830835,-0.607601892596482,-2.07480295115805,-0.102154127672731,0.0119178497610593,0.212720382056142,-1.28383663339119
-0.937732215494969,0.367079455358327,-1.2747308204889,-0.440420949167001,-0.146624977218063,0.503936629288211,0.79871396376724,-0.471928078711775,-0.392459175392266,-0.70068842612308,-0.771982949875187,-0.148039260194626,-0.334284810684817,0.650367086042572,-0.0568624237945957,0.612344195723368,0.730604081009599,-0.325924336604334
-0.053478459750332,0.846650447867024,0.68066513765868,0.639794467824302,1.49149548164587,1.4352208431144,-0.6859950336281,-0.0920055280439851,0.758383562673952,1.09040614347775,-0.123464280184749,0.333226215741416,-0.427155608088005,-0.944726044925943,-0.711261787906301,0.371875164932108,-0.744946864905181,-1.58439251567722
-0.71433876179116,-0.0630195606751931,0.225264239006782,0.92175134792928,-0.187053557681484,-1.85318809358499,-0.298980118632001,-0.695759038177562,-0.292418961120751,0.856733004674465,-0.155248556950462,-0.110339646341493,-2.39588779069605,0.529812890748099,0.4472183917085,-1.8996934400162,0.860616752649616,-0.488970538488983
-2.49025028481797,-1.8574649431926,-2.07080461654867,0.907555628416086,-0.356039534239858,-1.37044971609774,-1.12522043003158,-1.3752106968946,-0.109787250667471,-0.306156303242386,-0.963087162596001,-0.375002660570197,2.12965167728214,-0.323619864526284,-1.77968051118661,-1.4993502108327,-0.100288655722256,-2.58887530461503
0.336145795845394,-0.495992490423589,0.639030502733655,-0.583400300924306,-0.984401690630036,-0.87736713466213,-1.03750654743568,0.0114142731954272,-0.81570083990769,-0.211632668449243,-0.538990664830613,-0.423214876100378,0.725779806349612,-0.719528572111365,-1.73396558133412,0.780722173392181,-0.445228930617731,-1.59400789631346
0.663730552321589,0.439177049893314,-0.379480750148062,0.160760779162681,0.861993764456154,-0.0255561629221237,0.592641724823846,0.986280650440488,0.652493130467608,0.31378470003278,-0.897870306433359,0.373620505346438,-0.612991558403584,-1.21070968555466,-0.540667082914947,0.083612540370735,1.56549802500881,0.468452012945076
-1.78426106819816,-0.620774396405378,-1.68910870403481,0.629186844520507,1.47420501183023,0.0662228099168946,-0.287617719429231,0.264112865602278,0.154775345288127,1.34136114346781,0.814952464622497,1.48689779609595,0.155297127226097,-0.457067966046523,-1.14226417302866,0.521539589248317,-0.237554878648892,-0.674509165597487
-0.690051212976946,-1.40742068088614,-0.267316188136561,0.146084042565345,-0.0906655942683623,-1.14184641882295,-0.836451285160141,-0.912947692877377,-0.878011721513432,-2.38982735136806,-0.71494027767479,-1.68539157459645,0.919396413164179,1.00075261519443,-0.520140145514614,0.412532744325525,0.810022157962671,2.37916980614137
-0.211320496466005,-0.643189238353674,0.620852440775234,-0.387572577262932,0.0369879225273468,-0.335959801498997,-1.107788729432,0.355214128362251,0.213227218890422,-1.06340160905013,0.173430884387371,-0.955224029497962,-0.905003087926834,-2.47565696062297,0.468566797536454,-0.428292172838669,-0.506997100055563,1.95584828016473
-0.632172802337687,-0.603348795564721,0.787922695768026,0.0949571756777909,-1.06029398938333,0.98374712318155,-0.0828001402162707,-0.476937977261423,-1.42020356371142,-1.1102421760871,-0.639010709500138,0.144980302556287,0.406833731175358,1.53502588537714,0.126317882276472,-0.896792915676576,-1.1157531577925,0.284778896932272
-0.279792522952468,-0.313245677994816,0.604685552483451,-0.746462215523233,-0.36973002376562,-0.0209235489195984,-0.00570981803878125,-0.827250261419959,0.480199558299126,-0.964640628805824,0.0407752769730589,-1.47429440391633,0.91482935389182,0.208467769236382,-0.728521292116736,0.243686183844039,-2.27512613867679,0.606890571196633
0.268444839421986,-0.407590600444208,0.176241878320421,-0.137501309807187,0.663455194443295,1.28470560926803,-0.515980868135686,0.289979413262424,0.80643091947744,0.791760770663547,0.23093149061159,1.12126766151613,-0.49059564328827,-0.145427056059113,1.36413309528013,1.16720946036628,-1.55188562512966,1.74184717858919
-0.659184049687607,-1.103897909808,-0.271639690766344,-0.559302270713496,0.877033289664382,-0.922102147122175,0.379225009823233,0.374206676955742,-1.78423070877852,0.681227779588501,-1.30452654023647,-1.72421483392224,-0.647883323210712,2.02917753085108,0.71768930938492,0.619758160521726,1.2062562457949,-0.773227276508681
0.334116026278972,2.00920547727963,1.27014979373853,-0.544754792088382,2.17964159118781,0.36551468177771,0.184198974897651,1.94627588745101,0.497565185704551,1.97028502129471,2.22860947682147,3.0640299171664,0.715927705261717,0.975926445126921,-0.914274862365624,0.424319746978342,1.67014656761103,0.435291502100363
-0.533972380120579,-1.47759637839433,-0.463396614964305,0.551272351824307,0.431431255375666,-0.257757221096367,-0.934570913493755,-0.0272610042190827,-1.05964028762275,0.720432281227963,-1.33949487600544,-0.26091580886793,-0.829431337682991,-0.287303091697595,-1.34219701322663,-0.923292287295294,0.485453899274864,-0.0152231738601553
0.514333806012128,1.12225880641806,0.548807099030811,-0.513101501820339,0.518848775101832,-1.70925273088945,-0.883326052820676,-0.407694278980629,0.0359453967364537,1.73345325581857,1.18897052462036,2.07902287131479,-0.782090449568348,0.0338146351159145,1.1460556251215,-0.0116890535601632,1.03288150100026,-0.236495426637224
-0.465199525387332,0.409889933797985,0.600790351940112,-1.31084202116743,0.323606420105233,0.223534378251078,-0.480908548836885,0.895236584166963,-1.36599961152578,-0.307879892338379,-1.90195099703201,-0.641278270953995,0.0260947895226607,-0.412100643811472,-0.0587173402017007,-0.780794058395921,0.395851441537559,-1.06855384158946
-1.15135372190046,1.99853954708934,0.460488684947953,-0.989835087479437,0.50472157226572,-0.293081840831571,1.15179544037142,-0.0341410616861808,1.5780146319422,0.767635145598809,-0.63819159203953,0.672215391779761,0.963529028281463,-0.450965688641433,-1.00817413772704,1.7760943508179,0.267754213139401,0.285787485230185
-1.95353954786734,0.0555961178876387,-0.637387915403246,1.8411260885188,-0.0700134057044516,1.21699280736469,-0.590779059680247,-0.615612917683322,-1.25487285929754,-1.36869077165928,-0.913585773818398,0.674303710883119,-0.0133610249759964,-1.18245775601691,-0.616452957206547,-1.9887983936051,0.310702707524997,-0.37183860416595
-0.0900530208082354,-0.688514465891607,-1.5936609648249,0.102003495399908,-0.137613390472472,1.11332706771421,-0.244341899563065,0.141086285711196,-0.109099660004387,0.176759465346205,-0.20773991281657,0.778976114752944,0.252162213449424,-0.0621903270762734,0.512841613739991,-0.197738475413696,-1.43180345512364,-0.717460179814684
0.490678323474672,0.312394576299515,0.839651762916805,0.720605604060155,-0.0982116594347976,-0.103909249180943,0.279685166012172,0.961366684961994,0.176108140692471,0.358200387348588,-0.282189416088631,-0.676033050702461,-0.347851483161948,0.0447161799027284,1.10828123813358,0.813629973177971,0.0885530331501607,-0.540424031828453
-1.37909043427208,-0.457894503075692,-1.16752673011662,-1.26572633720132,-0.251299660662885,-1.25602465318191,-0.181035582692284,-1.96489194472927,0.460692672307521,-1.51807968668284,-0.870104682263387,-1.59300801180297,-0.9489560663683,-2.25216669094318,-1.87839070981723,-1.5587727316828,0.204901030833612,-1.7493961226247
1.35368220572721,1.82043624185182,2.10168840486367,1.43817367523947,-1.11777736204139,-1.04943288846,2.58051887976038,-1.28748974177939,1.039353936439,0.113781511223421,-0.690434165600277,-0.585348945101117,-1.00039605367813,1.11980266657359,0.683989562064553,-1.0416184594824,-0.97751772119523,1.44971302731323
2.24992439356953,2.0002771229537,1.10364852223093,0.514932780128078,0.327897590510857,-0.234078279749024,0.331554134362276,1.20609820031078,0.377901586807368,0.333480198056897,-0.920863975862754,1.30819904020905,0.0517420510054586,0.650502752066677,1.69339431668889,1.38057333668427,0.184005174494434,1.26444673641586
0.296269291070751,1.35489946495421,0.475366170356157,1.62636465299747,0.415815615267287,-0.783622405733791,-0.534812258010168,0.388427824352288,-0.500505701985144,0.17276019585005,-0.548888245433671,0.142728203608812,-0.637052820623831,-1.48564350305328,-0.257543531309852,-0.537800564813298,-0.673736043141702,0.373490656068925
-0.258061386709679,-0.153554436088267,-0.451674219671858,0.679643435613334,1.83850777946171,-0.935203535810045,0.0360733269374779,0.323153598159998,-0.0611853707203127,0.929996881769878,1.44305455422037,0.220498627534095,1.32890922293241,3.33256167873703,2.17991461883725,-0.302121308858695,-0.994858853762163,0.557405838240506
0.0978653354334044,1.31106328245898,0.693266598513418,-0.57294608820529,0.199827457603934,0.168947961114206,-1.3044340158875,0.610553883900777,-1.12888959039964,0.0648475454235107,-1.64428702672057,-0.822627809975233,-0.815410895118429,1.24398994961968,0.613367216717499,-0.343258597780564,0.797058377725847,-1.22017022904956
-0.108309649272662,0.352616989939758,-0.145415584053547,1.08010503767482,0.863770398013489,-0.430308354581027,-0.430776100805355,-0.199291412082451,1.69044500212134,-0.248731950564681,0.524326149689692,-0.663846026190153,-0.423748069895694,0.164153457307911,1.06568273187461,1.83320355736308,-0.445474955927465,2.87975298605867
-1.82258067106362,1.0371169562262,-0.553337825683079,0.00269377734594753,-0.16636756523473,-0.110886531509032,0.895381747123066,0.313691985412269,-1.25649814992409,0.997425008468119,1.67804523404506,3.04948635946883,-0.345128031048227,1.78386803142346,0.35445176332093,0.28470430273016,0.195045254523434,0.20852912124257
-0.38935866019787,0.38831874694414,0.951616191515154,0.0905639687665183,1.52397604031884,0.822235122783343,0.323318924845919,2.45170406645076,0.185354936052697,-0.417961717393958,0.836855996712687,1.47965918799661,0.338815819666568,-0.0423714539210583,-1.10453507342998,-0.132427759988471,0.917719221762903,0.536766352014567
-1.92560561391502,-0.997155674287613,-0.0306350713601176,-0.256334387188195,0.38112142746243,0.846117597159801,0.0888927722919695,-0.166391253646055,0.0132375266081315,0.424058706819528,-0.745481676497302,-0.652804749507319,0.390468813341778,0.349070618446858,-0.0545534127956319,-2.09536507702157,-0.304029760286356,-1.18865083726848
-0.462775349508445,1.05823010573556,0.983533318943368,2.19374380631503,-1.73265731529204,-0.978560751749803,-1.29332688229726,-1.74003826223032,0.121063662838653,0.772533502127239,-0.214537063742257,0.428526390891493,0.759288466143462,-1.8474791553061,-2.50836967442603,-0.958353261855839,-1.00930862423783,-0.434789215659301
0.491961246321217,0.113965231551024,0.102145255085272,-0.461020844169201,-1.00731026512125,0.208956493069452,0.804049439181038,1.60936715282498,0.157419471595598,1.62321433436843,1.90191869312424,2.1030034935333,-0.375303577456159,-1.51137152730648,-0.0640826628424431,-0.483870977988967,-0.214575145439929,2.10083490578653
1.27776248534422,1.43372587270763,2.06167263075148,1.76973846492259,1.35946701081909,0.736985856370403,0.388200649834289,0.566238077440827,1.54842507407238,1.88859602739617,1.64711105388031,0.682438734147203,0.550144727306977,-0.930577975099302,-0.867484000339933,1.25993087926668,1.90189641837989,0.343862259826791
0.0908110043335376,0.970851331715328,0.349543019705987,-0.625560800419626,1.80312363006841,0.979663642223743,1.879898455342,1.72133553190478,1.87084495334707,0.779733833245804,0.764679856550894,-1.01973915665198,-0.545412487811116,-0.362408174133618,0.700505634449752,0.858505969935636,-0.65877964881522,0.616584745294343
-0.221069867023764,-0.105212197102697,-0.626867823455685,-0.587974490810497,1.71090416243735,-1.2607803907106,0.570984624966899,0.770273850542958,0.186927073985909,0.456496840436955,-0.612302828664147,0.62908193307078,1.23668846681087,1.73389264996698,0.580630862126586,1.32300626611953,-0.0212969672325917,1.80613550109496
-1.14654348132991,-1.48860942375828,-1.68395143991432,-1.6687426758788,-1.64129288823583,-1.15770091279596,-0.407332691606891,-2.27326808208291,-0.824803476816582,-1.31647213776843,-1.85228505381583,-0.033045105103562,-0.0469543953766203,0.347826777053728,-2.66395489016494,-2.33445034235189,-0.526128384689842,-0.911586732795263
1.39159586754763,1.91567671239082,0.640306962842832,-0.39631176758164,0.637226751285023,0.52508301851695,1.65408659801644,1.47800125073382,0.905774768925165,2.78649956655863,2.27986200717654,2.61493649759559,1.03057600316653,0.824757555264908,1.33785300836946,0.926113709949394,1.49817599260455,0.67181549957864
0.994880494642886,1.54854422671393,1.05471273783144,-1.29774292740482,0.340883305864494,0.154988265701764,0.329643172146611,0.852486564506648,0.943815989494408,1.42550431305844,-0.253323056245668,-0.413626413795344,2.56158618684054,1.17440175646155,0.466903356629262,1.23732460844461,0.685553528463873,-0.354090303426528
1.73552143313573,0.549010596918343,0.660080714594379,1.17957623171577,0.772112149936754,-0.055778836895854,-0.562793797113796,0.970780004491921,1.87872644727111,1.26243663351955,2.63848438775119,1.36308723659684,0.720038719750952,1.80238792953481,0.398873638189968,2.06049022726391,-0.824790635507119,0.464749746342409
1.85581964503695,1.07596522671431,1.46064516065241,-0.775124460839017,0.291239784191911,0.351855086529937,-0.553299129478617,-0.0134896043939671,0.817489552317529,2.0168204093268,1.01035951869972,0.411895309349198,0.625006927956282,0.930341288110428,-0.126477492046015,1.11033436146263,1.39213640608677,1.84863302203895
