"ComputationTime"
3615.62799999997
