"y1","y2","y3","y4","y5","y6","y7","y8","y9","y10","y11","y12","y13","y14","y15","y16","y17","y18"
0.450929718855307,0.0455239452188543,-0.0352174265531526,0.152140326967717,0.342557577081977,0.700722407464299,1.04697247152554,0.637178667697602,1.30779393602087,1.2688497492561,0.255373886505135,-0.822800509142147,-0.165862176690316,-0.26856917511221,0.728050353207933,1.12166078476046,-0.442088265408949,1.79283390571234
0.332469060257072,1.96818558969969,-0.369399141637148,-0.540755391215333,0.376431975313553,0.879174263203604,2.01054609327107,1.47050763864406,-0.0429398496960075,0.304083736630026,0.621701459589691,1.483162248266,-0.811738012983712,1.25910696850166,1.66590183153727,0.252284868776065,-0.5763485294525,0.413506251881384
0.692517307378542,0.213186614671836,0.252822292359653,0.34822829519129,-1.67635779653407,-0.0787887638643593,-1.65834785824222,-1.45421411012187,-0.65114334286415,-1.05484127976225,-0.895454532017119,-1.29637748618656,-0.889907974764349,0.807667456940799,-0.898258997885016,-0.570283057580681,-0.931294837625938,0.849448306038089
0.832173320656692,0.812563056989567,1.95560686552628,-1.05842795948142,0.749100309445357,-1.36026199261992,1.15946863340148,0.493039956519121,0.0502344671211563,-0.0895552544980953,-1.03652187699982,-0.460248752790845,-1.00155025103273,-1.10317797768508,1.67701156500645,-0.696171047245635,-0.267027554078811,-0.587428346213088
-0.440162893372926,1.10491771464621,0.363472833465904,0.534758776879923,-1.36475631994117,0.54761572854321,-0.00944664042969899,0.90831628053351,-0.17969582306951,-0.797326674684436,-1.61342517980595,-2.54453175248141,1.12597126032153,0.607302049689714,-0.145525280678548,-0.079603091243121,0.375393520008409,-0.285337651515929
0.535120036941839,-0.304113245080661,0.690216987424915,-1.03704913141085,1.22852890581255,-0.501271198503006,-0.347944399661509,-0.712799015620338,-0.464526241179198,0.203228529682437,-0.337756278661135,-1.17594066669232,1.09641845485404,0.41150202292726,-0.404889273425504,0.33731150520258,0.183562384101551,-1.0618395013328
-0.233247685750069,-0.699062599027082,0.241780158135388,1.17127186901675,-1.17058469137381,0.653636873578328,-1.66634542530499,-2.25790227978171,-1.86165217447561,-0.653856524857785,-0.521175089461783,-0.187262154182736,-1.31928550136859,-0.922564969790363,-0.517358422506229,-0.465884394127955,-0.710830113571901,-0.735609425701164
0.43961767642431,-0.516762160211828,-0.45733377931154,0.466306817947614,0.216673514802539,1.66436350853821,0.147582951727839,1.10191787111262,1.14360364843593,0.324394287469897,0.902817451342904,1.01067819094544,-0.746066331591842,1.50859515634813,1.15307152832027,0.951723989393542,-0.167107213832513,0.441111793041405
-0.165246226142226,-0.742972011100175,0.126905956550599,0.0944563259892202,-0.750663200109699,2.15249777744742,1.74381289939217,0.277944940110615,1.74383002295753,-0.959776065738225,0.444190594151797,0.333446874004938,-1.9680471314764,0.0251053137327327,0.287306275615065,0.0927504695003343,0.531837643852511,0.901753680126709
-0.0832048529991041,0.0896889389935889,-1.13937096406983,0.184985532708321,-0.880098726556828,0.324066542216011,0.287976425074236,-0.302063788450382,0.933384783929507,0.357116468385023,-1.83914348107474,0.00451566649307497,-0.106320933938116,0.13006927708456,-0.737509849246064,-0.748936947690112,-2.25414003820945,-0.742452221766047
-0.332445866548308,-0.0972057035629539,-0.346678973581782,-0.29728796366118,-1.25728406635996,-1.03029427434214,-0.759831322556733,-0.299136801638792,-0.236502234586438,-0.318310652667955,-0.246220248765053,-0.472790432363042,-0.383476893759779,1.06994917442112,-1.57292857078181,-0.552551872038674,-0.673494034963901,-1.12387547217211
0.143123430533287,0.689949591374501,-1.62994322158687,-1.00249951261184,-0.153566473068343,-0.31386393857621,1.02008018137368,0.23373268230848,0.331942535959244,0.437027775491377,1.64204333717835,1.33586681481803,0.901234104134188,2.09186063063691,0.371476862443171,1.63258577052385,0.251500383977353,1.05778014819211
-2.62046515579742,-0.779659477373113,0.75412493143758,0.844130554254682,0.971989042529701,0.935121198785309,1.02946119423146,-0.711848948495623,-0.504821765204167,-0.0560356345456313,-1.30139374797369,-1.25069147052459,0.775592168379042,0.153402841515823,-0.522716426601669,0.330152172668654,-0.451217753881826,-2.10592379500908
-0.643955341482941,-0.875190661478764,-0.278410103125826,-1.13617568980297,-1.17311613826376,-1.53984945758196,0.198220016290175,-1.40377883794867,-2.47633683358896,-2.45696942485167,-0.237118753410075,-1.08757132037353,0.177002192072303,-0.250796304569906,-1.2950316469931,-0.893270786631103,-0.218197017089006,-0.471703190453292
0.414628389243127,-1.12772128780706,-0.338841591305349,-2.59269595016686,-0.230188809285147,0.0282346740886377,-0.763732109697995,0.428328102270445,0.782953612550247,-0.274813036280414,-1.30691758869882,0.358279013178398,-0.172781496823344,-0.214922094110247,0.345776490360737,-0.669212321138551,-1.5652774345459,1.03382092207022
0.683460075722885,0.146762947516421,-0.742137855176942,2.39221165157183,0.97286990443389,-0.528173729474767,1.38223486963354,-0.601726921420999,-0.0548475704802611,0.589437249283545,1.25917525099728,0.239802273141369,0.54833046235451,-0.06958825365494,0.373400833555966,-0.559775732339189,-0.0715391711834685,2.23020018852005
-0.11560378310789,-0.693311582771643,-0.0975847692026792,0.322869864732803,0.22016616401579,1.1478909957333,-0.366214366617922,-0.674283897562662,-0.0123152342339783,0.123602553419454,1.3824282702345,0.866281025909599,2.35698428259628,0.686338529938494,0.315525181700268,0.428119162104068,-0.325323742878893,-0.763290726259492
-0.657737024791503,-0.336092274620066,-0.294369140110229,-0.153997236038854,-1.2580936903153,0.0926700594628224,0.0880161386823655,1.09289679846522,-0.22522597612897,-1.30449355221005,-0.454715509836634,-0.0641652659285946,0.181722612333476,-0.260133158513259,-0.37125167992772,-0.636747591811854,0.372616487365942,0.268658238240279
-0.358279460932739,-0.664161639804216,-0.440386557387357,0.106845034048594,1.46625636054911,0.195269098949174,1.53211837712577,-1.51728792273836,0.561996376975466,1.54792638786021,1.43628695764823,0.178075923017782,0.27463622933809,0.230296846642935,1.49656399053764,0.832704483888494,0.329977737431507,-0.877277032338388
0.273120655615599,0.782643281671519,-1.0175629891902,-0.450730789831685,1.25603558400302,1.31341380310513,-0.366132246625531,-1.47722294649022,-1.48574640604635,0.0462597263555715,-0.562832716522102,-0.740009369053505,-1.60432503698331,-0.334070854828367,-0.157752466626813,-0.410854722283272,0.85635004835026,-0.546311796210192
0.539261918651063,1.0977393510147,0.927259739299642,-0.205373326173123,0.399799646602917,0.118714457622132,-0.459754683916171,0.203050638125438,-0.102407531592801,-0.347346804771588,0.929741901839379,-0.384459255281875,0.976368331946442,-0.583645875435459,0.0943744780019735,-1.78500853547487,1.54957909092853,-0.0412384532042249
1.04244029044696,0.532580089399503,0.604698318846757,0.427650509001986,0.264974762915142,-0.0418339923193191,0.841799855492199,-0.256422202568007,1.78661738436823,0.771908009728763,0.0013498932492447,0.900151602885424,-0.662331680987745,-1.39313941434356,0.305485755676192,0.474971418495667,-0.715719444887971,1.38858940690451
1.13138464440123,1.865589726006,1.95947638545647,0.748941824318859,0.17944876018266,-0.210660894104545,-0.0212025708480214,-0.0297401065832801,0.113348428222296,0.991134986886377,-0.671698533666303,0.965815872945389,-0.264997721099755,1.75428329098243,0.861928819127688,-0.500664453760011,-0.578658265954732,1.22128068924488
-0.137414542002681,-1.40230361407329,-0.0478463653701986,-0.324500351738222,-0.287578037873915,0.212480716680829,-1.1084392606122,-0.960970100731527,-2.14614093814547,-2.05226449973173,-0.752938031951794,0.0333935979331632,-0.160608421527623,-0.821680202308431,-0.692091182467286,-0.672797240060133,-2.14296119687732,-0.936663645954231
1.44494845324169,1.13227033091083,1.20009001995726,0.766576110573751,1.42003340050168,0.367577647243737,0.371664230300711,-0.0547727652748867,-0.097469337658165,0.501204769000813,1.02097037126516,2.06807546600519,0.473372726177495,1.24534166189468,1.51799629625158,2.05262161475696,1.91827453799648,-0.0507176589046925
-0.905818363168465,0.325923595869124,-0.338378615511479,-0.141884253915172,0.401269194671366,-0.885046234168867,-1.38366700798707,-0.512295489561869,-1.26513052088201,-0.890476308095285,-1.14091470112666,0.123167122650276,-1.61188708505308,-0.597413495387997,0.299543541120387,-0.66281627882376,-0.377635079505832,-1.53789752588352
-0.18474109240441,1.36290086738353,0.529975400140306,0.728378456751938,0.0437365041395582,0.111507918886409,0.0365794398635744,-1.39901408886767,0.506621433836569,0.684111122075787,1.25222014066934,-0.212956711987183,1.02702353101128,-0.939765510248341,0.265978069086534,1.14934977406599,-0.219948941415781,-0.794701903905894
1.29469781099499,1.0990741511234,0.630044200663322,0.405443776589598,-0.288536924346274,0.256364168650131,-0.411319993463936,0.740451461673328,0.308350275562636,1.22639132043195,1.27418848629729,2.95894256648826,0.185732708017349,2.29351103462013,-0.934254032246044,2.04561732162971,0.119892691364636,1.59924077510254
1.63760417283446,0.109483478260291,0.958886011302932,0.273096727152962,0.858460420449729,-0.24472961439016,0.164194411901808,-1.10269034878988,0.10093063398138,0.508395382211212,0.576952221442664,1.03016139107751,-1.76347180510036,-0.10044669433088,0.279516408939308,0.256944536354265,0.419324722184885,-0.0584902718566791
-1.34996527368365,1.2117885949297,0.116541001780781,-1.48898361815061,-0.192604011354772,-0.786443370057758,0.393169616313496,1.23394358029622,0.208403902623922,0.417555298409844,0.432706978309203,1.35853597460157,-1.27810499793078,0.562335172021834,1.22572735925591,0.28121910926912,0.184885815820534,0.522743165473901
-0.0832048529991041,0.0896889389935889,-1.13937096406983,0.184985532708321,-0.880098726556828,0.324066542216011,0.287976425074236,-0.302063788450382,0.933384783929507,0.357116468385023,-1.83914348107474,0.00451566649307497,-0.106320933938116,0.13006927708456,-0.737509849246064,-0.748936947690112,-2.25414003820945,-0.742452221766047
-1.4759000655871,-1.48404532846951,-1.07933380214718,-2.81859443212438,0.0833466757869362,0.43160660066889,0.164050947106554,-0.849583339422969,-1.80318783035949,-0.529466989463708,-0.980825411553808,-0.168514678520153,-0.403012079776044,0.341777669421813,-0.00266311084598564,0.438147219843727,-0.380313666489786,-2.06762371036562
0.493810670304165,0.292668829249423,0.472945137545918,0.364370290421337,0.789035814367041,0.367922497805938,1.32600775089116,-0.16191457363543,1.70921937045892,0.489844749420831,1.74925206978501,0.799254970093399,-2.0982340763714,-0.118950423437728,1.82238741689752,2.75026021652479,-1.0151468330448,1.24862275110889
-0.420370330274453,-0.297231934663151,0.489399221222771,-1.43210281269018,-1.57227106280097,1.93210098074744,0.349906809422386,-1.08555308375142,-0.393234828563909,0.573606099078964,-0.462907052881558,0.155274196833963,0.723171020484054,-0.0743340617141534,-0.8489807436549,-1.70969829730487,0.886219684667049,-0.946666625834764
-0.18474109240441,1.36290086738353,0.529975400140306,0.728378456751938,0.0437365041395582,0.111507918886409,0.0365794398635744,-1.39901408886767,0.506621433836569,0.684111122075787,1.25222014066934,-0.212956711987183,1.02702353101128,-0.939765510248341,0.265978069086534,1.14934977406599,-0.219948941415781,-0.794701903905894
-1.45099034110321,-0.651031018715575,-1.49388850773882,0.086626239382966,-1.88645908831743,0.619517981602653,-1.35752099069901,-0.676318274411363,-1.25043726968685,-1.26110074717247,-0.938521801487367,0.487602096043755,-1.51149623200203,-1.95906670048027,-0.212661492462284,-0.245723283965345,-0.998435463293977,-0.522335508690585
0.920564404489767,1.15470421264386,3.08733603382486,-1.74248275416251,-0.0769013256159039,1.10680259809049,3.12989269356378,-0.349374416016545,-0.0207770843011007,1.77780715501095,-0.494639325670261,1.52276958062562,0.521028974047937,-0.669163664988133,-1.78265003833539,0.0773640760803745,-1.56105480552721,0.885774755089159
-0.233247685750069,-0.699062599027082,0.241780158135388,1.17127186901675,-1.17058469137381,0.653636873578328,-1.66634542530499,-2.25790227978171,-1.86165217447561,-0.653856524857785,-0.521175089461783,-0.187262154182736,-1.31928550136859,-0.922564969790363,-0.517358422506229,-0.465884394127955,-0.710830113571901,-0.735609425701164
0.313120437100325,0.0997893860132236,0.456110162162001,1.2212737166341,0.481243814259384,1.71591000498767,0.943460242153299,1.26117481644137,0.118635253682063,-0.474006976931249,1.28617923856062,-0.625245289280326,0.594922842990697,-0.102402633569784,-0.138860996071418,0.470694561694156,0.559825877704314,-1.08812071462181
-0.758400027920728,-1.6465490855091,-0.0202111467833754,0.861359392165611,1.15055683049957,-0.0200161863306361,-0.0154532962167919,0.143986924835168,1.01379555896981,-0.0350900476481111,0.844747185569822,0.251995556960832,0.081879456822974,0.129232460228394,0.103080771809573,-1.24814584480217,-0.54953724764104,-0.139452157805727
-0.122450279042711,0.276328644298568,-0.973991926744415,-1.42570063036972,-0.12067748386949,0.235544069852823,1.09128554611675,-0.171819073320854,0.051566084651971,-1.3594739426599,0.737001913632956,-1.95223982814947,-2.51623462868693,0.019144709297577,0.378487826328907,-1.12533538580278,-0.751808830610605,-0.756881437964549
1.40804504069272,1.95681260390841,1.08215566795679,-0.216490677550378,1.52629297181207,1.62776600469059,1.17281340633171,2.27751157308947,2.52695635187493,3.02824895112308,1.33339582145593,2.03629389506147,1.64668236205853,0.0365833997811364,1.55648919708998,2.73098569391193,1.91916873889913,0.603814420377525
-0.828906559813802,-0.1971383084136,-0.452512469269162,-0.699081773629402,0.388489464798481,1.69198409461985,-0.685614341304121,-0.530713207093777,0.876983884314407,0.756907671257682,-0.342734885214923,0.716371730570992,1.20738617578887,0.45047312287588,-2.21809319656271,0.196142474676855,1.03236711082427,-0.404225961277331
0.960364891423775,1.69729503408072,2.69720631408193,0.506140180763723,-0.249706835446291,2.0251915352759,1.36595781099846,1.07430244307176,0.274333286520017,1.62917016938213,2.77426553648547,1.33671504176644,0.740611385460598,0.674049466259274,-0.62050679451487,1.9193166311047,-0.0460201199346075,0.565015064866558
1.63760417283446,0.109483478260291,0.958886011302932,0.273096727152962,0.858460420449729,-0.24472961439016,0.164194411901808,-1.10269034878988,0.10093063398138,0.508395382211212,0.576952221442664,1.03016139107751,-1.76347180510036,-0.10044669433088,0.279516408939308,0.256944536354265,0.419324722184885,-0.0584902718566791
1.59338654790167,1.26997443984277,0.977786072530357,-1.26139380860388,0.178634484438495,0.93089429172381,1.60587384720309,-0.372132981321108,0.534283614522756,1.03036018128498,0.153606142781927,0.751666466177829,0.3295031243863,1.07246924665278,2.36834096960674,1.38343856302494,1.17917435444571,-0.19533598334863
-0.863484510898164,-1.07865677252528,-0.19532894608285,-0.460802577160568,0.517621535617056,-0.397502247323557,-1.0794892393702,-0.238280305248605,-0.692411046595747,-0.0621639022183114,-1.43774493893095,0.809045717968681,-1.35190819367873,-1.87306170032236,-1.04302124893193,1.43495094116527,-2.22651364004232,1.11426347619187
0.539261918651063,1.0977393510147,0.927259739299642,-0.205373326173123,0.399799646602917,0.118714457622132,-0.459754683916171,0.203050638125438,-0.102407531592801,-0.347346804771588,0.929741901839379,-0.384459255281875,0.976368331946442,-0.583645875435459,0.0943744780019735,-1.78500853547487,1.54957909092853,-0.0412384532042249
0.0651060478990026,-0.955319340301262,-0.615777754426767,0.949147304488415,0.307176810278476,-0.852877165339169,-1.28518744736212,0.486787267536179,-1.01940486392622,-0.515832746376955,-1.20341639839976,-1.068123180697,0.443813414110386,-0.0333462605708822,1.0929985409801,-2.0101165105396,0.516586093160337,-0.771125974726957
0.521779312502997,1.08971574961188,0.0610897815307724,-1.71840192286292,-1.39321562298955,-0.531597287008665,-0.823553937031751,0.601747663664211,-0.0917071197412942,-0.479443864729443,0.925817991022089,1.07398738301833,-0.0822995510983105,-0.064961218315165,0.398190273354049,-0.207036378564696,-0.126998290436577,-0.0431032352142606
-1.20187213154578,0.342561451030438,-0.970052483868277,-1.55067509535728,-0.607405146044172,0.44631375958681,-1.53456611158986,-0.246741642365144,-1.17382881681601,-0.515952883864452,-0.564513117011508,-1.51935304381481,0.873065169622632,1.45881626039582,-0.19885030786064,0.374260841736224,0.0437229280861514,-1.00188070072132
-1.11517897075656,-0.835943232085751,0.0408106816669853,0.572495518669487,0.883235608503031,0.184580946900492,1.0450577684421,0.858323302784121,0.0698619399074906,0.691347396649935,0.146555656319637,0.305645640761297,0.406467177521812,0.260105600325183,-0.382047589088178,0.81153598133619,0.738156242393462,-0.156763943769002
-0.963952885750621,0.791737078683446,0.282362820278505,0.292097560927362,-0.567098323882156,-0.537894134787267,-1.28754716244182,-1.50386874265771,-0.629500229964357,0.579626735261349,-0.698234819936135,-0.566078042001824,0.35133616967377,0.00579865213120557,0.561849735701386,0.940066850208969,0.0072663170934848,-0.243732673851869
-1.11241494799235,-0.220547297662434,0.467491086790542,0.602460620129359,0.299407096469373,-0.00678033041479767,0.76557005265832,-0.592978297385867,-0.200551916694098,-0.452369161776786,-0.264809528114919,0.212134146124892,-0.955509408211439,-1.29353116882509,-1.84464413271217,-0.862216281421689,-1.87195183912272,-1.23876932967733
0.450929718855307,0.0455239452188543,-0.0352174265531526,0.152140326967717,0.342557577081977,0.700722407464299,1.04697247152554,0.637178667697602,1.30779393602087,1.2688497492561,0.255373886505135,-0.822800509142147,-0.165862176690316,-0.26856917511221,0.728050353207933,1.12166078476046,-0.442088265408949,1.79283390571234
0.345831986300961,0.611338491336262,0.0951868929836471,1.62669357041221,1.42841115009214,1.34909119880285,0.467526797100947,-0.31970887429415,1.01589005868184,1.08198325411929,0.131972056159792,1.41050413072268,0.231711313525243,0.956489284958463,0.638360819576489,-0.435386013920479,0.141314240963245,-0.713200871770801
-1.72455701029594,0.246616938801381,-1.19835489011854,-0.178957674191025,0.803193447400821,-0.5870736948511,-1.6176454874128,-0.564205235748271,-1.11297741022119,-0.807649852157991,-0.53413357523389,-0.274032396523788,-0.343201778339704,-1.41212528581972,-0.775432939302045,0.232515037091848,-1.6577806185909,-1.06918552465803
0.683460075722885,0.146762947516421,-0.742137855176942,2.39221165157183,0.97286990443389,-0.528173729474767,1.38223486963354,-0.601726921420999,-0.0548475704802611,0.589437249283545,1.25917525099728,0.239802273141369,0.54833046235451,-0.06958825365494,0.373400833555966,-0.559775732339189,-0.0715391711834685,2.23020018852005
0.916692379816296,1.42548800215329,1.14763109931601,1.255671165054,-0.838584327921203,-0.410846562589927,1.21614805334198,1.23717387986798,-0.952711940831923,0.89286127079347,0.26990007877248,0.686964615387678,1.33698187609306,0.60224465970291,1.14055229943219,0.0401752129431282,0.775894512114911,0.431967627966526
-0.909627755564161,-0.492004438575854,0.102460257038705,-0.378520193275943,0.416068191668296,0.77473328980823,-0.23949312173791,-1.57266103997986,-0.969445203440581,1.71497714717774,-0.229842067267004,0.00480698880723242,-0.162117016717197,-1.62188892869757,0.547946053319958,0.0506459137878314,-0.859899455067303,1.20814999554409
-1.19196923317066,-2.18176643026736,-1.37322917147007,0.562726938351873,-0.839034572261533,-1.2590854884526,-1.20614458925434,-0.491090761144347,-2.22536639682291,-0.706762566234814,-1.42484698671351,-2.16026534155821,-1.60925107606411,-1.00317310871006,-0.883173696305719,-2.14550682940429,-0.656329167213224,-3.13108679031926
-1.24907251168814,-0.458166104384743,-2.23575220261176,-0.736981509612373,0.080709576998116,0.0381628277940345,1.59410798707357,-1.64286351131226,0.20465146142491,-1.06689024933314,-0.417125350104993,-2.34499515327675,0.986563124320446,-0.821670523100012,-0.149003696410536,0.186083860317881,-1.73689245545379,0.316561594955514
-0.828906559813802,-0.1971383084136,-0.452512469269162,-0.699081773629402,0.388489464798481,1.69198409461985,-0.685614341304121,-0.530713207093777,0.876983884314407,0.756907671257682,-0.342734885214923,0.716371730570992,1.20738617578887,0.45047312287588,-2.21809319656271,0.196142474676855,1.03236711082427,-0.404225961277331
1.52168149922495,0.269958338057785,1.99730833706335,-0.433609111398928,-0.040954638199325,0.0381143373359654,0.833013209220593,0.0478250947896685,0.643462193867339,-0.163962675406747,0.978954094203228,-0.0262924556117465,-1.66047974450969,-0.330970446180078,1.6582297224131,1.59346256589286,1.97257006313288,0.246408537716885
0.127040246578277,1.64843350156606,0.420154796756901,-0.251931008178556,1.40235776777361,0.0832282321594834,0.317238525741189,-0.11905626568209,-0.726703427048768,1.18157907485772,0.313000864272061,-0.552100058963119,-0.322891142075285,0.566521356400615,1.09161328398778,0.779554130511378,0.828326435830263,1.44415402254445
-0.0444986752438673,0.123822782581552,-1.01228088525119,-0.811274994225876,-1.70462751046635,0.595151926436172,-0.674255534649687,0.526578900664033,-1.09093401467089,-0.668297491839499,-1.12290158586951,0.0163406234209975,0.633509692378021,-0.326929387778522,-0.133349605415782,-0.352165569820231,0.00125239743753031,-0.449114933010829
0.332469060257072,1.96818558969969,-0.369399141637148,-0.540755391215333,0.376431975313553,0.879174263203604,2.01054609327107,1.47050763864406,-0.0429398496960075,0.304083736630026,0.621701459589691,1.483162248266,-0.811738012983712,1.25910696850166,1.66590183153727,0.252284868776065,-0.5763485294525,0.413506251881384
1.04244029044696,0.532580089399503,0.604698318846757,0.427650509001986,0.264974762915142,-0.0418339923193191,0.841799855492199,-0.256422202568007,1.78661738436823,0.771908009728763,0.0013498932492447,0.900151602885424,-0.662331680987745,-1.39313941434356,0.305485755676192,0.474971418495667,-0.715719444887971,1.38858940690451
0.680780364810772,-0.207781185857346,1.4057456667625,-0.137408636933842,-1.25314409002374,-0.542946385967794,-0.0654178151770371,1.38399366691062,-0.266986909132366,-0.0831660574924404,0.534731633413837,-2.08078806166502,-1.07362150788455,0.41296409586687,0.180411054822523,-0.543072699868089,-0.336567814389241,-0.365891249360301
0.493810670304165,0.292668829249423,0.472945137545918,0.364370290421337,0.789035814367041,0.367922497805938,1.32600775089116,-0.16191457363543,1.70921937045892,0.489844749420831,1.74925206978501,0.799254970093399,-2.0982340763714,-0.118950423437728,1.82238741689752,2.75026021652479,-1.0151468330448,1.24862275110889
0.683460075722885,0.146762947516421,-0.742137855176942,2.39221165157183,0.97286990443389,-0.528173729474767,1.38223486963354,-0.601726921420999,-0.0548475704802611,0.589437249283545,1.25917525099728,0.239802273141369,0.54833046235451,-0.06958825365494,0.373400833555966,-0.559775732339189,-0.0715391711834685,2.23020018852005
-0.11560378310789,-0.693311582771643,-0.0975847692026792,0.322869864732803,0.22016616401579,1.1478909957333,-0.366214366617922,-0.674283897562662,-0.0123152342339783,0.123602553419454,1.3824282702345,0.866281025909599,2.35698428259628,0.686338529938494,0.315525181700268,0.428119162104068,-0.325323742878893,-0.763290726259492
1.96751749544508,1.18783456041333,-0.00233942495955397,0.781852189586254,0.462550892325306,-0.289979805511161,-0.9452885663284,-0.101252890042174,0.681780315114839,-0.664973022697841,-0.580230853203285,-0.119808858048269,0.417034107176704,0.894852811106963,-1.77623782852641,1.56431817675574,1.61838385740102,0.740374431118856
1.35788297830551,1.00057000661993,0.178516859534473,-0.407911136433056,2.50456031494853,2.36828330740486,0.433007498217158,0.961574452250264,-0.583487214301243,-0.0138784928680009,1.6640040833834,0.338686814775855,-0.040166548766808,-0.0819727725177298,0.683607064756453,1.42449509979486,1.13159985257278,1.13211579042198
0.220535976023834,0.556002355548756,0.712680407524049,0.737821146577343,0.819093754591958,-0.281494530089836,0.960482453440159,0.0472980755375425,-1.21824678743938,-0.356541462186741,-0.616258174767444,-0.342127235617464,-1.08455455086371,0.480145459449147,0.444402808470019,0.135570489002916,0.600625396055924,-0.142226603121571
0.220535976023834,0.556002355548756,0.712680407524049,0.737821146577343,0.819093754591958,-0.281494530089836,0.960482453440159,0.0472980755375425,-1.21824678743938,-0.356541462186741,-0.616258174767444,-0.342127235617464,-1.08455455086371,0.480145459449147,0.444402808470019,0.135570489002916,0.600625396055924,-0.142226603121571
0.143123430533287,0.689949591374501,-1.62994322158687,-1.00249951261184,-0.153566473068343,-0.31386393857621,1.02008018137368,0.23373268230848,0.331942535959244,0.437027775491377,1.64204333717835,1.33586681481803,0.901234104134188,2.09186063063691,0.371476862443171,1.63258577052385,0.251500383977353,1.05778014819211
0.362056121862903,-1.40164507925594,-0.584958042001019,-1.05030865254839,-1.13298280517281,-0.747488808588428,-1.60089834156857,-0.667859342355655,-1.29717115278795,-1.8210426623129,-1.14387208934283,-0.404097569569283,-0.408984626606296,-0.915965758856757,-0.257469955995178,-1.73350461299792,-1.22406941027577,0.213520661623734
0.428096008165228,1.73511989857308,0.998786225059247,0.420354893325467,1.68081606115413,1.64642660447698,0.130450125070838,0.0737334860197929,1.41068211567281,1.26210829023632,2.21455556267731,1.22910882044348,-1.12887452451049,1.23969215793155,0.438817339091418,1.63292760621008,2.85952650718964,0.238845826543206
0.683460075722885,0.146762947516421,-0.742137855176942,2.39221165157183,0.97286990443389,-0.528173729474767,1.38223486963354,-0.601726921420999,-0.0548475704802611,0.589437249283545,1.25917525099728,0.239802273141369,0.54833046235451,-0.06958825365494,0.373400833555966,-0.559775732339189,-0.0715391711834685,2.23020018852005
-1.22159380031622,-0.956213458911887,-0.0198288617779188,0.637742684909747,-0.670887588179928,0.504518883346185,-2.51805979198274,-0.814627644262856,-0.964363495895156,0.020447580377893,-0.608849324194885,-0.921343729691879,-1.64507757507016,-0.386178610541196,-0.357262796239902,-0.535472611281192,0.00903773816062639,-0.896136141942805
0.0755195385193504,0.455757587646729,-0.217716650611108,0.171190172975782,-0.729410852313942,1.42695604991854,1.22643631987771,-0.171592008793251,0.603355848649087,1.03545020821401,-0.614078738145925,-0.410524031991189,0.808541683546167,0.0733810262213169,0.20474426445914,0.749099166064005,-1.28122920244513,1.28504284909819
-1.51763445033009,-0.524668074986001,-1.29855373187474,-0.873671795387427,-0.679944083497597,0.0404761361600597,0.410301962480325,-0.843019352709167,0.778006001234996,-0.227965523576786,-1.02441975539607,-1.97870461508146,-0.179388878361778,0.134298687990156,-1.39027756868685,-1.02887699354761,-1.9209432191808,-1.75544036586267
0.428096008165228,1.73511989857308,0.998786225059247,0.420354893325467,1.68081606115413,1.64642660447698,0.130450125070838,0.0737334860197929,1.41068211567281,1.26210829023632,2.21455556267731,1.22910882044348,-1.12887452451049,1.23969215793155,0.438817339091418,1.63292760621008,2.85952650718964,0.238845826543206
-0.651111390194134,-1.08405745994514,-1.11363663354997,0.0769676354070117,-0.910464321443711,-1.5087961200775,-0.302562409644793,0.936244396500453,-1.2462265705798,0.110556258621415,-1.17787533176789,0.550421770667358,0.507607314235321,-0.413452891485591,-1.84354278139519,-0.221154378311274,-0.54750142035051,0.597118264862824
-0.897305289751013,-0.117836046661506,-0.686207475313846,-0.55445366492136,-0.0936625181528685,1.44234241778955,-0.55612269692489,-1.36797389912648,0.411821662594575,0.132720532889763,-0.883294094397254,-1.18416857108512,0.519609178583264,0.09593337980371,0.837229213021443,-0.470299059285358,1.35372570319236,-2.2522251871634
-0.863484510898164,-1.07865677252528,-0.19532894608285,-0.460802577160568,0.517621535617056,-0.397502247323557,-1.0794892393702,-0.238280305248605,-0.692411046595747,-0.0621639022183114,-1.43774493893095,0.809045717968681,-1.35190819367873,-1.87306170032236,-1.04302124893193,1.43495094116527,-2.22651364004232,1.11426347619187
0.692517307378542,0.213186614671836,0.252822292359653,0.34822829519129,-1.67635779653407,-0.0787887638643593,-1.65834785824222,-1.45421411012187,-0.65114334286415,-1.05484127976225,-0.895454532017119,-1.29637748618656,-0.889907974764349,0.807667456940799,-0.898258997885016,-0.570283057580681,-0.931294837625938,0.849448306038089
-1.45099034110321,-0.651031018715575,-1.49388850773882,0.086626239382966,-1.88645908831743,0.619517981602653,-1.35752099069901,-0.676318274411363,-1.25043726968685,-1.26110074717247,-0.938521801487367,0.487602096043755,-1.51149623200203,-1.95906670048027,-0.212661492462284,-0.245723283965345,-0.998435463293977,-0.522335508690585
-1.55330443926329,-0.233286815746992,-0.401357388066976,-1.99437101742582,-1.09837058559038,0.208632075446989,-0.889100316702472,-0.286304344482262,-1.55148940753578,-0.5500611432932,-0.292701197705236,-0.656289575335958,-0.458041807377035,-2.15196261831005,-1.90978494109543,-2.06770228840752,0.572999076639996,-1.86487794979434
0.39077860304595,-1.46149258095617,-0.4694207323708,-0.786942367798477,-0.156555784540089,0.556372876508813,1.18262444760783,-1.12432126967146,-0.715836996408009,-0.370830764878409,0.679126039216418,-0.136933546237718,0.832871528505271,0.375110428073505,-0.119574138501429,0.16844180204732,0.427512758093149,-1.01324952905383
-0.876925217066361,-1.42387935164234,-1.18288717867817,0.423061804908645,0.387346835784104,-0.693528810524266,0.281780343001621,-1.1114590330679,-0.774254853375353,-0.8823228414566,-1.11292542865945,-0.695412286843977,-1.48899662925511,-2.12268944256153,-2.39328809564623,1.29219742891361,0.366797038145229,-0.77275778309353
0.406015938742285,-0.344927229729256,-0.0290573364910004,-0.106606608163449,1.30424063648561,0.813230769125582,-0.160278516204807,-0.120258147528275,0.134146369446546,0.652429256044735,0.84160965437524,1.52771649948,0.513164512155132,-0.78461534039729,0.371320844768725,0.400088537452005,-0.688276632852872,0.551389903260207
-2.05553260523246,-1.16568208590765,0.246845181442159,0.820662926346124,-0.635413861010624,-0.899153489219941,-1.60746288603311,-0.281528426300506,-0.377492354115045,-0.889060725529967,-1.58790307213041,-0.783621038773628,-0.406135392559202,-0.0152722422480131,-0.653539206037098,-1.03617775905974,0.148098222555162,-1.87583670199798
1.59338654790167,1.26997443984277,0.977786072530357,-1.26139380860388,0.178634484438495,0.93089429172381,1.60587384720309,-0.372132981321108,0.534283614522756,1.03036018128498,0.153606142781927,0.751666466177829,0.3295031243863,1.07246924665278,2.36834096960674,1.38343856302494,1.17917435444571,-0.19533598334863
0.357216383855145,0.961483961202757,0.259733135058266,1.92749253742629,0.13044177814282,-1.01806708094894,-0.260940064145889,-0.304381820261345,-0.501685370893836,-0.795567891325349,-0.560875256656028,-0.771230516611038,1.04254282477111,0.809141680712735,1.49176203770469,-1.1957712046018,-0.782081599224445,1.16986662598531
0.521779312502997,1.08971574961188,0.0610897815307724,-1.71840192286292,-1.39321562298955,-0.531597287008665,-0.823553937031751,0.601747663664211,-0.0917071197412942,-0.479443864729443,0.925817991022089,1.07398738301833,-0.0822995510983105,-0.064961218315165,0.398190273354049,-0.207036378564696,-0.126998290436577,-0.0431032352142606
-0.595846526989218,0.158813589925363,-2.01215351892587,-0.294021475825809,-0.0134555283433393,0.507188452327608,0.105726291370795,0.31270657840952,1.23461711643908,-0.326653488070494,0.673733527794437,-1.2836121165162,-2.0971767234539,-0.236749564987498,0.733673865387849,1.83424418242875,-0.548377866290358,1.34665321929164
-1.72455701029594,0.246616938801381,-1.19835489011854,-0.178957674191025,0.803193447400821,-0.5870736948511,-1.6176454874128,-0.564205235748271,-1.11297741022119,-0.807649852157991,-0.53413357523389,-0.274032396523788,-0.343201778339704,-1.41212528581972,-0.775432939302045,0.232515037091848,-1.6577806185909,-1.06918552465803
1.13912788796784,0.734335747623904,-0.25109205036796,0.193576505717946,-0.529400724353554,0.375065346589354,1.08322866077939,-0.635983145451447,0.588483050611416,1.1932140398901,2.10353158516839,1.61918080209082,-0.238285311136383,-0.608801635526221,0.433945989220183,0.462547256957263,0.29435004898444,0.136139858059694
-0.165246226142226,-0.742972011100175,0.126905956550599,0.0944563259892202,-0.750663200109699,2.15249777744742,1.74381289939217,0.277944940110615,1.74383002295753,-0.959776065738225,0.444190594151797,0.333446874004938,-1.9680471314764,0.0251053137327327,0.287306275615065,0.0927504695003343,0.531837643852511,0.901753680126709
-1.45099034110321,-0.651031018715575,-1.49388850773882,0.086626239382966,-1.88645908831743,0.619517981602653,-1.35752099069901,-0.676318274411363,-1.25043726968685,-1.26110074717247,-0.938521801487367,0.487602096043755,-1.51149623200203,-1.95906670048027,-0.212661492462284,-0.245723283965345,-0.998435463293977,-0.522335508690585
1.58636399088265,0.226290807048041,1.56138447368931,1.46383622942549,-1.77779242068802,-2.42614111307836,0.847824036904506,-0.744457709475434,0.326138072040326,0.663417406824395,0.969734152180884,0.567064971573556,0.683678481031148,-1.07153830380374,-0.0895452778051809,-0.663896958111717,0.260087140350685,-0.46638351377111
-0.0722423318298226,-0.289630958488316,0.0180582137232435,0.337433531385675,1.56253688284369,-0.919804550603449,0.19219651202936,0.561645110721821,-0.0132466095308001,0.586386179108264,1.33154422199282,2.23294634952773,0.210151298954115,1.06501076281768,0.38372644447641,2.37033495240241,0.553207817592693,1.97698612749306
-0.137952725087283,0.389662259642604,-1.5185101089212,-0.880171998429285,0.155154409093619,-1.08934754156513,-0.654310267922624,1.09642425212296,0.911341971815742,0.128766209077868,1.29982085175603,1.1500411292002,1.66379471267112,-0.292713034251864,-0.920541336622006,-0.596008404171915,-0.437699647275163,0.0615947188288103
-0.632842289724118,-0.499852017921971,1.03385102674539,0.791185570504735,-0.372551731698541,0.821357594602445,-0.898694457990202,0.226987858788188,-1.68100680319667,-0.416965663543229,-0.19788351540376,0.838398935429215,-0.202011461075676,0.594739048067072,-0.468932662235492,1.27535287018815,0.498306633308936,-0.782928728892499
-1.57321893613577,-0.230000327636002,-1.49685921895456,0.919278206706133,-0.30436798770793,-0.287103361646148,-0.180684335541097,-1.8131855892869,-1.43495439188738,-0.543137589043656,-0.367612553125715,-1.24415522979398,-0.480760101025508,-0.866200361371015,-1.78212161402059,-1.57343422850616,-2.20335613233704,-0.922890082655885
-0.302190263938756,0.467820476612627,1.11676582855816,-0.329110725716523,1.40085969134752,0.879491741626585,0.355860788351406,-0.353105481748683,1.33980001215225,0.163042618608333,0.766873500746471,-0.642482573344652,-0.338388927368643,-0.284608611876161,-0.200941798267569,0.523879416549956,0.267197383404044,0.633342323490544
-0.651111390194134,-1.08405745994514,-1.11363663354997,0.0769676354070117,-0.910464321443711,-1.5087961200775,-0.302562409644793,0.936244396500453,-1.2462265705798,0.110556258621415,-1.17787533176789,0.550421770667358,0.507607314235321,-0.413452891485591,-1.84354278139519,-0.221154378311274,-0.54750142035051,0.597118264862824
-0.137952725087283,0.389662259642604,-1.5185101089212,-0.880171998429285,0.155154409093619,-1.08934754156513,-0.654310267922624,1.09642425212296,0.911341971815742,0.128766209077868,1.29982085175603,1.1500411292002,1.66379471267112,-0.292713034251864,-0.920541336622006,-0.596008404171915,-0.437699647275163,0.0615947188288103
-0.332445866548308,-0.0972057035629539,-0.346678973581782,-0.29728796366118,-1.25728406635996,-1.03029427434214,-0.759831322556733,-0.299136801638792,-0.236502234586438,-0.318310652667955,-0.246220248765053,-0.472790432363042,-0.383476893759779,1.06994917442112,-1.57292857078181,-0.552551872038674,-0.673494034963901,-1.12387547217211
0.39077860304595,-1.46149258095617,-0.4694207323708,-0.786942367798477,-0.156555784540089,0.556372876508813,1.18262444760783,-1.12432126967146,-0.715836996408009,-0.370830764878409,0.679126039216418,-0.136933546237718,0.832871528505271,0.375110428073505,-0.119574138501429,0.16844180204732,0.427512758093149,-1.01324952905383
-0.916410646894883,1.49061137404789,0.184355350818033,0.664540582216244,-0.227306163339815,-1.49808453324378,-0.411265990117889,-0.727092691706911,-1.80951863933787,-1.2856855760143,-0.236607777281915,-1.28796876045697,-1.11228142753506,-0.270587853646842,-0.494607184676261,-1.6460245073414,-1.28356855100832,0.736931080290359
0.974411775170958,0.289132614724682,0.0409862291592696,1.02294326698945,0.732484230541749,1.09028838675385,0.484304352096204,0.872118652444226,0.313810928679437,0.928319313029296,-0.010801459473006,1.11830357856042,0.0866224714189349,1.14820549803219,1.96703635225444,0.81642139409353,0.571186936449893,0.584403833021964
-0.285470893852751,-0.0877027599490622,-0.619918845312607,0.201747704871653,-0.761162184099805,-0.11075605645661,1.75994205631613,1.02933220634943,0.893108810109897,0.116208516482167,-0.895108181696382,0.388285651201577,-0.635056394673074,0.0620853835419363,0.907383246398591,0.884246141141672,0.577380337804921,-0.913586750428323
0.960364891423775,1.69729503408072,2.69720631408193,0.506140180763723,-0.249706835446291,2.0251915352759,1.36595781099846,1.07430244307176,0.274333286520017,1.62917016938213,2.77426553648547,1.33671504176644,0.740611385460598,0.674049466259274,-0.62050679451487,1.9193166311047,-0.0460201199346075,0.565015064866558
-0.285470893852751,-0.0877027599490622,-0.619918845312607,0.201747704871653,-0.761162184099805,-0.11075605645661,1.75994205631613,1.02933220634943,0.893108810109897,0.116208516482167,-0.895108181696382,0.388285651201577,-0.635056394673074,0.0620853835419363,0.907383246398591,0.884246141141672,0.577380337804921,-0.913586750428323
-1.20811155993179,-1.42340978696049,-0.201330278506489,0.3219281781377,1.10895879250026,-0.808028687572324,0.0942032660587745,-0.321696801734322,-1.26639865076417,-0.534199823383266,-0.0902897367335907,-0.655586897438703,0.885418613211791,0.134787815905652,0.0903486628904858,0.0748533967376604,-0.701034563930441,-0.12044978956732
0.450929718855307,0.0455239452188543,-0.0352174265531526,0.152140326967717,0.342557577081977,0.700722407464299,1.04697247152554,0.637178667697602,1.30779393602087,1.2688497492561,0.255373886505135,-0.822800509142147,-0.165862176690316,-0.26856917511221,0.728050353207933,1.12166078476046,-0.442088265408949,1.79283390571234
-0.122450279042711,0.276328644298568,-0.973991926744415,-1.42570063036972,-0.12067748386949,0.235544069852823,1.09128554611675,-0.171819073320854,0.051566084651971,-1.3594739426599,0.737001913632956,-1.95223982814947,-2.51623462868693,0.019144709297577,0.378487826328907,-1.12533538580278,-0.751808830610605,-0.756881437964549
1.40362439163981,1.47798389015736,0.285767360986414,1.69263419666447,-1.62441070507072,-1.34088454104062,-0.610259187390612,0.686026198721222,-1.42389195962769,0.481211226732548,-0.929334034668552,-0.0645715135251806,0.353698765729723,0.333236931540214,-1.46234990377108,1.20726082264609,-1.83835467465777,0.138810043969134
0.598558425326183,0.496405573027967,1.66581754343942,-0.811857461517886,-1.32892269939612,-0.251877863698803,0.840349362132112,-0.320662581464078,-0.207898176558001,0.50938043158265,-0.246036564804101,0.750235047680578,-0.713285556822591,1.18580404968576,1.30243703158707,0.12737212807021,1.5617649054338,-1.48830672695426
-0.790860864431501,-0.277479094898662,-1.4995764605937,-1.14867428866364,-0.696904000670779,-0.89216994156763,0.348933468780906,-0.746466588484911,-0.491984829777665,-0.380900194165159,0.0693126646064114,-0.60525088692612,-1.80384518376485,-1.09984110714898,-0.894946462600971,-0.822710129930382,-1.05779693762701,-0.826450101488533
0.538172748570003,1.16907316371231,0.127310096589092,0.138702463082558,1.01301935081364,1.1959330738592,-0.864718931023795,0.0133086786028585,0.466252125434084,0.560906885800713,1.46499429495855,-0.673537748155156,2.81760753759435,0.213558960818034,0.452691706535321,1.53503583367909,-0.0228580563666461,0.771333983481562
-1.19633624736302,-0.870371275198152,-0.00529025992496941,-0.0828936179917918,0.421018760925911,1.73442038169721,-1.75374847423031,0.608560317243687,0.492473024771217,0.964333800011986,0.638452613143172,0.161240471636013,0.960356120421805,-0.0377211369413607,0.715179703888044,-1.11337677872884,0.0817250699389912,0.469727848421634
1.29469781099499,1.0990741511234,0.630044200663322,0.405443776589598,-0.288536924346274,0.256364168650131,-0.411319993463936,0.740451461673328,0.308350275562636,1.22639132043195,1.27418848629729,2.95894256648826,0.185732708017349,2.29351103462013,-0.934254032246044,2.04561732162971,0.119892691364636,1.59924077510254
-0.909627755564161,-0.492004438575854,0.102460257038705,-0.378520193275943,0.416068191668296,0.77473328980823,-0.23949312173791,-1.57266103997986,-0.969445203440581,1.71497714717774,-0.229842067267004,0.00480698880723242,-0.162117016717197,-1.62188892869757,0.547946053319958,0.0506459137878314,-0.859899455067303,1.20814999554409
-2.14998802059134,-0.923682807150137,-2.76983143071387,-0.405765699592475,-1.67281532624166,-0.141977333948463,-0.582209446508206,-0.499542146865744,-0.0911955786691661,-0.510108522620543,-3.39894836003627,-0.702850307740928,0.331526347926177,1.49146844644334,-1.21095001235332,-0.616687371931632,-1.61691078880372,-0.520838110915327
-0.285470893852751,-0.0877027599490622,-0.619918845312607,0.201747704871653,-0.761162184099805,-0.11075605645661,1.75994205631613,1.02933220634943,0.893108810109897,0.116208516482167,-0.895108181696382,0.388285651201577,-0.635056394673074,0.0620853835419363,0.907383246398591,0.884246141141672,0.577380337804921,-0.913586750428323
1.20310309070759,1.06143279095924,0.4312147540063,0.0967348487875923,-0.640477977885276,-0.554299042850106,1.03529205369627,1.15635777291728,0.599557210010205,0.251533553821868,-0.616785094303417,0.00163638626021159,-1.22485405678187,0.284317800822589,0.502102716629481,0.396050567745434,-0.435472410717966,0.996125223885701
0.365756467754563,0.523286468998394,-0.508213702791704,-0.873918918665744,0.596387057881526,1.10555595769493,0.292834718262373,0.196502107704251,0.265561557610226,-0.0961982129614589,-0.337623624718071,0.917861177237651,1.37405219418063,-0.926139138224991,1.24282494692802,0.36197318407098,-0.475826374623365,0.87400748478719
-0.632842289724118,-0.499852017921971,1.03385102674539,0.791185570504735,-0.372551731698541,0.821357594602445,-0.898694457990202,0.226987858788188,-1.68100680319667,-0.416965663543229,-0.19788351540376,0.838398935429215,-0.202011461075676,0.594739048067072,-0.468932662235492,1.27535287018815,0.498306633308936,-0.782928728892499
0.490227146138213,-0.1114354212926,-0.625571499472202,1.20702348508008,-0.00268552660831344,0.343843661466218,0.172162096533528,-0.535420146466088,-1.33990124031189,-0.468690302796816,-0.239991754300975,0.563751220602754,2.2187229276913,0.586400764535009,-0.353651990392676,1.2095643114904,1.77161351658206,-0.348685073182319
0.143123430533287,0.689949591374501,-1.62994322158687,-1.00249951261184,-0.153566473068343,-0.31386393857621,1.02008018137368,0.23373268230848,0.331942535959244,0.437027775491377,1.64204333717835,1.33586681481803,0.901234104134188,2.09186063063691,0.371476862443171,1.63258577052385,0.251500383977353,1.05778014819211
-0.679681870648465,1.05504745499445,0.242286051531312,-0.409356584089235,-0.699630771258356,-1.99846086519609,-1.42324899705214,-1.37645590734065,-0.44278969896704,-1.60248439060989,0.00624151154145887,-2.204553768848,1.06327572309378,-0.489811642359029,-0.658778711451619,-0.414467311627065,0.0441987210675212,-0.693850517996101
-1.75176150398543,-0.078768158100651,0.795066418199355,-1.63895089565039,-1.79589639888274,0.686485751709746,-0.797673357603661,-2.4251247757392,-0.651193482113466,-2.15795278936632,-0.852715654146617,-0.310552804566842,-0.422211407248651,-1.96341933972712,-1.65785777932085,-0.190576370037021,-1.54415417002965,-0.0790069380647471
1.37649357250675,-0.00169831023713483,0.536339708647628,-1.57226586912132,-0.259647508558977,-0.455433733097201,1.22858350422827,-1.28572814631663,1.22656702794231,0.113801705231473,-0.160649329417222,-1.43890255911804,-0.155132757993518,1.93170026655927,-0.176303244579913,0.906370897640221,1.21616647677822,-0.099896352791203
1.92838311665953,-0.218050116563712,0.540978766882135,0.2199893188209,0.616285682689262,0.198893315849221,-0.314617887658444,1.48674924539163,0.051666711614279,0.428017950277171,-0.388153944476599,0.0115113451874706,0.662076232497675,-0.12389709709437,-0.309776483020212,-0.427713796307235,1.6446399560006,0.835727897171045
-0.373251752872334,0.319278974896068,-0.424516932003889,1.82276598658515,2.63517733550112,0.468307593784702,-0.0243984492491114,2.04265604644327,-0.221353383226631,0.899416514306162,0.357253424027796,0.591864805915009,1.21665024524538,2.16355497258809,0.72049644781191,2.50984263172379,1.83152291731409,2.51327091311001
-0.137414542002681,-1.40230361407329,-0.0478463653701986,-0.324500351738222,-0.287578037873915,0.212480716680829,-1.1084392606122,-0.960970100731527,-2.14614093814547,-2.05226449973173,-0.752938031951794,0.0333935979331632,-0.160608421527623,-0.821680202308431,-0.692091182467286,-0.672797240060133,-2.14296119687732,-0.936663645954231
0.332469060257072,1.96818558969969,-0.369399141637148,-0.540755391215333,0.376431975313553,0.879174263203604,2.01054609327107,1.47050763864406,-0.0429398496960075,0.304083736630026,0.621701459589691,1.483162248266,-0.811738012983712,1.25910696850166,1.66590183153727,0.252284868776065,-0.5763485294525,0.413506251881384
-1.01606653115528,-0.676757220917739,-0.143905234548198,-0.325108284560191,-1.03042512656493,-0.801287640148984,-0.672769521361651,1.3661625813965,0.684071752771857,0.693621056274722,0.470233600959782,0.789772788996138,-0.633155822899479,0.101134671611861,1.56475212124318,0.316239124267162,0.0512770217818072,0.245770472604848
0.0755195385193504,0.455757587646729,-0.217716650611108,0.171190172975782,-0.729410852313942,1.42695604991854,1.22643631987771,-0.171592008793251,0.603355848649087,1.03545020821401,-0.614078738145925,-0.410524031991189,0.808541683546167,0.0733810262213169,0.20474426445914,0.749099166064005,-1.28122920244513,1.28504284909819
-0.828906559813802,-0.1971383084136,-0.452512469269162,-0.699081773629402,0.388489464798481,1.69198409461985,-0.685614341304121,-0.530713207093777,0.876983884314407,0.756907671257682,-0.342734885214923,0.716371730570992,1.20738617578887,0.45047312287588,-2.21809319656271,0.196142474676855,1.03236711082427,-0.404225961277331
1.03730072685317,2.51336326896515,0.220704987518875,-1.02113088015931,1.40559457359752,2.46433969040804,-0.0936190794642409,1.31427328100915,1.57269388736768,0.4295965311641,2.67081218190797,1.17307304839141,-0.218276472801746,0.932892277853917,1.46963320115139,1.74886569235218,1.32486378671402,0.404419912991838
-1.17616154912588,-0.286351492150858,-2.00774086222518,-1.35544816157409,-1.4510451419321,-1.17167200699191,-0.926421121742025,0.889047102969502,-0.314073894885767,-0.565806199045427,-0.319903511411776,0.584695576398583,-0.420559295726014,-1.28874204511967,0.24600862391676,-0.348753333136923,-0.00614988780881209,-2.3124135576498
0.490227146138213,-0.1114354212926,-0.625571499472202,1.20702348508008,-0.00268552660831344,0.343843661466218,0.172162096533528,-0.535420146466088,-1.33990124031189,-0.468690302796816,-0.239991754300975,0.563751220602754,2.2187229276913,0.586400764535009,-0.353651990392676,1.2095643114904,1.77161351658206,-0.348685073182319
1.13138464440123,1.865589726006,1.95947638545647,0.748941824318859,0.17944876018266,-0.210660894104545,-0.0212025708480214,-0.0297401065832801,0.113348428222296,0.991134986886377,-0.671698533666303,0.965815872945389,-0.264997721099755,1.75428329098243,0.861928819127688,-0.500664453760011,-0.578658265954732,1.22128068924488
1.13138464440123,1.865589726006,1.95947638545647,0.748941824318859,0.17944876018266,-0.210660894104545,-0.0212025708480214,-0.0297401065832801,0.113348428222296,0.991134986886377,-0.671698533666303,0.965815872945389,-0.264997721099755,1.75428329098243,0.861928819127688,-0.500664453760011,-0.578658265954732,1.22128068924488
-1.22159380031622,-0.956213458911887,-0.0198288617779188,0.637742684909747,-0.670887588179928,0.504518883346185,-2.51805979198274,-0.814627644262856,-0.964363495895156,0.020447580377893,-0.608849324194885,-0.921343729691879,-1.64507757507016,-0.386178610541196,-0.357262796239902,-0.535472611281192,0.00903773816062639,-0.896136141942805
1.56272672338679,1.08248573577532,1.51633430969769,2.08358806073555,1.76161643744246,0.50990786960468,1.88957281967504,1.82244843948292,2.10719091741273,1.08593926613172,2.3131793802967,1.64295274195407,0.302169847355496,2.13487119429034,1.2833664714421,1.15557755155768,2.22477239846467,2.78007731197661
1.40804504069272,1.95681260390841,1.08215566795679,-0.216490677550378,1.52629297181207,1.62776600469059,1.17281340633171,2.27751157308947,2.52695635187493,3.02824895112308,1.33339582145593,2.03629389506147,1.64668236205853,0.0365833997811364,1.55648919708998,2.73098569391193,1.91916873889913,0.603814420377525
-0.324564342875383,-0.082839903519164,-2.27886767759418,0.640160629985895,1.72294157640617,2.13838866506655,0.145426942671946,0.309986570135195,-0.480865779449196,-1.8015821525202,-0.446096554721425,-1.27539710818379,0.575462892940509,-0.182512526041624,-0.951882895623394,-0.120990259144712,-0.734696315751355,1.10347330852159
0.248572791091272,0.354121662922991,1.09894157020975,0.606393456513733,0.0706984030655809,-0.261800755651283,-0.323325663999305,0.0279236935846433,0.296281815630219,0.468902516609661,1.16421422151027,1.08370636290312,1.29545790384021,0.354771759488716,0.672522085244467,0.245395945936254,1.03199522490555,0.304035966333749
-0.642557656539519,0.0651338972827561,-0.845666543106942,-0.24186557807246,-0.768547422183023,-0.271755989104218,-0.860544345324012,-2.25946439764055,-1.53528739344051,-0.604416453821733,-0.0879207076157686,-0.278772357822146,0.154252055721996,-1.53525964062594,-0.992840112698446,-0.909051873828638,0.484835845419968,0.474299657449697
1.59338654790167,1.26997443984277,0.977786072530357,-1.26139380860388,0.178634484438495,0.93089429172381,1.60587384720309,-0.372132981321108,0.534283614522756,1.03036018128498,0.153606142781927,0.751666466177829,0.3295031243863,1.07246924665278,2.36834096960674,1.38343856302494,1.17917435444571,-0.19533598334863
1.96076373545564,0.987871973342722,2.28115422417287,-1.05076298953142,-0.327895968634585,1.65886180318692,0.993965409707287,1.3857079554777,2.64308290489222,1.65466472976244,2.58080993030952,1.64195541387816,0.976780660059769,1.12477355066657,0.0367651979332529,2.28736199214629,1.53022532776204,1.09599918908264
0.345831986300961,0.611338491336262,0.0951868929836471,1.62669357041221,1.42841115009214,1.34909119880285,0.467526797100947,-0.31970887429415,1.01589005868184,1.08198325411929,0.131972056159792,1.41050413072268,0.231711313525243,0.956489284958463,0.638360819576489,-0.435386013920479,0.141314240963245,-0.713200871770801
-0.897305289751013,-0.117836046661506,-0.686207475313846,-0.55445366492136,-0.0936625181528685,1.44234241778955,-0.55612269692489,-1.36797389912648,0.411821662594575,0.132720532889763,-0.883294094397254,-1.18416857108512,0.519609178583264,0.09593337980371,0.837229213021443,-0.470299059285358,1.35372570319236,-2.2522251871634
-0.632842289724118,-0.499852017921971,1.03385102674539,0.791185570504735,-0.372551731698541,0.821357594602445,-0.898694457990202,0.226987858788188,-1.68100680319667,-0.416965663543229,-0.19788351540376,0.838398935429215,-0.202011461075676,0.594739048067072,-0.468932662235492,1.27535287018815,0.498306633308936,-0.782928728892499
-1.19633624736302,-0.870371275198152,-0.00529025992496941,-0.0828936179917918,0.421018760925911,1.73442038169721,-1.75374847423031,0.608560317243687,0.492473024771217,0.964333800011986,0.638452613143172,0.161240471636013,0.960356120421805,-0.0377211369413607,0.715179703888044,-1.11337677872884,0.0817250699389912,0.469727848421634
0.313120437100325,0.0997893860132236,0.456110162162001,1.2212737166341,0.481243814259384,1.71591000498767,0.943460242153299,1.26117481644137,0.118635253682063,-0.474006976931249,1.28617923856062,-0.625245289280326,0.594922842990697,-0.102402633569784,-0.138860996071418,0.470694561694156,0.559825877704314,-1.08812071462181
-1.48683355365943,-0.880664584342791,-0.623185169270749,0.382423712406896,-2.30562050611793,-0.091355322282538,-1.51822812005851,-1.95385325217928,0.327831084895116,-0.763538539161883,0.324372725862145,-0.999708644374869,-0.551038812180582,-1.04828030955682,-0.745840415484071,-1.32459043663598,-2.06171871893749,-0.390752493659232
0.493810670304165,0.292668829249423,0.472945137545918,0.364370290421337,0.789035814367041,0.367922497805938,1.32600775089116,-0.16191457363543,1.70921937045892,0.489844749420831,1.74925206978501,0.799254970093399,-2.0982340763714,-0.118950423437728,1.82238741689752,2.75026021652479,-1.0151468330448,1.24862275110889
-1.30110566806066,-1.33570344151758,-0.782261694016599,0.0476367872762425,1.24121457447493,-0.602451665281395,-1.2490820544616,-1.1675171678213,-0.856748802310553,-1.35705475773345,-1.57042366575154,-1.65211313726502,-0.176695742967735,-1.70620100720953,-1.68728978218333,-0.809068297402635,-0.74443389993714,-2.38691938567872
0.107846988290076,-0.923896839788035,-0.123824725212956,2.05780192238079,0.363313387918172,1.1761470484031,1.23711380964807,1.29467116927916,-0.0279589205337768,0.412290273085828,0.128724965549925,1.03675887859627,0.961062374139076,0.164939837028894,1.76118469114896,-0.112726818696842,1.47051415763058,1.40086417731072
1.11804346605166,-0.465757631955809,0.0295219163994534,0.416336913450493,-0.312356681915272,-0.51082489695024,-0.89573307781529,-1.42193690750411,0.304992951730047,0.969331805926765,1.61494056978879,0.345443133080655,-1.53950855478198,0.772774927307455,0.765887698434844,0.490585131561028,0.772120593848744,1.54160706263565
0.132189635335229,1.38385034049069,0.901539649009765,0.0638196436063004,-0.167128226441495,0.485890486777254,0.846893742853806,0.756585616997943,-0.755890275514694,0.145561007089202,0.648994283747188,-1.17687259175049,0.209435681537347,0.225218260971924,0.547842739490528,1.87355218775077,0.113946885826327,1.16502200023011
0.0755195385193504,0.455757587646729,-0.217716650611108,0.171190172975782,-0.729410852313942,1.42695604991854,1.22643631987771,-0.171592008793251,0.603355848649087,1.03545020821401,-0.614078738145925,-0.410524031991189,0.808541683546167,0.0733810262213169,0.20474426445914,0.749099166064005,-1.28122920244513,1.28504284909819
-1.21124054072191,-1.6171354608196,-0.842117389183409,-0.967166007687326,0.475204400249529,1.00071825702848,0.582017835779147,-0.470256820314603,-0.934076195563098,-0.933572698649891,1.39899092149182,0.459664116974605,-1.24247278306761,0.479788297084521,1.26171029565476,0.086493617280703,2.2118032401724,-1.21499248908258
0.357216383855145,0.961483961202757,0.259733135058266,1.92749253742629,0.13044177814282,-1.01806708094894,-0.260940064145889,-0.304381820261345,-0.501685370893836,-0.795567891325349,-0.560875256656028,-0.771230516611038,1.04254282477111,0.809141680712735,1.49176203770469,-1.1957712046018,-0.782081599224445,1.16986662598531
0.142229965737962,0.185372795002685,0.93930660280351,-1.09226205696386,-0.784028896400281,0.897517547515814,-0.435603042706409,-0.469811850826912,-0.675880863064282,-0.403729406414653,-0.280929974507312,0.0726739742776484,0.141840570006734,0.516897200611447,0.133770695734835,0.152406055272086,0.204359388214096,-0.690593876813936
0.909872529305365,0.449284633474507,0.887192157043507,2.30243374015851,-0.321835163674819,-0.159000492331781,0.0458886092774857,0.680403212778996,0.231936143921423,0.557771175387225,0.409938555941756,-0.49600546765587,0.893191278481847,0.617907541333036,1.19934292367248,-0.412589682495282,0.175230596670576,0.332315614880541
0.971483496937628,1.62744084509813,0.312916401636407,0.744173074030888,1.33667373629469,-0.31625268328869,-0.608520697423725,0.117966760195381,0.609637552909308,-1.53841390600214,0.676219620524671,0.918832940458943,0.554063194872775,-0.264735611157378,-0.0997247296256898,1.50745927957904,0.421746412872799,0.371742962750644
-0.909627755564161,-0.492004438575854,0.102460257038705,-0.378520193275943,0.416068191668296,0.77473328980823,-0.23949312173791,-1.57266103997986,-0.969445203440581,1.71497714717774,-0.229842067267004,0.00480698880723242,-0.162117016717197,-1.62188892869757,0.547946053319958,0.0506459137878314,-0.859899455067303,1.20814999554409
-0.0832048529991041,0.0896889389935889,-1.13937096406983,0.184985532708321,-0.880098726556828,0.324066542216011,0.287976425074236,-0.302063788450382,0.933384783929507,0.357116468385023,-1.83914348107474,0.00451566649307497,-0.106320933938116,0.13006927708456,-0.737509849246064,-0.748936947690112,-2.25414003820945,-0.742452221766047
-0.440162893372926,1.10491771464621,0.363472833465904,0.534758776879923,-1.36475631994117,0.54761572854321,-0.00944664042969899,0.90831628053351,-0.17969582306951,-0.797326674684436,-1.61342517980595,-2.54453175248141,1.12597126032153,0.607302049689714,-0.145525280678548,-0.079603091243121,0.375393520008409,-0.285337651515929
-0.909627755564161,-0.492004438575854,0.102460257038705,-0.378520193275943,0.416068191668296,0.77473328980823,-0.23949312173791,-1.57266103997986,-0.969445203440581,1.71497714717774,-0.229842067267004,0.00480698880723242,-0.162117016717197,-1.62188892869757,0.547946053319958,0.0506459137878314,-0.859899455067303,1.20814999554409
-1.20187213154578,0.342561451030438,-0.970052483868277,-1.55067509535728,-0.607405146044172,0.44631375958681,-1.53456611158986,-0.246741642365144,-1.17382881681601,-0.515952883864452,-0.564513117011508,-1.51935304381481,0.873065169622632,1.45881626039582,-0.19885030786064,0.374260841736224,0.0437229280861514,-1.00188070072132
-0.440162893372926,1.10491771464621,0.363472833465904,0.534758776879923,-1.36475631994117,0.54761572854321,-0.00944664042969899,0.90831628053351,-0.17969582306951,-0.797326674684436,-1.61342517980595,-2.54453175248141,1.12597126032153,0.607302049689714,-0.145525280678548,-0.079603091243121,0.375393520008409,-0.285337651515929
1.59338654790167,1.26997443984277,0.977786072530357,-1.26139380860388,0.178634484438495,0.93089429172381,1.60587384720309,-0.372132981321108,0.534283614522756,1.03036018128498,0.153606142781927,0.751666466177829,0.3295031243863,1.07246924665278,2.36834096960674,1.38343856302494,1.17917435444571,-0.19533598334863
1.02425426153323,-0.205290220374523,0.043659575352652,0.558342903566681,0.585984171839961,1.55268990050428,2.24661864342247,1.1466865842845,0.544789385841391,-0.411013586995089,-0.262730254697684,-0.293647569595229,-0.537648794362707,0.94380660737505,0.605156457561163,0.248603387050857,-0.881727057427745,0.77795691709502
-0.378440965379098,-0.0308501991756501,1.03131519615606,0.169093280870744,-0.692064018054835,-0.931087142858506,-0.208969475194354,-1.46493386804724,-0.186652948349374,1.36959639955869,1.04530580487611,0.627921970387447,0.79591628598886,0.105984900037711,0.0862266574394994,0.635318826146501,-0.602960575766214,-0.194511968483814
-0.0444986752438673,0.123822782581552,-1.01228088525119,-0.811274994225876,-1.70462751046635,0.595151926436172,-0.674255534649687,0.526578900664033,-1.09093401467089,-0.668297491839499,-1.12290158586951,0.0163406234209975,0.633509692378021,-0.326929387778522,-0.133349605415782,-0.352165569820231,0.00125239743753031,-0.449114933010829
-0.18474109240441,1.36290086738353,0.529975400140306,0.728378456751938,0.0437365041395582,0.111507918886409,0.0365794398635744,-1.39901408886767,0.506621433836569,0.684111122075787,1.25222014066934,-0.212956711987183,1.02702353101128,-0.939765510248341,0.265978069086534,1.14934977406599,-0.219948941415781,-0.794701903905894
-0.863484510898164,-1.07865677252528,-0.19532894608285,-0.460802577160568,0.517621535617056,-0.397502247323557,-1.0794892393702,-0.238280305248605,-0.692411046595747,-0.0621639022183114,-1.43774493893095,0.809045717968681,-1.35190819367873,-1.87306170032236,-1.04302124893193,1.43495094116527,-2.22651364004232,1.11426347619187
1.59338654790167,1.26997443984277,0.977786072530357,-1.26139380860388,0.178634484438495,0.93089429172381,1.60587384720309,-0.372132981321108,0.534283614522756,1.03036018128498,0.153606142781927,0.751666466177829,0.3295031243863,1.07246924665278,2.36834096960674,1.38343856302494,1.17917435444571,-0.19533598334863
-2.51029228132817,-1.78260479584641,-2.27737832075695,0.349087810496672,-0.51511326143675,-0.818659562665908,-2.57198915836734,0.259829876948379,-2.08842657338722,-1.92542114405335,-1.29836934874164,-1.681674436691,-1.52954998683284,-2.46058250054569,-0.465469462488743,0.579177327246391,-2.34814854019908,-2.28837560699013
-0.603625388752863,-0.0480107689671937,0.676900736817391,-0.201098843152804,0.598227049382939,0.234805534430654,0.109707655839351,0.916746167280111,0.233310185629211,-0.50874844350388,-0.186981565443192,-0.263976143421829,0.746016461058786,-0.885518694755766,0.698135890739747,0.208418530184359,1.30295884041624,0.449241812106794
-1.20187213154578,0.342561451030438,-0.970052483868277,-1.55067509535728,-0.607405146044172,0.44631375958681,-1.53456611158986,-0.246741642365144,-1.17382881681601,-0.515952883864452,-0.564513117011508,-1.51935304381481,0.873065169622632,1.45881626039582,-0.19885030786064,0.374260841736224,0.0437229280861514,-1.00188070072132
-1.48683355365943,-0.880664584342791,-0.623185169270749,0.382423712406896,-2.30562050611793,-0.091355322282538,-1.51822812005851,-1.95385325217928,0.327831084895116,-0.763538539161883,0.324372725862145,-0.999708644374869,-0.551038812180582,-1.04828030955682,-0.745840415484071,-1.32459043663598,-2.06171871893749,-0.390752493659232
-2.62046515579742,-0.779659477373113,0.75412493143758,0.844130554254682,0.971989042529701,0.935121198785309,1.02946119423146,-0.711848948495623,-0.504821765204167,-0.0560356345456313,-1.30139374797369,-1.25069147052459,0.775592168379042,0.153402841515823,-0.522716426601669,0.330152172668654,-0.451217753881826,-2.10592379500908
-0.378440965379098,-0.0308501991756501,1.03131519615606,0.169093280870744,-0.692064018054835,-0.931087142858506,-0.208969475194354,-1.46493386804724,-0.186652948349374,1.36959639955869,1.04530580487611,0.627921970387447,0.79591628598886,0.105984900037711,0.0862266574394994,0.635318826146501,-0.602960575766214,-0.194511968483814
-0.36879275863982,-0.626987322054313,-0.643447637625496,0.678583321276734,0.549137428296612,0.483706261521849,-1.02703307426885,-0.703795670566299,-1.34126318991072,-0.434173611012793,-0.236776576984939,1.08156687466528,0.230757523600879,-0.102509852577678,0.791118140180613,0.236858335079364,-0.850635057164044,-0.600373730835082
1.29469781099499,1.0990741511234,0.630044200663322,0.405443776589598,-0.288536924346274,0.256364168650131,-0.411319993463936,0.740451461673328,0.308350275562636,1.22639132043195,1.27418848629729,2.95894256648826,0.185732708017349,2.29351103462013,-0.934254032246044,2.04561732162971,0.119892691364636,1.59924077510254
0.835367049750894,0.664437396475196,0.422173800161934,-0.588034980245265,-0.629780748345571,-1.49185811656193,-0.186333596242211,0.072701240347036,0.0889388805718583,0.409529598554601,1.01108687860038,-0.562421242518009,-0.221809489023565,-0.101241670563751,0.616537741905128,-0.751728304834195,0.362026931071584,-0.777772396195581
-0.426190075130475,-0.969180541789246,0.568692780028859,-0.908120317031742,-1.20606814154002,-0.55221669435564,-1.19484580676239,-1.87200321371364,-0.828806361094315,0.075624428836368,-0.00602876568142169,-0.220306368048388,-0.154638756264566,-0.513709157179017,-0.13723141790822,-0.572220744380102,-0.379151655486704,-1.14397448841261
1.35788297830551,1.00057000661993,0.178516859534473,-0.407911136433056,2.50456031494853,2.36828330740486,0.433007498217158,0.961574452250264,-0.583487214301243,-0.0138784928680009,1.6640040833834,0.338686814775855,-0.040166548766808,-0.0819727725177298,0.683607064756453,1.42449509979486,1.13159985257278,1.13211579042198
0.475468007141297,1.28094389037105,1.75214118458029,-0.645746091031836,-0.0646502505688247,0.208833086957432,0.103276604240544,0.539152395982092,0.945066936187687,-1.09370264431215,-0.349599285350557,0.0462751470325479,1.01702256456362,-0.0344162759530454,-1.00679959159047,0.51649457787706,1.52492061171472,-0.49663662712894
-0.134281820266164,-0.911319028015532,-0.929628829702763,0.296631800611562,-1.23006444452206,-0.323404429462076,0.196838725108549,-0.421045376710381,-1.55001667707095,-0.965210138044574,1.70356970065667,0.156495833298004,-1.00305176242556,0.0952439872970208,0.490022904508835,-1.27585404653742,-0.176463683459647,0.165961344457972
