"Fitness"
8627.25773269605
