"Fitness"
9548.54677558136
