"y1","y2","y3","y4","y5","y6","y7","y8","y9","y10","y11","y12","y13","y14","y15","y16","y17","y18"
1.00628442620505,2.17594974722426,2.2601426655629,-0.869282004764036,-1.43969518019047,-1.61426129564336,0.177748080089583,0.0619301972617399,0.306904919230794,-0.212472945846178,1.39528226902447,-0.802691548481539,0.905784585574183,-0.0158927018648915,-0.441201027893877,-0.774966061100993,0.585939723082742,-0.0716543343945831
-0.00593542752201949,-0.475297661617588,0.653495452918134,-1.91539401589733,0.928355862373139,1.38311554742806,1.29645708611523,1.02828893525819,0.868448246818064,1.09165230462985,1.59814689129995,0.68127244907223,-0.209533446627729,-0.0517308529830726,1.21422454767559,0.509884801253085,1.74881473920496,-0.8081555223291
0.918140319771684,1.0438513261042,-0.712081826266283,-1.03364864480575,0.837098948320261,1.15748470925642,0.28912096539653,-0.285041976621791,-0.705833992297139,0.128987183715584,0.61702489896227,0.151508304187546,0.760441205502763,0.811880906559199,-0.544844319761893,0.760811295455488,1.98923648998552,0.591474842188744
1.53066456855888,1.82259059782387,1.51391292598929,2.29535155469382,-0.373189831791087,-0.977585554410519,2.04210830135286,-0.314239168939241,1.11982684523938,1.55984894899011,2.34771401908766,0.863896796417475,0.817741717662023,0.670323365320496,0.634714919902721,-0.403619798231643,0.304050078938318,-0.268843007325492
-1.45035097643839,-0.227998306777798,-0.157386457769713,-0.856920693441123,-1.19090423754247,0.84282116119965,-0.208239531215112,-2.05685755885697,-0.764265370939982,-1.8768957429236,-0.15602667149273,-0.840200714313458,-2.10178116372261,1.00034651865769,-1.02649580529837,0.322333619226404,-1.25034369668518,-1.76709175765093
0.316109134570149,-1.16482557525221,-0.263617066076294,0.515907010963202,0.70155499422704,1.61965810106584,1.20679362200828,0.638571066786947,0.28568817226878,1.08729090260195,0.933583043357638,0.516819967247447,2.01185232709422,-0.00816184674850551,0.334050505949799,-0.378799954463591,0.0199450844897833,-1.68889386943645
-1.18811537437345,1.00846123773266,-1.25650930537659,0.201727462909074,0.672046208772601,-0.0176770068036284,0.154268265090796,0.349265507114818,1.60299878975043,-0.627976914529178,0.626599725819788,1.16977464035813,-0.761769214252345,-0.221885853714351,-0.103705915560321,0.750320899423006,-0.271978759175547,0.683293475527503
0.0747040576428862,1.67723592744872,1.34017467283301,0.137895717160231,-0.741917959999567,-0.420353187044749,0.875802711458979,0.936788760865506,0.585401994285058,-0.133659101487853,1.21518213228792,0.923607743150267,0.589820020718986,-0.143474479134359,1.84612308748677,1.73869864359703,2.12406485860374,-0.120397471570051
0.937504027033771,0.827864332273124,-0.0534982102137668,1.61068589289108,0.553993345675126,0.594425940578534,-0.440805800670703,2.42643898872194,0.436707612001094,1.47283460380885,0.739839226654335,1.17482792316489,1.28379856124861,1.00152297167912,0.252238078335908,-1.48954080414934,-1.05895376084261,0.271349768482476
-0.141386971692719,-0.0814266182495957,-0.703574811058832,0.146516935148234,0.945854733875721,-0.229926380283165,1.2824531302874,1.37126481208457,-1.01303435450289,-0.477919025376167,0.911525608916629,-0.312294323706403,0.5771147529354,0.669232562091293,-0.394505651367392,-0.125402699898717,-0.307706499645963,-0.0651945745293691
-0.148980348880828,1.10149837955746,1.40334949924224,-1.11639062271604,-0.0679635415231996,-1.13441740735455,-0.0108111415920603,0.896758454545068,1.04899298499364,0.0881591714951376,-0.342734183167506,0.317528488216569,0.700629769720029,0.987327688250472,-0.169691915513882,0.480310537794882,0.919002407104904,1.67575626664457
0.92557595478471,-0.605079239290225,-0.62783027689012,-0.0201707745663663,0.225745988626906,-1.69631587032265,-1.8025087232932,-0.405885552807981,0.8732460247998,-0.980211520932068,-1.07042912918526,-0.0274065959058433,0.253462806741355,-0.0308334103933265,-0.587829431224885,0.303758593436371,-2.28386230679922,-0.558927193545918
1.56770197576949,1.91638306181798,2.33542645615332,-1.03194975240341,-0.96199705428477,-0.408877578855656,0.616667323954339,-0.570635901638744,-0.321738020582652,1.06254155466161,0.74524482658317,-1.40781735795686,-0.416763648602693,-0.420096527818344,1.23906885444925,1.10007842641012,1.09567868008584,-1.393533456867
-0.821781796294996,-2.06185486145139,-1.05445790913474,0.531944451431459,-1.15998784319097,-1.04477619902618,-1.06964241581459,-0.216686557480389,-1.55369636733119,-1.61099215885089,-1.61838176029836,-1.60283626157834,0.00963109546721302,-0.171280077494133,-1.86129990096293,0.360160043532025,-1.56471181171702,0.774347111199001
-0.891466904542326,-2.09547926701386,-2.15801355142614,-1.48653403304222,-0.43587008493286,-0.157783143752323,-1.31525620717153,-1.5631870614233,-0.30579862170478,-1.10195206602715,-0.734610985733652,-1.28448495730105,-0.827679245096309,-1.37875489011842,-0.61958309737359,-0.94572579286543,-1.24456337241344,0.0262144823501804
-0.424678300472979,0.393280902670131,-0.461925275510593,0.066004671902607,-1.25623030691466,0.55964756646527,0.556797687472201,-0.531803100881695,-1.5424310455468,-0.259601933706252,-0.310586274261894,-0.218371493460721,0.0147399266291071,-0.408155932976037,-0.707318805437222,-1.21430522330468,-0.192034493357676,-0.870752118686404
-0.756190766240524,-1.19530808839715,0.0381538435273337,1.1266206961152,1.11142626500925,1.29574437141647,-0.481340228223863,-1.23017568774946,0.523184390808971,0.281616025800134,-0.065521600891204,-0.0530807065101286,-0.165793411563481,-0.455123001885032,0.862641131515492,-0.552981593188308,-0.620733068059449,0.222798249450924
1.28855505649174,-0.292138974321509,-0.771949134880692,1.22530147824233,2.55395053206372,1.64150893025235,1.67545636633018,0.86069585018665,-0.0886602811759995,2.79799120603575,0.0145881686457027,0.64574378218947,0.545894781585418,0.303402174063223,1.53267513571512,0.0547509565442688,-0.611358691985452,-0.566778670070998
-0.261487429430335,-1.46064569402102,-1.27642066459542,-2.65395326234516,-1.2197687204806,0.575861033256697,0.689416309582136,-1.75002647705387,-1.31965154227289,-0.566440634458108,-1.58143372166738,-1.40277369725031,-0.833441377462339,-0.227214088299054,0.0318926191580627,1.08082945050685,0.792424414616074,0.0800988024980472
-0.3078343428013,-0.900504447850872,-0.402823304267674,0.790298546988708,0.799550329646856,-0.677896594710681,-0.64875504682529,-1.11055116091556,-1.12847851245205,-0.227548674169136,-0.333213520967347,-1.43871492506839,-0.759018394473276,-0.577285723585192,-0.811513935249882,0.00988032012323064,-0.770394983907816,-1.14071114241835
-1.00015543440763,-1.4683542029144,0.636199622343985,-1.20373663191067,0.705789744814794,1.17378483821018,0.793196587540918,-2.03240761162143,0.712721779105537,-0.034993125328958,0.0618518061271876,-0.204909196874016,-1.37915949040452,-1.31627011669462,0.478015693673765,-1.20245259299545,-1.67688593027646,-0.456294321799342
-1.21214534930311,-0.37976284176537,-0.855198612922869,1.14211896340497,-0.565567319288173,0.70640698112349,0.121742933751205,0.478793641118167,-1.69460612844976,0.162456415506947,0.378528414428077,-0.80333803372099,-0.511982231688079,-1.62903690826538,0.0380422518152238,-0.177103187849735,-0.351718738543249,-1.5590722078711
0.855924819132133,0.0509959681992207,-0.134253761191128,-0.313081781068994,2.87682823460341,2.29281962969808,1.51331387921888,0.820204780792393,2.55355493877987,2.157943302464,1.91456664809726,2.7468478110007,0.765985714854491,2.5210387616225,1.1438670969981,0.853346704390956,0.193842048270003,1.32953827484882
1.56498149538369,0.00126767299256916,1.28454406626195,2.48951374049318,0.961229798595227,-3.06519448463739,-0.286105709692296,1.36115501131163,-0.0976766913398096,0.604981217531036,-0.205648998305317,1.23104640722839,0.798291610334054,0.0794388709549429,-0.792106777087753,0.157244198554643,-0.122879228387366,1.1569881155838
0.373146142794246,-0.674996578504872,0.0360736727062995,1.60836431907641,1.97060744730291,0.383908739287461,-0.13886495623045,-0.929028280872694,0.894407383691458,0.824806854910272,0.917862231343661,-0.663766423059343,1.04483972950713,0.331988590546516,0.65946002095569,-0.00230434155249197,1.33432509689977,1.0959114401193
0.910194397015622,1.41956563035707,1.41997148732967,0.567779491913231,1.5143070851564,-1.19283220744195,0.447534825544103,0.169142603439277,-0.564598398931531,-0.066721760185667,0.323128785537818,0.60458387910924,1.44730684445565,0.698601483608323,0.300425265614155,0.906971124439275,0.659930604130841,0.0206941157570383
-1.18686422555808,0.083894668644478,-0.57171347527182,-0.600328746720996,0.313908006500864,0.75813706372,1.57063578234048,0.964234813897716,0.226174349564891,0.150486371719983,0.0969946193192287,1.19555803396817,1.65882002981418,-0.218990267150064,-1.87028088870423,0.702663262317574,-0.375020842990656,-1.23229037690269
0.475722270228403,-0.138162133231412,-0.648906640746736,1.10892887548084,-0.343912480991734,2.25724394071423,0.272928621155603,1.4612454869177,2.00228471506062,1.30832633239137,2.2432886034167,0.896741912846078,-0.179297611116255,0.465401856664822,1.31318093265755,2.57136836602667,-0.358673257492085,2.35568058689199
1.25780491126771,0.960521593042731,0.731520904585458,0.927478872684089,0.385437399060265,0.563700594172572,0.438234564478363,0.0440626123097982,1.10022889554888,0.914347465694251,1.84591392074838,0.99942130572269,-0.719771123584232,1.67575921983638,0.71342452858429,1.70731214786072,1.31974556243847,1.88486026590741
0.385832967958205,-0.347787570501002,-0.366978616271743,0.623517386537633,-0.98103639968505,-0.110556555105499,0.784158752562702,0.522971413981812,0.475642963293,-0.0621921898642554,0.676878130393679,0.477335691500683,-0.742674794077255,-0.381244478722507,0.0352383794880435,-0.59752636202385,0.17496877087355,0.053094401203084
-1.27775710821884,-0.10273817805177,-0.400832983882246,1.03556480920608,0.0150941996651789,-1.00649761178936,-1.52203229678564,-0.130999324694451,-0.300431397992271,-0.388098909266055,-0.184612831595217,-0.956033361872776,1.03925080480918,0.450772554096661,0.0465775657884859,0.589328515542618,0.200023494355357,-1.51078516304969
-1.41393849041337,-1.06086588854474,-0.335945890095005,-2.07583199427578,1.08265387153843,0.49223016641381,0.158526371423024,-1.25274696018077,-0.596634712065531,-0.385865659693957,-0.277567238193224,0.153554112385636,-0.765624137932536,-0.462786502878165,0.445532592504205,-0.714667871952452,0.930284274598022,-1.22025699215802
1.67094098046923,0.0304960719283973,1.54885203548277,0.780348010830946,-0.75447136087125,-1.01692308845863,-0.704594575178954,0.890595130562166,-0.0897903055827197,0.846495108200156,-0.367092898622315,-0.923283340294229,-2.21985338126318,0.135491483589178,1.60279143964335,-0.208028264908397,-0.173969930772795,0.439540999555929
0.324338160360223,-0.555792818175369,0.726996482190731,0.385318184302933,0.983989672146044,0.757615559921662,0.0899498355173195,0.756336659680694,1.14296881935559,1.28682606054603,1.67512401042152,0.861903573220514,0.228990929508887,1.99477376843914,0.0949558922564122,0.794676248691718,0.107456968621896,-0.0595128414480785
0.469775721629451,-0.483248727761671,-1.00591699990875,0.269901435299649,0.792276975426212,0.806742504388982,0.451606894019314,1.51967281571643,-0.272780776787566,0.00488452265542963,0.219524321640911,-0.771540489886504,0.128939237390719,0.436988341842831,0.0642888585311281,0.264478668975017,0.767572634350451,0.33561453328256
0.663042422236117,1.00592764560271,0.147361762733759,-2.05342870306488,-1.66708497328909,-0.695344977783482,-0.70259895288925,-0.411903565813573,0.456271969184808,-0.635947332076185,-0.0208689944711099,0.0957337429729327,0.46235365274354,-0.116770189605595,-1.10194907618269,1.00079433119818,1.74809479532479,0.0159906647941175
-0.202132128386814,-0.0530992602612321,-0.758849281284268,-0.418190730376776,0.716800133576827,1.87922902157722,0.692291648462054,0.890781327940566,1.2529018376216,0.947155003315493,0.699812510249285,0.244404919048957,1.91239000976786,0.894015269995132,0.550653609865355,-0.989510514985233,0.298293911721472,-1.50969269015327
-0.219472506300932,0.425664326029216,-0.543870990950091,1.89281687304698,-0.0430462653431972,-0.0229686790166278,-0.957756546753201,-0.189091592830767,0.417046675845322,-0.358438974169702,0.34159039036875,-0.357027323534572,-1.19781169353827,0.999392046496263,-0.109640965406495,0.105658470700111,1.03719614286677,0.198858844493682
-1.22557041875977,-0.773525178818616,0.636264039612834,-0.159821837238596,-0.198532620640987,-0.857872963060409,-0.118380349501398,0.0783409409539365,-0.0927579503097521,-1.0174076502274,-0.111690331240878,-0.336887926506488,-1.31119711410888,-1.15223272675026,0.848503952705937,-0.211011744698475,-0.127272887210351,0.462571695141231
-0.521074867112671,-1.96401346872877,0.842084977550957,0.181944128568322,0.0228470675386464,1.97698953353019,-1.27266616186909,-0.799107632719039,-0.911073042056819,-0.356577974841855,1.74569289883302,-0.0122439250582494,-0.0116747684089927,0.205222040334864,1.1481746959225,0.0535123848145542,1.64297242148127,-0.732033600146183
1.58705951834802,-0.760266876399326,0.769225187022801,0.118711169749661,-0.470101892718139,-1.60269666815458,-0.51652907027504,-0.761326212095714,-0.0118664947745376,-0.379955123234123,-0.754067154865707,0.495033441888414,-1.96511221449829,-0.166712790526856,0.859275087622113,1.08901784068292,1.97804548740137,0.502383739573064
0.376885577507611,0.72358797072437,0.22840501862897,-0.1433836826396,-1.79603269143978,-0.0514725475425898,0.453669337342691,0.09621022446039,-0.421133617936537,-0.00944223233495188,-0.793624766840185,-0.46066054513316,-0.0387319832315122,0.802399948239844,-0.0237996127600889,-2.08192840781459,-1.00755920641641,-0.111327103714056
1.33785744849478,0.644796454842768,-0.477346411631859,-1.9652716374336,-0.227961542931501,-0.893273214832629,0.869446010357587,-0.0721834742199487,-0.670109042960278,-0.494137279804917,-0.564999678320502,0.590369483573048,-0.754247278316507,-0.566934003629385,-0.192378054409897,-0.2620311887752,0.705188870858759,-1.71609976554191
-0.079265818088432,-0.613622202276012,-0.522519218310782,-0.467859020337209,0.155299426473734,0.1857775083374,0.355623484384945,-0.390753415393235,0.627859995509236,0.71013751276021,-0.888689596276375,-1.24053586291575,0.749703431827123,0.607576679555993,1.01620354943576,1.77721565486342,2.14847448644915,0.853179655360831
0.357865605465654,0.244635360397635,-0.531366578486934,-0.338118002573772,0.850113367178821,0.972138574437894,0.954692837160982,-0.183658025602498,1.28523267337078,0.492456771958088,0.467482078681675,0.875094726675792,0.0096826088688418,0.333125883970969,-0.454034215112957,0.785920227010815,0.251046445121311,1.00073094717396
0.138883092647529,-1.34730689690933,-0.773116810265204,-0.89416546474727,2.40570329133548,1.53404126943699,1.15835636066445,-0.396112988631704,0.863813610154931,0.863464562790956,1.45807584423925,0.751476643203572,1.10637557231269,0.81873341283793,1.64903140604784,-0.851526714329973,0.60799186585615,0.579134041978768
0.96495708140773,0.915503155292865,-0.166794795479397,-1.36029773475517,-0.194909872008583,-0.0331133625541537,2.12767218585499,0.49644936634086,1.61827128205089,0.789645502661409,1.10671731473568,-0.288303611418936,0.713683581450754,0.49426113658703,0.939034115432738,0.612461860007936,-0.408605351102594,0.0254865877213321
0.601230216964113,0.250206251112384,-0.0949495319842937,0.7256819645581,-0.750966826497819,-1.15657607211001,0.545173322463061,-0.741670516145912,-1.39390749020895,-0.609554648438989,0.286535668572774,0.830410442575996,-0.211492038676329,0.567294200738395,0.149218794688756,1.53951443309233,0.691605138523396,-1.46978665032818
-1.18084863232013,-2.10464709922606,-2.06202476661124,-1.40411311680958,0.0455626010052497,0.54812855685931,0.22234999848238,0.0864777709392305,0.854683602737443,0.639893375299582,-0.0512822251404438,1.03615943962255,-0.0400780804565735,0.560273191223281,-0.756502193236288,-0.58889685529156,-0.419926290054936,-0.726478158590825
-1.05221034913763,-0.967783910300704,-1.17502001352244,-1.19787964588464,0.28230974749084,-0.187942517193534,1.40969308370277,-1.29404835019842,-0.39437398628993,-1.28208663959083,-0.955225773496573,0.0724140036997221,0.593825102481869,0.541197618995966,-0.688505495552127,0.478451154330794,0.00470935332798603,0.6885395092687
-1.15860761159139,-0.836982621183289,-0.816676306499215,-0.259610821629017,-1.14293083305497,-0.342469575984329,0.688792701271586,-0.543959118127108,-0.227398962347288,-0.338933353092869,-0.460221548968,-1.37245501458983,-1.16790841360814,-0.726436437184848,-0.497811178450168,-1.35395469934767,-0.937219939403673,-0.770615086259696
1.00026654202064,0.709684038858523,-2.17768116197332,0.578670886070705,-0.47963083902262,0.0202191777683157,0.52947429043493,-0.306035474564262,-0.15105870944857,0.457050297870542,0.0538008508916079,-1.63260510000166,-0.507821726509049,-0.696774892953685,-0.489459270891813,0.766425853000781,-0.0921996117564149,-0.898975328588802
-0.260371685714327,0.625150125992743,-0.0557560136407305,-0.890101886647546,0.360506714800459,1.36514915152619,-0.488059051174118,0.291224095471686,-0.489912765609878,-0.764018189764956,0.900215738067016,-1.46386515079617,-0.794994951658587,2.20394155618341,0.248783156983956,0.491265647871186,-0.233997183044708,1.81061223394436
-1.80211261364202,-1.20344953961286,-0.186852253841154,-0.431414774061508,-0.608406809547439,0.761545391406423,-0.116436098845598,-2.26576201020111,-0.779766250294602,0.0613814316455502,-0.607061070028963,-0.865000537213317,0.424648428135996,0.280359919306477,-0.378273367657925,0.182422802039858,1.39564887315437,0.339946574196753
0.808264081117879,0.828681260203605,0.776315965969434,-0.877252899223271,-0.108398888222054,-0.640210476738199,-1.0068707400782,-1.48851613248182,0.268884429950863,0.872504023651729,-1.16676960758341,-0.243004556388918,1.76774612270998,-0.520921051366404,-0.0208468760457853,-0.296101897975232,0.667140281126321,-0.611717076685411
-0.202184722475632,-0.864437780567971,-1.60972064590714,-1.04270890676967,0.731861400051464,0.588685763814235,-1.3057026765824,-1.06789391401089,-0.511732128305278,0.301394043763523,-0.109157744860752,0.141998010946103,-0.0447967438668293,-0.0747194480085855,0.972033616018289,-0.418085793777862,1.6291628302937,-0.53165627328674
0.185166747079286,0.760814620349287,0.634955169430773,-0.741908403116185,0.221174791423201,2.77264644871337,0.64424861246265,1.68137436872798,0.260780437967329,1.33293994529897,0.817308993453584,0.663169676708802,1.70538883847198,1.2586190262809,1.45875009983758,0.124276921052117,-0.957883149016276,-1.41383321718634
-0.362266547734058,-0.114382858756326,-0.869797659633263,0.505036990123949,1.23024036786504,1.36586539018369,-0.401555454781201,0.567000203269646,0.489828447874275,0.225226984403931,0.503514415772888,0.648277861843703,0.604473871281902,-0.286687539984963,-0.139144606524477,0.0163796516444891,0.119594717799324,0.16994997030259
0.698821999603878,1.50449473019448,1.06873151924325,1.28594523978408,1.39427273672342,1.06911362194559,1.31514058794763,2.61730282740622,0.708823061801467,1.60567734175231,1.88463225044105,1.42459986028308,-1.60285468031169,2.62609578059242,0.824361123807098,-0.464085040279896,1.52106961950303,2.12698862823382
0.437291066833294,0.466152993438707,0.435219381314314,-1.80615030977269,0.669266366213169,-0.875601385875925,0.498370581533738,-2.46634766631443,0.210040191182488,-0.920192525047498,-0.255772758494097,0.428342823629527,-0.773401800879381,-0.251305709383381,-0.632997837744935,1.20778250466447,-0.675060428954831,0.538573693466659
1.50216339593963,0.923814293336482,1.15994388360412,0.7772067756538,1.36476872322968,0.571882988631913,1.33245767424625,1.64007871665685,0.548426314527064,2.30764118847084,1.18450048538445,1.96231942859704,-0.0447617753567236,1.97460818575,2.31862537801024,-0.173279049603228,0.35909053166397,1.58237190489574
-0.518610962836118,-0.538123414401171,-0.684319395374667,0.585747654956991,-0.841667201637708,-1.08104400940728,-1.7714570471875,-0.817979067752433,-1.7204970344819,-1.55843553507841,-1.44112055836105,1.32719152337793,0.893987809274297,0.111210794525986,-1.25683735517999,-0.919795620350147,0.495947019481061,0.0511307347640665
-0.696665726058466,-1.85239507937956,0.62110333976615,0.0858754889052482,-0.207005991848389,-0.128684286711152,-0.041572187913605,-1.39610050011195,-1.01393166462376,-0.970557487784544,-0.707500349968164,0.295604056406961,0.546711521940513,-0.489215031169399,-0.047111138926799,-0.174054062956281,-0.950986040434028,-0.360723664472289
-0.965589716486432,-1.06610117623573,0.437647019713791,-0.484920949874119,-0.860161281757059,-0.34956625788432,-1.32027086333939,0.898764535802091,-0.288504242049352,-0.729645184706395,-0.646333536205322,-0.556968566952304,0.120717614195672,0.484790175774848,-1.03453659412624,1.84697805573123,0.942632886635527,0.125596237175752
-0.20879520066242,0.233010841060195,-0.822168750411628,-0.752673047937385,-0.396422705775884,-1.02315712558108,-0.6318296175307,1.23871327976001,-0.263901567506442,0.112342722160784,-0.363666095536078,0.548428412297669,-1.06264352269878,0.122266860239373,0.71875868680298,-0.00171352286714012,0.230269555334881,0.610039308681185
-0.375940619445186,0.138297776515751,0.230675795057953,-1.8321593851816,-0.458422485116216,-0.651447540753428,0.251650769191289,-0.153688382655455,0.43987294173957,-0.369696604464255,0.151478157378433,1.26581046212313,-0.670563272861372,-0.504397885216055,0.63807908639412,-1.36744588105036,1.13833959983748,-0.626284077506682
1.03785301263613,-0.723517811746177,0.441537090340718,1.51451176877014,-0.688509573956684,-1.38482486116728,-1.21406069466249,-0.316108382477319,0.212522299263395,-0.754048380478566,0.161069774941269,-0.0697552951780142,0.100114326986489,0.0680107805295723,0.088705666967862,-2.19634752898324,-1.89039525150441,-0.3551668857693
-2.15633265947654,-0.0838460624709101,0.206882339145221,-1.30946175099387,0.25543194824187,1.12568262731218,0.288902189960695,-1.28123830613116,-0.308222148726254,-0.513806506120199,-0.330697155907783,0.824965551894677,3.32114419816495,-0.0767842691789936,-0.28714271019143,0.83458087508963,-0.34288793825829,-0.189130950279753
0.103120596364846,0.49593999751869,0.616354795406512,-1.32829073727069,-1.18797616587514,-1.03483442681411,-0.593635240765277,-1.45860949799522,-1.21320686452466,-0.846168009647378,-0.602552656367438,-2.04305741754254,-0.0346079097100915,0.830088735667114,0.0944078331708988,0.288977237723728,1.265247042785,1.28332425032494
-0.545995453275821,0.0177162248169695,0.303994674896346,-0.1902780942961,-2.15597805354343,-0.5963091007258,-0.900043679708704,-0.397239517828455,-0.535362818727547,-1.13201442563115,-1.44762695906498,-1.62900226755092,0.611974764413981,-1.08949324841664,-2.81040127910246,-0.651899496256263,0.162417454580145,-0.568208825654648
0.214274942396564,0.94282279785685,1.6317745274409,-0.56476630835768,0.483913498191747,1.28167249501263,-1.13161107041682,1.56349215718391,-0.225753526713006,0.372041378717149,0.195188134897369,1.05656369676904,0.727656268936536,0.83340825509187,-2.00930843178793,-0.255145507347845,-0.316705787096238,0.0207061217714594
-0.283175258282653,-1.96178219404773,-0.296090493014331,-1.54357588799896,-0.883267601940467,-0.974333532165134,-1.30825355172292,-0.808446111469065,-1.5605372179096,-1.42265862624969,-0.997504709802551,0.0899332024863209,0.160117732254317,-1.36244349447325,-0.672562123187042,-0.109693136453588,0.617822660727852,-2.43393873737747
-1.16437346187557,-0.104031691526237,-1.98856429707176,-0.0940019019780285,0.773319718269556,0.561713114258814,-0.301638976485039,0.759939912060455,-0.294963664413956,0.405136197847191,0.0375537902617941,2.00637661207679,-2.10694332704259,0.430841247341124,1.21273541388969,0.55555813887137,0.400068807325973,0.191612973725717
0.521004331343845,-0.0232731727350722,-0.486399003047213,-0.384034174229788,0.19463337460302,-0.00808803949907533,-0.809997423778816,-0.288272059048469,0.116268243468265,-0.0962797497488546,-1.00128134703571,-0.452687263597707,-0.439637066565616,0.256410963047754,-0.054912198262311,-0.83376789532412,-0.616988074317148,-0.086459061686532
1.15301396098462,1.7378933439675,-0.0304482042240647,0.645379664905394,1.67264411160464,1.75925714362234,0.994094798545121,0.247697861750976,1.22413608489588,1.59117250428588,2.19289610497281,2.07077861666776,0.247338924138312,0.295594607329394,0.187136700444852,0.0364564769715187,-0.585191396987639,0.794363212477584
-2.46917925070237,-1.32419325908266,-1.68723083813471,1.63870997226257,-0.427783855285342,-0.691803872649713,-1.83596865485256,-1.26919208386975,-0.612166132805476,-0.812998941666025,-1.23835858532244,0.181219511104781,1.64850123817019,-1.25530971377053,-2.98452062502003,-2.54648382256486,-0.870830207148289,-1.56363114908338
-0.212074969109789,0.785089158207312,-0.320162975959248,-0.114345245806187,-0.827405281831236,-0.114403866779054,0.734731031471936,-0.277816246062481,-0.420101860301205,-0.486135362250166,-0.438869416771722,1.65045105839012,-0.879802500845803,-1.28259416717081,-0.79651654999321,-0.383626911073334,0.388761525761892,-0.770319940860372
0.9857029618466,0.484232405181776,1.00203635819472,2.31831267224463,0.285715416639842,1.10480102693957,-0.0531131851145877,-2.13851034825935,-0.228099486787757,0.654779786671769,0.400852223632751,-0.194589165887107,-0.480046023744789,0.819126702991257,0.994635951563008,-1.51535476889076,0.178818097604935,-1.73471758257825
1.32265919400929,2.02236904752194,0.261148490378349,0.170398828661796,0.66652362313685,-0.568464503738704,0.878863956164292,0.386889881489213,-0.275075519760632,1.7694601488113,-1.02545339639013,-0.544881742244897,-0.637329087581291,0.363870686565447,0.678176724515917,0.216353789756612,-0.409695013364124,-0.214308233518822
-0.451784821729005,0.652641222461942,-0.220872429821015,-0.255225107123187,-1.65817313083308,0.332664879903846,-1.63745612259317,0.538408384695379,-1.33169513151984,-0.917380330373242,-1.40290982098284,-2.73461973315416,1.26690566918693,-1.60693694587207,-1.20693095664327,-0.339968869645943,-0.580283895934299,-1.91942928791854
0.512938092758361,0.234157587024472,0.052980501321228,1.75033641357178,1.2771445888971,0.759070664187332,0.597826335091566,0.728101836549342,-1.4707392046031,0.819247337306285,1.27255312955125,-0.200702935046704,1.32692726494199,1.06849189296491,-0.861954988187123,1.60068113260134,-1.16050771850909,1.69617260273813
1.10729983759999,1.84123467662743,-0.0115886498778602,2.35458688210538,0.919763759375651,-0.509538955252566,-0.280680918604774,2.04667662757101,0.142989890054691,0.243665431756685,1.37463324237029,0.69249138147651,0.134749543535059,0.86993899958098,0.169098375437801,-0.487106089926952,0.0643079974471954,0.00594558119098829
-0.256743490800101,0.0983145401444589,1.32268611395185,-0.361387489841371,1.0131347563068,0.456068514886615,-1.04057917628137,1.05013696127457,0.694881706465219,0.975532965128852,0.587799946632014,1.41165116592394,-0.69170309394429,0.0133909726183924,0.939756122205946,0.305438836290708,-1.00695045366316,1.29345175963492
-0.466393535877657,0.118054891035032,0.293578719569724,0.0968218186412943,0.102814708682637,1.99642640214342,-1.01268610748882,-0.469246350357021,-0.28911326584056,-0.299341387711087,1.14587925593295,-0.640155315678267,-0.612195356272348,0.588921551348412,-0.137933636947592,-1.43989614694804,-1.41568183476259,0.202108582083217
0.741008585859747,-0.729034554185124,-0.65449127582129,-0.00458457514089994,-0.934623940339105,-1.05569917764481,0.554246363769718,-0.555267444875386,0.121786366659415,-0.870872431017461,-0.513480276364676,-0.591843568153178,0.0522011527773982,-0.416833268437613,-0.220518244579996,-0.637500718609183,-1.14566563736937,1.14358749926144
0.167475315655654,-1.03349030275885,0.70984364545311,1.28736366280153,-0.353993543955013,-0.572991926331482,-0.0332079478344152,-0.20526125874102,-1.28464422484639,-0.725791663553067,-0.264353143604056,-0.212133630243617,-0.255707502089506,-0.427321336967889,-0.201923776996895,-1.106105521418,0.768262252966124,-1.39176854732403
-0.899643308696812,-0.743965622730015,-0.516205103525646,0.454459220608423,0.799712541826621,-0.888567684483482,-1.13739622504633,-0.842317084028142,-0.59204474463052,0.0964206620141913,-0.605715630183003,-0.740081283530102,0.12285180798712,-0.57322377838744,0.0798019827241127,-0.970515990981413,-0.181153192325023,-1.85756705249813
0.6796036950085,-0.925998217680738,-1.39073770117415,0.0270634855810839,0.280877621324082,-0.122534192746715,1.08679272450766,0.113009437912474,-1.48551475524517,-0.293451497431596,-0.00893024969201774,-0.537749375723158,0.139732998030429,-1.27238379315667,-0.740167141570301,0.598005932904308,0.668039184248665,1.16502950498516
-0.26002106407651,-1.38511574510413,-0.688652008533839,-0.925759298762988,-1.85940302676406,-1.62446675716752,-2.16671011317566,-0.879422349608972,-0.638576593515173,-1.21623693688151,-2.30903676320811,-1.54906312938349,-1.39671939565826,-2.14459904599104,-1.04879657173318,-0.106237259839255,-1.13701236754175,-0.398565296153036
-0.605035655846289,0.087341500531974,0.210224756617408,-0.21835550071016,-0.422153289030649,0.333685935774897,0.986816575777706,0.206731586121314,-0.508940677795983,-0.732845498141737,-0.325411862402886,1.72857730480932,0.56017327448434,-0.0844044785362443,-0.688721984181871,-0.523252671579682,0.789810225025657,-1.43498934386665
0.973516575358509,1.35023656195016,-0.304350921388673,0.104349354021806,1.29797448612316,0.714036482662455,0.596197430624029,1.3236096683348,-0.128682347599687,-0.248135533834266,1.81638136064185,-0.0248637123532622,1.09232230727104,0.144153909426351,-0.58764546056119,-0.227025719505578,-0.072538494395685,-2.24013268308217
-0.904529010599044,-0.362750777673196,-0.980834496261939,1.0798435322746,-0.447674950880993,0.249696466843179,-0.731461113853809,0.837637553838122,-0.62551162803253,-0.775594833972551,0.278338548444926,1.55825915474642,-0.196674466570526,-0.620235183180122,0.528426022289512,-0.00633950705933886,-0.282012295242667,-0.532352405352392
1.90899566827114,0.400591283876442,0.688828689504345,0.552893202082863,0.386094925497737,1.18511178021326,-0.382917970466663,-0.537399982486624,-0.137434693633237,1.48534982453152,0.689478834616295,1.27026412805618,0.60477464065519,2.024463090751,1.82682311701157,1.79501805764499,0.876904258643846,0.151652479928318
1.42161627410647,-0.325582794990713,0.549608663233716,0.273421846601146,0.780191016186338,1.71712904939902,0.572652530147152,0.395208084522325,0.839442087921096,0.646754650166668,0.972592846611502,1.17375836034643,0.17599756841394,3.43038171664422,0.0444735176767717,0.453479080475795,-0.425722163731686,1.73940766298397
-1.40622100969734,-2.18582489473413,-0.955942343303388,-0.28290231199347,-1.31954838125395,-0.640878088637721,0.0558100224640695,-2.79542601817981,-1.77561836186331,-1.92541676104189,-1.71441393766048,-1.42340153026543,0.748636023770985,-1.37769779905848,-2.56044118939863,-0.445563617925937,-1.22587472382267,-0.264873505913432
0.280303834849055,1.19237098162227,0.395201072908912,1.01058930776429,0.140866729096749,1.69603360343499,0.220268206688802,0.473098672902257,0.804129819707247,1.29139268227569,0.385614719695433,1.09457494599945,0.383468363152735,0.833087888118956,1.00831405076887,1.76620020604224,-1.2777822354249,-0.118744729446694
0.196200618564916,0.878736291848102,0.722527276118988,-1.12976115743866,-1.91214786404539,-1.66039002040326,0.552247131979125,-0.506274495765972,0.51000100032193,-1.05564675877972,-0.441675438094492,0.00570338933462176,-1.08992586331088,-1.18476021715584,-0.227230011837151,-0.301156999551948,-0.863910093663224,-1.19221312864536
1.47935428953077,0.765920372744086,-0.0462934850942117,-0.541531033845392,-0.965584390810345,-0.145540418918557,-0.674450513100403,-1.39743994501344,-1.05075709146179,-0.410141597898533,-0.675866342740176,1.16349484912618,0.243270632148626,-0.509702027637868,-0.171554919083576,0.176754531216043,-0.47462351400985,0.962139165728657
0.170477290112459,0.664596450403078,0.938694556341667,-1.56656765526249,-0.270602323471264,0.637190013077288,1.78934985190061,2.41666063831922,0.815059629488708,0.428870475895936,0.434299648391122,0.722028020496735,2.01363426862718,2.18654108015673,-0.0133210688624734,1.71555208488656,-0.179868136813469,-0.369756393362064
1.20177529196193,1.74656997933972,1.36439494389829,1.49567847224139,2.36548242912212,-0.465224227661307,-0.195903487492822,0.0380469457298288,-0.871361915581552,0.578296668995958,1.9680738843123,0.157422514312334,-0.477132394605335,-0.340112093303883,0.333964102306645,1.59529715567891,-0.957698995081218,0.954814944950661
-1.21490064314501,0.0479320627116405,-1.27522580498058,-2.18983833308519,-0.690812306617966,-0.0881143828423373,-1.16213033219187,-0.773219804270902,-0.617225146137067,-1.17035055149888,0.111120662952291,-0.600433993869193,0.891813237625255,-0.204094357728707,-1.16751633082489,0.446905324697157,1.1839344564434,-0.871398633120959
0.841575450653551,0.419614035497248,-0.466186638569122,0.760228347713007,1.52549891893062,-0.140718936377473,0.599187233913088,0.790441856341481,0.269862340338039,1.45559750548161,1.97718898274756,-0.261989498992776,0.453737851439808,1.69018187640453,1.05521593965592,0.833977199881085,0.623392409557889,2.43687020013317
-0.314117698331482,0.107134979558186,-0.664434151847263,-1.07164847511769,-0.169245420542928,0.510835709793579,-0.382955275124909,0.856592028753373,-1.49362806748894,-0.0583731999189034,-0.262657513614836,0.792674157060916,1.94083919693155,-0.255144980573057,0.532161074791635,0.555697482979956,-0.346227858288458,-0.779100834813172
-0.269613563570909,-0.182392424340022,-0.137449727693005,0.382064502104293,-0.98532914593901,-1.04456997235239,-0.758364925777587,0.253256183103333,-0.444801927279894,-1.45622608696563,-0.593307421022507,-0.0720151546564376,-0.39462279510408,-0.533567722393018,0.267307811480438,0.874144846809202,0.681572601593454,-0.850341775446698
-1.75394672255209,-0.79628752192959,0.861464323739696,1.73554373329843,-0.689453366749921,0.60874740488048,-0.396863191037218,-0.348775821165277,0.144816291572874,-0.57149315187013,-0.0353768193444241,-0.0595004113874022,0.830553598734177,-0.213319071199269,-0.0991218842913886,-1.08702571756695,1.07388212072283,0.932098380259335
0.416406010347181,0.441564094129417,-0.75838278490966,0.857363460856589,0.883736717196232,1.18737870353913,1.44636064223064,-0.931808101142726,1.21401380271523,1.16670374528673,1.0959592004129,-0.0780838663411718,-0.546156832686153,0.749722147591767,2.16936515615731,0.576236741994485,0.777831577899855,0.078373265291235
-0.593079612649028,-1.45776150184917,-1.3191562850153,0.601107993949711,-0.155404932606187,-0.799023302229162,-0.945816215922896,-1.34251181838787,0.527282697966635,-1.13490868354114,-0.083744978298396,0.380812238863472,-1.34769614154677,-0.420910994775818,-0.975292679779131,0.335892236450408,0.311886171451327,0.327583563893743
-0.152904036333619,-1.16442634821203,-0.856361954690574,-0.125217340915834,-1.18937228387818,-0.621654825739754,-0.371536511017507,0.425308447228434,-0.644964178583655,-1.49093892463743,-0.121363210605178,-0.2303003916799,-0.687325101010103,-0.872172900639446,0.232197664671924,0.437441464025372,1.92732339584251,-0.0208476223754145
-0.587328071274749,-1.4024757415857,-0.329124296691539,0.620049945396139,-0.911090213523774,-2.20948847959062,0.264116334272278,-0.60244167390453,-1.19990375415789,-1.03694979018095,-0.71287904917844,-0.418930233120133,-2.82108661961929,-0.765466912524331,-0.00548973858155768,-0.105838437493576,-0.133059338136244,-1.20121309730791
0.10897905395333,-0.530102800700231,-0.819446669035084,-1.07482234122481,-0.672094839821754,-1.71398290771715,1.24479157900402,0.281601947142338,-0.248208813471451,-0.448486663479958,-0.377937820764054,-1.40085462386632,-0.814815875375889,-0.886083251158305,0.206854301844304,-2.29784629687482,-1.09402331798339,-1.18677483335889
-0.621400801535949,-0.368812361893929,-1.25959430940949,-1.80680447136871,0.654917102728909,-0.831375856218642,1.13109525279847,0.351900382576516,0.768295288548002,-0.507453398325587,0.744744497261604,-2.16600905151357,-0.792308042013675,-0.529868497433313,-1.78243014123498,-1.14163897848796,-1.85545735258173,-0.595908906254595
-0.228859810279657,-0.371105702075687,-1.52470088433172,-0.667637083081925,1.90192148284358,0.155518847816136,2.29448321331053,1.50843937638933,1.90494895335768,1.22110389385028,0.388174487145868,1.816367297385,1.36774831841806,0.835108186854653,1.97382438964694,0.101680223660658,-1.00210858132846,-0.964784643428914
-1.30599092690181,0.124321678690257,-0.946763244825758,0.350227765326587,-1.21313310447954,-0.973400640230601,-2.13889766622101,-2.2450941682915,0.257431680356163,-1.69687416599603,-1.4894661936233,-1.09032611580777,0.8191376768953,-1.76557851804915,-2.9693430997576,-0.609368386842618,-0.195236989963053,-1.23096273555147
-1.6093892260259,-0.00234226681522538,-0.811665354221732,0.373075666733506,-1.2583074439872,-0.519813723990109,-1.05605121965764,-1.61695959365286,-0.170384673937321,-0.154477140946296,-0.118629890214628,-0.681219502092415,-1.8495227377172,0.129543498069615,1.55854088817324,0.60997250476318,-0.156796069870028,0.795587975107623
-0.965543908301956,0.233728802644915,-1.82873182695085,-0.692271224560044,0.621552756470884,-1.31420278470101,0.872560775172775,0.262515209295192,-2.40578485497116,-0.577300911133276,-1.47474893490854,0.408906235717929,-0.0710269459809543,-1.06619238548404,-1.30998513644952,-0.297286528409735,-0.275711660851334,-1.05160642329078
-1.49291466952303,-1.42221927114561,0.0100587982808784,0.193694554656397,0.603018420073186,1.68038140723484,0.974383913487229,-0.187241013644444,-0.830684700395524,0.709106576980999,-0.367985505736159,0.248799040034462,2.14658748960292,-0.936649420466896,0.0581428680613563,-0.948283131450696,1.09270708321068,-0.365480333367075
-0.714662231042862,0.514474974817346,-0.256554159861168,0.0873849143734455,-0.818067258954118,-1.22778732776614,-0.711155277641596,-0.0133236369052093,-0.361754352175956,-0.929827045012001,0.113081678875148,-2.14102493796906,-0.882230647629335,-0.278837404040829,-1.35720569262797,0.141719816292696,0.202344805106749,-0.678872600121903
-0.527701810258073,-2.54905867124896,-1.75982504221372,-0.63764398665145,-0.663267202546261,-0.771764830875512,-0.0415587361784011,0.664285626035796,-2.04303080865559,-1.49668214425539,-0.60667420206931,-1.3155144703596,0.573542449293532,-0.955171157358778,-0.70163369231414,-0.121821440024586,1.35943010981221,0.563247152615677
1.26051248275733,0.461216052612527,1.9887199880326,-1.52124063860729,0.34116807780907,0.0508955109448323,-0.216522856468565,-0.0765594131920799,1.79911021289267,0.45018290148401,-0.827410930752509,0.553355979968203,0.532596073623231,0.360284774238303,0.586385137223848,-0.130808268981874,-0.0450385793216806,0.488436112200067
1.21720204673145,0.220602852277329,0.64413272825879,0.489297290956698,-1.74090178300905,-0.782729989372957,0.972947942986408,-0.368140542446352,-0.389666241715377,-0.477743690674662,-1.59057708094856,-0.102794025057043,1.10830992166262,-0.521158647326423,-1.39279603751332,-1.31644398549606,-0.629103301819661,0.643795669442519
0.359101822264865,-0.982617162053928,1.30062876999271,-0.487319469194912,0.689251863185884,-0.0780220650965947,0.656220146746389,-0.211520576467646,-0.233441885783881,-0.164859536255298,0.510343350648538,1.10657300654905,-1.01346881497598,-0.314047363328407,-0.389745052732582,0.128041356775386,-1.27369906824301,0.113406807876575
-1.59797736252634,-1.77925222624599,-1.24899824167945,-1.41116539304884,1.34518579726067,1.90687764111284,0.617307304429811,-0.213091442076699,-0.50107333712638,-0.307811721858804,-0.126097149816205,0.271486547077219,-0.789589928339233,-0.063861051439418,-0.540840169741789,1.11325989515667,1.17180956318239,-0.153787186672465
1.14581528539161,0.314135692202647,-0.947284292190586,-0.267305416943277,-0.0838140234157029,-0.0356960120832805,-0.11963873566511,0.20202991392796,0.0449375273328482,0.342826846956313,-0.227325957502779,-0.871796341301577,1.83148931020996,0.289947317946175,-0.389044166787911,-2.20625555765501,-0.281354087352748,-1.17614610866844
1.43681450375198,0.370963637994839,0.962163460424111,0.519228855240135,0.584134710637323,-0.607724596581289,-0.0433199643816075,-0.122099096018177,0.226907055260455,0.450272234543937,0.395418611694025,0.177658071851552,1.46865719244183,0.969191154571362,-0.20924601139575,2.49788348426967,0.941564161722767,-1.12341479013176
-0.38656598922965,1.16032585561027,1.55785811945904,-0.230594929470307,0.471747366286402,-1.10974217604841,1.30231346821098,-0.59510855043897,0.681035566255717,-0.405916937135471,0.946146115660676,0.00674638436864203,1.22390601787173,0.096302062833976,-0.885983567430286,-1.10765588954189,-1.34365716873203,-0.246388816409596
1.50107604744467,-1.14743609596498,-0.100712394479929,2.03204058876618,1.47231125201217,1.41097960891084,-0.56370343821485,1.13024174755346,0.423469759138296,1.36962904743094,0.707325908319067,0.428042154026672,1.68776361167186,1.47558665602892,-1.38911238974881,0.372333195935727,0.270701633112034,1.13524437327381
0.810515686454061,-1.22752441022823,-1.03516833684642,0.161026508671244,0.547774413412708,0.454161464350127,0.54046198631278,-0.624743833456214,-0.325907670003681,0.674016463506453,-0.924233327643851,-0.0545481999478869,1.49648699862344,0.243442452263727,-0.982233741205647,-0.0866860694572305,0.883104456351881,0.0613405397327896
-0.0179416482015713,0.0725853805187767,-0.157505199358723,-1.60077112174733,0.360179170809725,-0.101699245155066,1.52491473167073,-0.096142757733393,0.681591833869623,0.292382214553463,-0.321539844283713,1.24115158102715,0.511813263638147,1.55513019736219,0.260102961474584,0.39577982524866,-0.655497450885433,1.0886373656925
0.238103863541426,-0.320851394156358,0.594764493600416,-0.312141238210142,-0.28677864136436,-0.104433496754148,-0.81171465927496,-0.047146179441213,-0.564064671508992,0.421748011970402,-0.897418306259351,-0.602110475683833,-0.22945542344458,-0.293154268653782,-0.344399529210853,-0.386606057694443,0.320995118103896,-0.0259529091249252
0.674988365404094,0.832581119049241,-1.36744334453489,1.11863351580131,1.09794148752524,0.991899853335594,-1.56441443402791,1.33058772399087,0.802864729030427,0.771857386244383,0.52692635108443,0.185825388605458,-1.79390176146708,-0.241008981659172,-0.0201268362768143,0.0926541028456575,0.0176179821223549,-0.117298003808517
-2.41845619597213,-1.86353588273127,-0.797208721128087,-1.77897219148638,0.669533573581356,-0.514242566778113,-0.586920259782578,-1.51117646192124,-1.46023561391706,-1.20882406321208,-0.894639076563914,0.0658135291825045,0.369149876263792,-0.473588430121168,-0.461068328113474,0.32619619532935,-0.566954603202677,-2.09908506410639
0.968296154408475,-0.212315645794468,-0.159402819427611,0.722431149353499,0.128248092228465,0.245750591804359,0.576225118568484,0.859585796635942,1.55709509600986,0.911473589113853,0.654446563991366,0.727119868030623,0.569357820929793,0.836220017078722,0.772390919936997,1.34158410651338,0.640949797366028,0.964198853741869
-1.05004273616253,0.543541233324141,-1.06480255272855,-0.941450554365679,-0.575081365403937,0.827311456513411,-0.972583523678245,0.256757200279294,-1.34549601984433,-0.77070830689798,-0.485052332753363,0.267014489748149,0.785973225723335,-1.01750557720503,-0.804405067072428,0.432626113549267,0.606773285613844,-1.64228557624281
-1.00907589606388,-1.32325156345932,1.2843088803146,-2.34151317236848,-0.312883696656499,0.0685126922978575,-0.546048374079193,-0.882615877191169,-0.598558811261348,-1.115121574152,-0.567004661100109,0.0739893124591181,-0.836662364419622,-0.877378234409147,-1.32527526391337,-2.01439331313312,1.55118140947985,-0.76476034186515
0.784301927669687,0.152618952576133,-0.0703076981813796,-0.673561171977995,1.078500207057,0.932170133621185,-0.499123753701808,-0.240187567603596,0.0981791805264971,1.33704118933183,-0.855916399344628,-0.476069939875065,-0.29062728712259,0.0390709993284204,0.199195416069499,-2.24012322698394,-0.954887212859206,-1.31641934476844
1.80856927852009,1.91280040944702,0.177496710880842,0.674814512857362,-0.294473745233966,1.10252921540117,1.36389143671978,1.23498320552836,-1.05264875650643,0.338503919665715,1.20934098756498,1.15483897654622,-0.0913810469674298,-0.282097009890914,0.6331286156014,-0.069075499762816,0.239672317558237,1.15879708864889
-0.0547295787033889,0.357382129678933,-0.0367061195719046,-0.090590030736632,0.366604401987977,-1.69526659480818,-0.819630368705545,-1.0619801521178,-0.738483839340371,-0.609703901693983,-0.944652467144036,0.221955937234474,0.84892809933023,-0.640409707599961,-0.623750347831427,-0.317145112633986,-0.477325701850069,-0.122279730722491
1.05275874200745,0.987582847761458,1.12197672035786,0.851999475156635,2.09692869157121,0.686857467253739,0.93455508956717,0.512269385726626,0.211921217826682,2.18798248638182,1.6577543614984,1.19888643626433,2.11307963449164,1.58211975576781,-0.163635843512753,1.92246533144677,0.697808638417003,-0.360489106771159
1.41989035552203,1.11557120890087,2.23411235913646,-2.14718128747444,-1.23037306181081,0.542881675003761,0.174678335923718,-0.475585628909194,0.0689471820751545,-0.624013451776978,0.591523863064752,0.114573062145218,-1.46939523439966,-1.4588775466378,1.55958396293597,1.61056942788011,-0.747432944731258,0.454137915501577
-2.04854379344939,-0.367887743355486,-0.416197276639112,-0.281270757570499,-0.566744292925939,-0.582704785501703,-0.476455612076851,0.0622765934968293,0.08223010430712,-0.355917882579619,-0.904276662998178,-0.591466226685063,-0.31956114387855,-1.13080125366513,0.590998570913463,0.0503652575042957,0.425410611174119,0.302168442906914
1.11445878371197,0.46584921847927,-0.147976409448095,0.620691472725428,1.06953916280253,-0.00120621893420046,0.946039929472237,2.38985815690731,0.291968095918778,1.04307384903781,1.03352883092538,1.57852681548561,0.423586487681541,0.191138973683798,1.11384256967461,0.545147974145437,1.69026881794453,1.44659944319166
-0.711891965334057,-1.82937094301893,0.398887063413626,-0.0691104519416137,-1.21982273155959,-1.10513245450164,-0.988843699195782,-0.927280280865795,-1.84790696797021,-2.2383364669669,0.334358250407327,-0.479434418447234,0.469165892043011,-1.20266522837635,-2.11223694703954,-1.00030704177231,0.301704768613507,-0.197347657846654
0.37394573238558,1.08638925965882,1.03528208212797,2.1241559824677,0.0746783016425456,0.820734730137044,0.328402457484581,1.06899708507474,-0.162901124124727,0.589652375984276,0.840775952659273,1.13270488044018,0.879617169661549,0.880206741623283,0.0895145304228916,0.357032281595357,1.37622086325973,0.726548910137212
0.0489007850593731,0.681424042185375,0.739906829325023,0.393906139215087,1.11191268171393,-1.6833531093867,0.620272831406176,0.0891516826960791,-0.114050794589086,-0.304175506690873,-0.0888688645775048,-0.820498235762716,-1.54058130017133,-0.160282931613208,0.215973630810115,0.117351819289073,-1.58257787256413,-0.461132356011574
-2.09335124466843,-1.36943448672079,0.231762500795453,-1.66385318443166,-0.141857674222493,-0.548874765219675,-2.67123142057845,-0.663549941775454,-1.44957995529255,-2.14433512080209,-0.616069964065888,-1.71709440789457,-1.09809698970069,-1.21827338431453,-2.41827127184758,0.535333601418274,-1.97276113024249,0.543845404444073
-1.14621556298855,-1.43291717048675,-2.27621902434631,1.38536520936641,-0.140235788441116,-0.90381654629377,-2.89083307898414,-1.45771122031775,-0.258425213989704,-1.77821154508573,-1.85112941143832,-0.0720866081652242,-0.737946426990505,-1.15885999169168,-1.33539827928935,0.14730013410408,-0.0740151168158959,-0.601176332731363
-0.771146392164317,0.208381846205435,1.44032494977153,0.66986546788974,-0.381608341148952,-0.540198019123295,-3.33746538345057,-0.489399825492117,-1.09874249889485,-1.08970270070568,-0.0740162688034944,-1.69250353847554,-1.74169825604256,-0.229599810257085,0.502365155064878,0.0062025458268546,-0.76709452965834,-1.39333912077125
0.278732243473123,0.129267348780578,-0.539926113880756,1.76040772310929,-0.56609773969267,1.04184072578435,0.110458384354158,0.585434927908852,-1.45292194245728,0.549453411582139,-0.21369571791358,0.160804547049563,0.734855593331561,1.11707542707868,-0.338952989481264,0.606876839037195,1.9150744451866,2.48688324539565
1.22057084078802,0.0235534395413524,-0.0497680441465589,1.50763839416415,-0.901174262129235,-0.0105755994640501,-0.525198524703408,-0.00993001422844115,-1.16076314938553,-0.368140447894261,-0.103029645301994,-0.759088501701905,0.864564545046938,-1.03345562767775,-0.231541948624272,0.676923581435853,-0.0544972700288439,0.826223994118533
0.321042418222564,-0.510062625999468,0.286031734066675,0.631057499238298,-0.500789447497929,-0.558081716616262,-0.235944238327707,-1.00967957724065,0.725058141199424,0.0323077830240957,0.22321073167564,0.0553379376540145,-0.499178851041165,-0.0266082434178387,-1.03180915613867,-1.47131197643742,-0.129407906312415,0.122001293849874
0.414569942481456,0.589725439126311,-0.153466762717976,-0.92166339852519,-0.288178910815078,-1.66159353986734,-0.174672271358766,-1.64064530750668,-0.352204919004387,-0.116745599551758,-2.21212814361444,-0.317729930678905,0.925592006475434,0.932662760450094,-1.31797247625032,-1.4932168240157,-0.888272335726045,-0.173584799001038
0.159867318423337,0.779130643998214,0.822342113694791,-0.736171004661114,-0.239321108477718,-1.87090303239346,1.39602611262184,-0.6692361524408,-0.0214635047235333,0.126651028277287,-1.42066318072444,-1.40157400876059,-1.15084744546782,0.397928310253323,-0.366642956977148,0.113951770987738,-1.14227014279974,-0.544079079180227
-0.106860128918145,-1.14318727752278,0.0816556926784297,0.552243722775584,0.373281363612975,1.38531731879801,-0.240103432531414,-0.493343720884656,0.38971294638869,0.251491769039833,0.547738571201616,0.138575370294787,-1.74899543205395,0.249005872394963,1.28640002596984,0.87992326417146,1.26834878657574,2.45650000071198
-0.758611446611569,-2.12460141149439,-0.533728662627219,-0.331076231912188,-0.597216670781189,-0.390209518214567,-0.571521418922989,0.493279946315149,-1.39815030886715,-1.18078127562141,0.00304340229087386,-0.903562553596594,-1.26034923677843,-0.287850288335281,-0.429735595959637,-0.555042815015351,-1.03948144603179,0.631252469378712
1.80166497774005,1.87212554564917,0.528722449532308,-0.504336623557694,-0.37821608268743,0.0830280933285543,0.826400996955686,1.36980373459451,0.429865171053277,0.674931904007106,1.69946938832126,2.11202178999143,0.142636991067772,1.10337062314239,0.0280661580950248,-1.0414553666403,1.13490805258952,0.0616907364045274
0.396016047998142,-0.759694351826553,-1.4889771760322,0.32293267520213,0.379220095750616,1.82973292096273,-0.00995028173862856,-1.45674356544693,0.0256488296594342,0.28573205669487,0.896981017442343,0.0216011110958008,-0.563149537568402,0.677966873489226,1.67597075991272,0.560123914900319,0.657793668280202,0.595416644783989
-2.83061716329086,-0.776285608452071,-0.760617999354358,-0.526886232342033,-0.298846444384106,1.44092634989157,-0.00492479038721296,0.752963877771463,-0.416860251173182,-1.1320227600509,-0.560349173083892,-0.0144970035996366,-1.21103964145245,-2.61645672324501,-1.21243853475492,-0.277939931719623,-2.96574712221953,-0.787391825051427
0.473326989736407,0.844050985723906,-0.693390031462621,-1.12566359583108,0.400985777129514,-0.835474707508363,-0.298071957709185,-0.933825096192544,-1.24579143538962,-0.622753663633112,-0.113265784177671,0.211543297035118,0.284254927482968,-1.16713544964713,-0.864808149549865,0.0634806579828135,-1.20498205511266,-0.608732850389739
1.09120174104161,0.589160566317831,-0.208911308880796,-2.08564994450923,-1.31733724637088,-0.760933928422623,-0.401604729671896,1.03396603613475,-0.819327035101356,-0.696358811078587,0.213822208008438,0.125195810096426,1.02442380992395,-0.153042484465106,0.356440553382019,1.89161018730664,-0.491117943126799,-0.045049376301856
-0.687814328168423,-0.172567102461095,0.000414867190741228,0.3195211937024,0.472653672334177,1.47940364613228,-0.489948425654095,0.462010154918925,0.444946282199765,0.703264350710676,0.379275853413572,-0.390325104385571,0.246000230571582,0.141714145397717,0.228617390211763,0.159503649702666,1.28576818166751,-0.974396978528524
-0.426579450669761,-0.0659355169624772,1.48263057561705,-0.205050548913061,-0.728517565579969,0.346853872021239,-0.646440108616755,-0.511373894100968,0.166081326379997,-0.384030956887875,-0.713706951846597,-0.442626069229727,1.05323437620674,0.403610096940204,-1.10431355717213,-0.00177597080581357,-0.471128751275946,0.199460797814289
0.803697689562521,-0.454068695559327,0.853341140235457,-0.274591112893993,-1.57253487925051,-0.839330984560271,-1.42514462298708,-1.25056924716535,-0.808707712400727,-0.68158513275701,-1.51454293317785,0.16453046129744,-1.38021213104092,-0.890235250095256,-0.389727300216751,-0.637087867722828,-1.08852638224357,0.133269853515341
0.603574342804792,-0.632942674456537,0.810946875917156,0.00679588179032713,-1.50734362670934,-0.589358581172247,0.103290973001536,0.154465357293736,-0.633710845391139,-1.00172026317968,-0.56617656327159,-1.65063577427065,-2.12338915745521,-0.0746316584104626,-0.740827057234308,-2.26235128186619,-2.19918906842247,-2.52938187615302
-0.0854083560130802,-1.58802918970547,-0.130916686899992,0.823953660374364,0.0198506330699011,-0.889085347114432,-1.41892670610943,-1.45569778340132,0.701391917317042,-0.855425414092541,-0.369587566392385,-0.772711857882339,-0.994986134492038,0.112848985153584,-0.157918645967186,-0.627657841886359,-0.25616299615372,-0.0478523596638005
-0.978612842705708,-1.28807415998216,-0.490428056354253,0.863050237258317,0.852648524894335,0.323119740634918,-1.46928870742798,-0.425547953305144,-0.55385144655925,-0.76063382617442,0.161083479832449,0.980476615476874,-0.229051827052801,-0.63304331351695,-0.624708292746342,-0.128593829165849,-0.200195246340271,0.116080156810313
0.24789374620187,-0.562771373747419,0.225087691998961,0.800405982675171,0.0596679319242156,0.0657305755998768,0.13141957611361,0.159742619452595,-0.0764207964705071,0.385328824327343,0.869351703157209,0.778577034777254,0.607692855381194,0.0297832232078015,0.460746997526648,-0.362734450780092,1.20991416801972,0.462681069099493
0.329196021054952,0.372664251973328,-0.859928737664308,0.636177750584803,0.921770331299004,0.599745067532505,0.427716734384888,0.443497978538526,0.563170422098759,0.683929602468169,0.648528437328043,0.450479227340425,0.386283070876362,0.854066148168994,1.06105989535273,0.652738249668282,-0.98901872396317,0.308042630967318
0.283377201346552,-0.9736725104823,-0.57851019341026,-0.810671269472599,0.2401292556853,0.224471889443087,1.35941946666155,0.560189771968535,-0.473270403133985,-0.489610087091265,0.982807061826206,-0.264061172326172,-1.09042582144998,0.870923954607135,0.53764710774498,0.512987313422937,-1.6380915821487,0.352781120085191
-1.08972043233217,-0.360816677368071,-0.332837102696111,0.0142983749376605,0.476392780638714,1.61626502180705,-0.0093067304128196,0.447519887364697,-0.266289606017117,0.0119197653979613,0.995225162627577,0.993597104257123,1.33189675052714,0.352392151575443,0.648468901454716,-0.747551429730738,-0.212208813742424,-0.0308170704760412
-0.975402086855776,-1.49458283223129,-1.65975000916939,-2.50226493127389,-1.8600107680462,0.324601595664429,-1.41710741846916,0.787974832146531,-0.534566229620779,-0.660733453789413,-0.560017870324587,-1.51245919920307,-0.73284281693094,0.16217855239001,-0.230214438342626,-0.154194116434839,-0.386670786669159,2.27504755758732
-1.5989053404106,-0.672216570329532,0.0838645083483423,-0.114774734958793,-1.75582266317581,-1.21830371932763,-0.628194495810597,0.606717274217379,-2.38538893018372,-1.64518877757935,-0.372631146226537,-2.05450795882521,-2.34068281560765,-1.52843024356592,-0.0663804767019628,0.194084263737044,-1.07877189448975,-0.960475433097246
1.48768623363558,0.878744008526423,-0.952323448998505,0.858290710099494,1.16827185691315,1.81868787531778,1.1950683529623,-0.274889028357232,-0.189017248436809,0.285531821341367,1.94456529120474,0.837577847936365,0.517543157194616,0.988848054220724,1.44873321808693,-0.0437838627758547,0.601715660469019,-0.10865854080074
0.68423902287342,-0.172802296616074,0.822933971415985,-0.363050360351143,1.22321470358396,-0.30771004386024,0.404853117493744,-0.497129602939681,0.749583056544962,0.734299092738653,-0.0461113597111959,1.03368639996508,-0.937795933745132,0.723723048085235,1.67006396382806,1.6187302530822,0.078265068910028,0.974245300373019
-0.725870439565249,0.286395003928189,0.466533034152124,-0.20936543317012,-1.24812897215972,-1.31824190996523,-0.230734422118711,-1.88375682977442,-0.539405962789508,-1.68796323166135,0.0535656047928361,-0.653345663306921,-1.16596015796898,-0.22789661574123,0.0266307057213946,0.648636337038327,0.4206873908606,-0.939840355727918
1.73702250739416,1.76268457947272,1.0221424532071,0.768008298392608,1.6163636671269,0.945034745216092,1.04639152570605,-0.640437279774812,1.86863238798675,1.46736652614465,1.13336323831466,0.828780466528054,0.000250229599581977,1.76250652973163,2.89632531247278,1.923452896721,1.41424330817051,0.443547333225841
0.401980279296203,-0.512754334961903,0.870453871066761,1.58063564969509,-0.0879806068238444,0.950807183083471,2.02364801784426,-0.577691939843674,-0.849336972561174,-0.281659467163233,0.521739560374202,1.48095709476987,0.175974391559324,0.194658758610414,-0.0520100592002646,0.0210820002871723,-0.913549278488106,-0.115628902605144
-0.564602286085177,-1.44222436305382,-0.268551674049786,-0.665820802557061,-2.09403866640276,1.45315635158452,-0.321172019898855,0.101775751129655,0.0314571689955594,-1.34325443893487,0.453541987371115,-0.333181236270196,0.239030420851023,-1.71893955761474,-0.0490305014569967,-1.34208695272211,-0.700145246837824,-0.37103110964523
0.556605492379808,0.765683058236273,0.600097909721013,-0.821390729889504,-1.24874681061879,-1.42206375938566,-1.38954928279826,0.145441787223807,0.899235355987068,-0.723650426960745,0.397507962288227,0.196176429968012,0.446322302163788,0.451626236049693,-0.0146447662120182,0.307448523962721,0.0834451894220792,1.30611273226683
-0.754834388930978,0.512613691784715,-1.16555116705466,1.71314906934013,1.16109139059739,1.24340519080879,-0.202274598760019,1.96626353298498,0.794617299494305,1.05014633971273,1.4955447723484,1.89041588969147,0.516602600524337,-0.634891351276011,0.455913630070628,-0.389289464750038,0.662302562877914,-0.765594511789247
-2.08030598642893,-0.735300539736448,-1.97008426173626,0.604185087192106,0.415513902575775,0.705866363603569,-1.85378784439194,-0.813224529297031,-1.82782537004427,-0.262013550292624,-1.34249683860539,-1.05713763671342,0.692701549232267,-1.52599556611206,-1.22995747650894,-1.39808724735444,-1.23525350648932,-0.346734835720605
1.69371208517641,0.250775136438641,0.756730186231986,1.66761824965925,1.31461517188769,-0.260957213409772,-0.168115982516476,0.589290079154575,-0.327940988665244,-0.157276878576172,1.28869771354496,0.0808127620551646,-2.61807819985925,-0.757796304923748,-0.217868174207006,-0.67166460511235,-0.305786745506475,-2.35797703152909
1.44962249466714,1.23307225310174,1.12392052578133,-0.534297321968855,-1.2248208442629,0.686846390404095,1.26491401587913,0.610717663277202,0.615703077982367,0.555989886112831,1.14179731455096,0.371038640855039,0.275446321390224,0.333163973924613,1.53634568476994,0.0458539572515999,-1.99095775366277,0.269459482284002
-0.406668175869839,1.23110691739205,0.672852612628284,1.22766023370083,-0.235332053071406,-0.258371859791055,1.78699350020104,0.869252694071201,0.664361966585181,0.778777948300576,0.462226013622647,1.476310999064,-0.952120820590897,1.91742263453989,0.92321540055172,-0.742524681971895,1.13294634320755,0.647622514749466
-0.423683015057831,-1.24337909246823,-1.21889633523815,-1.11531076282717,0.669018911735588,1.33246754080522,0.930245113273454,-3.57741325805693,0.39148125689162,-0.291444673178595,-1.32504062991583,-0.633674994533746,-1.31128335475337,-0.143917723705079,-0.994537970450924,-1.37220899618742,0.292828448172284,-0.607431508677825
0.103428087642571,0.232056001078834,-0.498000352345922,0.187149028199187,-0.103676444198967,1.3471317009091,0.707600860322137,0.886587241102226,-1.72066332278747,0.148756706775802,0.026558343467502,-0.869293595516207,-0.0843559020263684,-0.97971891726723,-0.604509062270834,0.752847136441496,-0.111509567302768,0.528720979200259
-0.0417623692931718,0.783174421133418,0.495916168105873,-0.78114883442897,1.09870905712454,2.34183116748537,-0.662902420452652,0.409929275515075,-1.62944100075924,0.888086014366135,1.06632506602768,0.128678534834471,-0.655655409929254,0.659874298105096,-0.0567972380292021,-1.1310122464229,-0.388197658594585,0.969551866591819
-0.739651214208259,0.619680446558539,0.0780496654730179,-1.26668502797565,0.451400957147383,-0.168897808063531,2.21234306885713,1.33363211945109,-0.290697480257118,-0.0843859160342239,0.542537491431393,0.855738340734652,1.26638384478457,0.59172068247074,-0.797724402538811,0.204144689495464,-0.953228479013334,0.19557858808075
-1.08157386222701,-0.533447953736648,0.801389287221547,0.372920655757979,0.203490911023107,-0.742871450375826,-1.31599930448715,-0.165045532286168,-1.17269146275225,-0.160504535261758,-1.02245953965086,-0.379685390879114,-0.239606317740501,-0.475503037145308,0.688860221097038,0.328877278098719,-0.714380519449626,0.0613921355346545
-0.446896980287915,-0.35485683299366,1.24284965410247,0.0532736942460418,-0.541476355133213,1.70209969068406,1.54751195643933,-0.26294449786485,2.35996517407943,1.04066399108404,1.30993514540097,-0.015353337297852,0.775733620711804,0.350077727982623,0.752061945735322,-0.510307305842686,1.36662047517001,-0.00344004536348985
-1.6266878863744,-0.232066294951758,-2.47186582747817,-0.869644087241153,-0.523905933825046,-0.754100665871762,-1.44342189325155,-1.03419086966601,-1.12873557545682,-2.27066778917048,-2.12726054233349,-0.658015606951067,-0.0463305455374885,-1.23769293223027,-1.92634427728265,0.623822913144924,0.556937868708073,0.488765994888027
1.69775760740091,-0.0549896474984188,0.992150096972244,1.52967219227699,1.04396117315231,0.405240365503403,0.570758783078191,1.49110046375431,1.49622566769744,1.85975832625872,-0.816391308264799,0.653357059396381,1.35380721794299,0.231365840679782,-1.32528026177198,-0.0529689312884893,-0.601742795632324,0.707463955256311
1.9909618954439,1.60896038299396,1.04957159543352,0.838035336261658,0.228368907972004,1.23159172254409,2.1216084548431,0.228149461560083,2.42140579252752,1.72503741076282,2.46693930972628,1.91016963305197,-0.0936694957540774,1.06818809326821,2.52974368476459,0.410140832878939,1.00183167277015,0.215411882578969
-0.0260286229972763,0.37061976545724,0.538561016928873,0.198368999494635,1.23833903093424,0.240807970694229,1.64191055695384,-0.366239761423946,0.671280913834531,1.16665721595138,0.842486447659841,1.92403447326894,-0.315834066619963,1.24207272455182,0.557629613985526,0.359259656660847,-0.290010351335887,-0.00523736255000296
0.910761618561579,0.0565239615389882,0.133757752632268,-0.457764189748644,-1.06524769276397,0.0688954365834031,1.12405309712853,0.637761162139058,1.91477373363989,0.84008968713785,0.0234736128579831,1.42121475268117,0.446155656452214,-0.0857208589265772,1.12274307046552,2.50775123767272,0.392592702943218,0.471647095881644
-1.39888699369133,-1.16298782546288,-0.862972399433889,0.319199628743187,-0.00258685173068566,-0.897903330877933,-2.20591608968742,-0.712898360131596,-0.150076051357156,-1.40708604995401,-1.11376419092101,0.251711665699812,0.991001969013787,0.146937361680258,-0.582309470593524,1.00045925589094,-1.08345842146928,0.945304393939117
-0.792200669159356,-1.78996619834654,-1.90171816391859,0.547306555145011,-1.10153045490641,-1.43043649000099,-0.0103733645143404,-0.87010462307419,-0.971166366370751,-2.48187135198737,-1.8836679560833,-0.665667695851927,-1.64637277536225,-2.46491314404127,-0.982997384079325,0.510428374429105,-1.5033589617229,-0.613965295428085
0.90362208121006,0.100843680998678,-0.788348923984474,-1.43695752981412,-0.314397339146039,1.92471356185199,0.609905206685062,0.662223597543787,1.13998629941062,1.50939664077555,0.219936220797801,0.528671374087434,1.95538894636093,0.878728691946499,1.37624581988364,0.533447435550503,-0.169411815670342,0.512911760571871
0.548123686921634,0.745180042958054,1.33919203278287,0.385619736395384,-0.975228419531043,-0.691460794127932,-0.989712329885426,0.0716262982100793,1.52522188596694,-0.390080393522438,0.128623054722007,0.814842444477594,-1.30258429662399,0.182173044028145,-0.901762692508084,-1.281231950785,-1.51079524090449,-0.0789837995381955
0.0360704181205129,0.807006712849575,-0.899159171949783,-0.303921532456661,-0.186711680916439,0.854883455157636,0.239449583297009,-0.006884115548524,0.288441039307072,0.287033939609892,0.472221821568601,0.111130875504195,-0.429900277180313,0.542280815315349,1.58650379096263,1.31420923026741,1.36685862833032,0.778041349034777
-0.978803974862913,-1.14362393208712,-0.11456553702921,-0.9811734074225,2.08765186651661,1.07464148496751,-0.600659852333161,0.213365063236251,-0.525119895237698,0.757580721558373,-0.482154756463994,0.165582462899219,0.989538512190784,0.678240684797482,0.39780979344023,2.35869118827103,1.74352589993905,1.26000978704559
