"ComputationTime"
1773.791
