"y1","y2","y3","y4","y5","y6","y7","y8","y9","y10","y11","y12","y13","y14","y15","y16","y17","y18"
-0.336951910712499,0.279616018068586,0.610595533634532,-0.210138060680144,-2.60989128642639,-1.14025510944959,-2.61413815930887,2.4273429650362,-1.30890624918852,-1.01803089887809,-0.281224114149582,-0.881475566015649,1.3857083403251,-1.11048442241485,-1.27765456706413,-0.24088367670874,-0.645842205470715,-1.0848789231169
-0.572862204291936,0.0394966960622681,0.854289518167669,1.17166329304321,1.89157635157786,0.133642372975578,0.177316931897031,0.894059906563964,1.02358098620397,0.689738282589322,0.747481423280831,0.506889466701766,0.405032611024857,1.3519095511017,0.332974469337351,-0.282615513068439,0.388219340143458,1.05807542293047
-0.731363421393445,-1.09324842660227,-0.596608977515671,0.686082662989519,-0.791921570523304,-1.76065798329285,-1.86272184934496,-0.462218277236366,-1.28324600309173,-1.3091447390712,-0.846659776595828,-1.11906613148596,0.784771452557547,-1.05010595482026,-1.57298025117294,-1.29366395316144,-1.24573106186695,-0.927541939481358
-0.411004591262882,0.82215911876041,-0.634610457471103,-1.19160697622101,0.313576249957704,-0.0881751640095712,-0.776368303166287,0.661294856059426,-0.353387276091769,-0.191969403551466,1.88709598527293,-0.224683992136906,0.889644867930305,0.148754372249514,-0.745370384446212,-0.084083496023896,0.92306435987753,-0.766242302408312
-1.56854495237265,-1.93950583631981,-1.13608137094343,-0.297303826187493,0.484800595588831,1.43745783762499,-1.23540913703295,-1.03346700289917,1.53551966527783,-0.67261053898871,0.294895103622087,0.535315179375547,-1.0454702079475,-0.05116935599821,-0.0503578518779787,-1.19060562596649,0.150520823915696,-0.798875276454491
2.12365823972977,1.44051437467544,2.20962674991643,-2.6343491459723,1.24446519663515,0.632496940659851,0.980391176692939,1.09857325409687,-0.253522654562061,2.05982531056897,1.18529594749189,1.1257669270895,1.48555463916674,-1.02560756038261,1.68284602442345,-0.414722640715044,2.01839535839041,0.875040076191839
-0.593773733806564,-1.06217502988665,-0.790719886440251,1.3367852776219,-1.24479969401697,-0.109701534943299,1.24695919961236,-0.504890518913719,0.592317015734602,0.164405207791846,0.54093582463118,-0.457354024367583,0.557971680474661,-0.341377598383858,-0.161872641293378,-0.598682652134887,1.10444819016125,-0.118797046665512
-0.978483173316283,-0.83395339454733,-0.912929265804791,-0.102643820062287,0.301260495917285,-0.492640101811269,0.9695655259086,-0.921958802760352,1.53737830206391,-0.141457590627609,-0.945389984300215,1.12896272346601,-0.566179475613974,0.0972238847025221,0.700710166094927,0.287915473440256,0.358329817830013,0.30148178416329
-0.166204382239611,1.03237542167689,-0.678678153185029,-0.0681649996645055,-0.483416351308033,0.571764190327507,-0.0308915604297196,-0.0935655169660987,0.453419875250991,-0.341833276714257,0.00782815135645631,0.780413826191396,0.602106510783241,-0.530909106119551,0.379150872128753,-0.254355017651856,-0.609910710513714,0.954600938959093
-1.45518512531401,0.8044857939466,-0.640364910009088,-1.73123421672053,0.0271156310262181,-1.50939634741176,-0.419486529130502,0.716145609872742,-0.802328707602925,-1.11133468771926,-0.630099968329015,-2.2204299755919,0.0663327809413296,0.0262264100581683,-1.36237810613056,-0.880263878062466,-0.29874134427623,-1.89076281323006
0.682126452282742,1.0757983422703,1.07697266447043,0.883065801332121,0.381946767298242,-0.145450431921921,1.11385924978689,0.813490570343968,0.542787615813719,0.578176238333257,0.466362010429099,-0.257801419654484,0.824197977255021,1.33873423596345,-0.289660010387153,1.22287255393844,-0.387635829805795,1.12162308946105
0.637902509079878,-0.739053635292775,0.0486836831899364,-1.3691879705512,-0.128472223866965,0.204634833181752,1.03921083193962,1.93651836203873,0.0451798706316923,-0.0674018635007046,0.190894413320343,-0.204591697270002,-0.719314592241883,-0.870825370260219,-0.587622354694299,-2.00239864171849,0.902034328987569,0.471362795195814
-0.487798874822758,-0.941142068976303,-0.818973997348312,-0.802391556678573,-0.771633336184719,-1.48074022702374,-0.410059844184799,-1.54613744754107,-0.315858475980691,-1.58092342407467,-2.16434211026978,-1.48298032626404,-1.10327981562562,-1.25338576682237,-1.71334714585352,-1.66456599889693,-1.14705762617799,-1.95075114051871
0.784558259747067,-1.22694431281399,0.992141876258177,0.600333157073062,-1.23749248212447,-0.422778980472277,0.868020088008876,-2.28129716394184,-0.314868165246929,-0.715946971849304,-1.49533736721841,-1.36477494490512,-2.53286804830364,0.098579484706522,0.0221213032110039,-0.119418327030581,-0.724458160716172,-1.58372755461121
-0.155718735908544,-1.00841883941654,-0.607936854549518,-0.40036303917034,-2.16685530814954,-1.47174948395071,0.0807447030696736,-1.20815326808468,-0.136666169452254,-1.64063146072896,-0.197877706044945,-1.24150821270755,-0.552818499512351,-1.5729491037171,-0.934101415384217,-2.05534744878968,-0.114082310818305,-1.52463937394179
0.227280325314695,-0.87066366496704,-0.676747396578992,-1.31858466344361,-0.255679321480469,1.41798276394675,-1.53657088890033,-0.925119664186947,-1.62864533069866,-1.25516247004575,0.15019161434886,0.777205247639734,-0.793489225789206,-1.12266785393448,0.0271700156971714,-1.83238800120832,0.633573357428455,-1.32443945194029
0.849120519532855,0.896857675330969,0.651272301031489,1.32017261330755,0.432903237777393,1.06710577406739,0.383094645538864,0.0167467493839467,0.0234059018777517,1.11217387188924,1.65327959753508,-0.190198752578848,-0.312993625452308,1.91227258443667,1.26257753142559,0.187526786361972,1.11572827158311,1.19642998470095
0.12707187512967,0.0476232706131327,0.245825971437431,2.56825037013119,0.555808898475944,1.72424685330959,0.462664628630968,-0.344195647106502,-0.580286698338718,0.0254710190954833,0.125388158632269,1.27073823181643,-0.761892066604509,-0.0368927203085809,1.54847819006699,0.128311533569531,1.17545086243638,0.0766327091182055
-0.437232620872646,-1.19011787939662,-0.898512706654626,0.2520499457963,-1.27630240827652,-0.0760439131417716,-1.66541833728482,0.48295549714076,0.413100950960543,-2.62650993409845,-0.862776283623991,0.447137166814697,-0.899948492618893,1.16278104945597,-1.68398443639722,-2.32701321231659,1.45492535058896,-1.95732097858708
0.570953229687457,-1.37610916778386,-0.528487077532663,-1.84468285041845,-1.28515952948018,-1.86612799502892,0.721357159378456,-0.243946867079766,-1.24117499216698,0.179268475268691,-0.170581284447416,1.47292287924977,-1.49583818004457,-1.91983748854654,0.309643749931092,-1.58261031531677,0.594433241614551,-1.01342637949958
-0.308223529832652,0.490039618807175,-0.195898694045875,-0.776004398634752,0.11113143883625,0.733664268020792,-0.584340745978275,-0.0814269734611108,-0.873997935925506,0.131147040832517,0.487745031019852,1.00062640286863,0.431704244778081,0.0979239454064862,0.870361662970789,0.699473761513665,-0.554750895997982,0.955089098876229
-0.828401058329247,0.724092970489386,0.818672687664882,0.353627497991496,-1.49481028529657,-1.24303055835814,-1.51788448439932,-0.162189739033514,-1.19201325251729,-1.24904084145213,-0.713141158295753,0.0117479852312025,0.472370912305152,-0.662493206757235,-1.18381237776909,-0.296975473958763,-1.17950583759583,-0.743963225316855
2.06257782105086,0.831561643147689,1.13978384694188,0.907057573939891,0.424476126122674,0.420848059564288,2.23418841043795,0.584370866443903,-0.420424045444675,1.39185944327922,0.812579491395166,1.32715819899525,0.273599259211167,1.12677507834122,2.15684043256588,1.83464350172207,0.894435023746866,0.336793078577214
1.65435340068218,-0.494976660657685,-0.434043052176508,-0.468519969112728,-0.249121385713972,-0.364968558869462,-1.0598605135437,1.03142747915751,-1.12637359838636,0.145093667959945,0.984351260517785,-0.739867997674729,2.59834651106664,-0.853638220748887,-0.105043049492995,-0.864747261240772,0.832427876916127,0.416835363890042
-1.48988438668399,-1.04763861243752,-0.729209781276649,-0.827448873063816,1.72828112342129,0.875529006618917,1.04831576970766,-1.6363023680551,-0.193898268941885,0.402246429236175,0.44876559269664,0.919980610299822,-0.0418685666697189,-0.111116212715365,1.44936245249663,0.995767519115303,-0.527606909713506,-0.320174622266415
0.810318984597611,0.703043557964476,0.0680648247145055,1.51889780578927,0.833361867619667,0.80287954627989,-0.116444849594329,-1.13521753867025,1.41742874991878,0.117026159443012,0.522552662493022,-0.190825636886592,-0.0675916265734469,0.217231741778413,-0.397417656730171,0.20064447356324,0.129689167779254,0.372834178142948
0.296214770425496,-1.24386934403021,-0.464595127452294,1.57179099790333,-1.37219520372508,-2.3073623059302,0.0537848732482362,0.549945151430795,0.103096338260417,0.0224364045418275,0.35855407428421,-0.687002100854221,-0.609223283778341,0.392705153630639,-0.704406410491101,-0.39882028579598,0.440097849222129,-1.00366207059907
0.475923256494703,2.98047144482338,0.276229982223633,-0.585368867800285,-0.779435526569823,-0.631846647663043,-0.353999775087722,0.529363584450226,0.660796340816303,-0.101384714897588,0.748546085100121,1.49142132567515,0.494842271966685,1.10594120116853,-0.564749743712655,0.369927811348869,-0.138589555960194,1.71192537375296
1.21159913220237,-0.774207151503923,-0.582741724258659,-0.836088665415253,-0.161475882737954,0.0779451479840813,-0.345732908746316,-0.298179376325407,1.03201716544712,-0.695728343521265,0.114359372694892,-0.58506273832109,-0.136263786945364,-0.0192766511574301,-0.889985336635269,0.415474593626191,0.995486891826716,-1.14951550648751
0.680879142882699,0.687714155269949,0.520872299069781,0.0629236955782781,-1.00711174794194,-0.256188025804612,-0.317998233232912,0.133976644526699,-0.178132576491341,-0.0925879708878997,-0.361579326312972,-1.38919339348561,-0.590906879380898,0.0694600434647385,0.213752468293934,0.847188944559027,-0.560508700772118,-0.666844269200649
-0.98448742433886,-2.29466130158801,0.120161989738284,-1.24091672630677,-1.24805317562433,-0.46401420193887,-0.415572146887545,0.997084818234801,0.0114449653915345,-1.11100714890355,-0.120591812403496,-1.91558087777409,-2.485683381612,-0.978065603019828,0.165450292241138,-0.543977203426948,-0.186456593895932,-1.60928378308478
0.324130029768296,-0.648674037877631,-0.161202238981593,0.226224509512122,-1.32853910779246,-1.39001384235753,0.325738547235946,-0.157076341652094,-1.66596364948672,-3.31846912560603,-1.25067916582541,-1.77138302996817,0.119409828727873,-0.358149778024344,-1.68308715134632,-1.72394522782766,-1.03720235365313,-1.30747252271001
-1.59006445806388,-0.812586142513326,-0.870003885881161,-2.00458796431725,0.390896677435593,1.05824208450914,-0.753107122943232,-0.448389273686595,0.480445548939489,-2.40702983823368,0.459640492180062,-1.84891288016917,0.578814006453832,-2.31742894487439,-0.419792270554429,-1.6502865137642,-1.04189892926433,-0.229138947308118
0.381902200920163,0.913375296882044,-0.552143321845341,-0.735649779777129,-1.32669228618527,-1.11067092958851,0.537550068309151,-0.695515301567875,0.505470282420812,-0.766360985683233,-0.300827819724992,-1.15114948885286,0.0511949402361999,0.0989920483766549,-1.09098781672355,-1.5776984669771,0.0171304485920047,-0.559068513229573
0.301662123190631,0.569383232061456,0.727959596341855,0.150128357637814,-1.10426350218666,-0.888717187244208,0.588740056949573,-0.972871785650463,-1.1946153177704,-1.16166782618562,-0.451281588074891,-0.660381185076964,0.545474176062454,0.430045905213468,-0.027908146389629,0.122413812493955,0.222150925113418,-0.916670586529425
0.901119600338383,-1.02321940186756,0.491881993832884,0.0615227648953968,-1.57032043015162,1.4605899129605,-0.662913010571862,-1.03151704679904,-2.38876201252629,-0.325663212510837,-0.309866712197497,-0.305787116267448,-1.92383950205154,-0.919124458278265,0.213473805024027,-0.269669401018265,-0.453924373491635,-0.868331048080894
-0.88046867626319,-0.0758636405936937,-0.336048335758688,-0.123106304928253,-0.111584019720743,-1.06209124955463,-0.695565820215802,-0.781956704166936,-0.339205855937529,-1.09319296020586,-0.996216364496511,-0.0369195359720469,0.536282327876385,-0.408287454420435,-0.00139081366381983,-1.14666931471819,-0.264948210489705,-0.122856907063651
0.536513090175673,-0.128539225244831,-0.379594950001974,1.07784370984416,-0.0256527828533015,0.0312356945686817,0.494514552798331,1.50168534844803,0.464334289746417,-0.376067404811156,1.36155666841804,2.12708433863015,0.492639847598614,1.66047583999921,0.543226489539943,-0.0775114094795489,0.660292563914662,1.54303955296398
0.350033768608725,-0.061746293603749,0.0284462343252061,0.0156396887308631,-0.551310693126362,0.607739282030994,0.314320602572506,0.332186201710977,-0.610771909413103,0.450264648212595,-1.35414481332358,-0.396097269114587,-1.8913225237514,-1.64347860887841,1.72495791889316,-1.07351422395207,0.216406895361334,-0.901875808104328
1.76350812736709,1.51688441152446,2.32464517751834,0.440973076148464,-0.00285281334627577,1.15331884690017,0.641106295692254,1.55554641348502,0.688483709321878,2.07388277026606,0.547335782439086,0.706112553924426,2.13743746175417,1.62514861585585,-0.0856439677513132,0.929484642399667,0.936859816763413,2.63150876262651
-0.410510740546793,-0.600531541333713,0.750753865697743,1.05115356972513,0.175730494814772,0.204694296388623,-0.266646308758055,1.13388457918498,-0.161775531987383,0.358960024705492,0.235066124004427,0.259275530326412,-0.221970494187158,-0.0427523874286392,-0.267675336930002,0.360302213264085,-0.194728755836036,1.05153823825651
1.78220816230676,0.61025695516303,1.59672506928505,-0.032257743924621,0.303048086188784,0.0432476436183868,-0.214605389756586,1.60190698859112,0.594932099091683,1.25184524264327,0.572699938172749,1.70180808335804,1.864218888448,0.369939193629491,-1.3227803355321,0.913109065233559,0.538275828552342,0.659546058723795
0.896625407859148,0.86356565481571,0.502556239015797,-0.565437416609266,0.0135573048825367,0.37662044596053,1.77061615640523,0.43125491241079,1.19258578150951,0.935207081411705,0.513003431096033,-0.766959456582238,-0.332725126673611,0.418826721860292,2.18109179468586,-0.660903967643981,3.01552769442611,-0.0678583559957486
0.114030068022429,0.467707312288878,-0.384049954894305,-0.88129985061158,0.377651133996337,0.961820061099493,-0.0450832534644605,-0.0913719656667557,0.969742252759381,-0.818746087173118,1.128097750941,0.290730849378639,1.31605240994875,0.405918929421961,-1.03636210220283,0.0151550167628122,-1.1931703347228,1.06082204018418
0.0307445053599022,2.7009942460258,1.02273408685822,-0.602615084670689,1.21889055570839,0.361302791541216,0.444947574287353,0.925458896599347,-0.603934730454654,1.272506884967,-0.388879985671125,0.111717052490457,0.589295268238831,1.14816558679846,0.896552855942238,1.62723273464589,1.46150496172848,-0.104107249199913
0.0802224807139268,-1.17411889135992,-1.62155818343909,-1.5188328685906,0.966023485492577,0.0566587681309741,-0.185035476769035,-1.39790955354338,-1.34835229006687,-1.51830624584421,-1.18868229804998,-0.900635785688952,-0.641754187164441,-1.0663430504027,-0.946934814571577,-1.18025735762717,-0.380576669714283,-1.46349373385347
0.28463862749475,0.264302015811034,-0.550662340872038,2.45553987470016,1.73319985957625,1.29223094157524,0.523915458922683,-0.571068245637621,1.04744675585554,1.26143079013612,1.04872909561968,0.876003932988593,-0.18738852749685,0.477763480230517,0.983711982437532,1.96747866823585,0.0490048371098931,1.2558548525642
0.23754038966214,0.164824119436085,0.956673980039194,1.07546440830554,1.06930525218682,0.54197457590525,0.27647322204696,0.672190511428315,-0.0035450480059168,1.62958406214432,0.121502364663644,-0.581566602299737,-0.398890396125709,0.615265282501672,0.547460197502507,-0.505596825185421,1.03915191523034,0.819479185120826
-0.567619231250918,-0.352450430851565,-1.31300004186757,0.727406488680843,0.385209872200949,-0.8094544135979,-1.96702195350245,-0.310384465959732,-0.697375112482957,-0.100144423840486,-0.14124198034877,-0.541271368932931,-0.764421687581535,-0.797004727636023,0.0710595911515747,-0.365436199655879,-1.48253226377113,0.0821226578506775
0.834707023083205,-1.46592753121554,-0.350212078670671,0.19189428365007,-1.13257819879598,-0.596619062366775,-0.471814770690147,-0.512207236244382,-0.906064351286992,-0.0301442955640427,-0.674886415350683,0.132678826341726,0.626704281436144,0.11244602733313,-0.841587549166301,-1.53516883449611,0.271818565576424,-0.0194820088102665
-0.764168948616435,0.888126055307532,0.0346992487363219,1.51008572700068,0.384892338360576,0.559259003233631,0.170071856747765,1.50139068201294,-0.721168081714577,-0.211821835367446,0.895137608936877,0.850131901075405,-0.385030332359971,0.91912628113024,0.608623023381979,1.03130206686079,1.13907674728085,-0.752096801139609
0.502812046660804,0.0381215434804995,-0.75083803981262,-0.521983938868455,-0.115266011233937,-0.913004072640522,-0.756198750786128,-0.3162816907049,-0.845085361030735,0.017585695654083,-0.485059969761168,0.693169870709107,-0.612141125122876,-0.702750680423183,-0.349906107961355,0.695959691691768,1.09933714900405,-1.94917033558239
-0.994946874449736,0.0879279261751379,-0.45508874548099,-1.41318978331225,-0.737477443811815,-0.250758641315203,-0.70967098909919,-0.303776096203901,-0.27909566056723,-0.859296840438464,-1.04294918253042,-0.731190534539621,0.0555660461851086,-0.923095868412255,-0.875448340391297,-1.13982947793749,-0.873533801537423,-0.662923224871648
1.41527678296076,0.780231776794263,-0.903069497984842,-0.332768761063706,0.15330397912508,0.187626192678216,-0.505471976657782,0.386431682326355,0.713743624966548,0.34825944336292,0.950910335239957,1.68923939778269,0.904418631276876,-0.336222744688816,0.36901868133394,0.963917365346304,0.486744146988411,-0.517483981112611
-2.22411821496769,-0.607315334174598,-1.46132142060894,0.322126087968895,-0.473949988644215,-1.11989039806916,-0.549275368750909,0.534264031978775,-0.485195783549801,-1.08633489144189,-1.14841929690497,-1.15708060119768,-0.504141076453651,-0.39073550634329,-0.96545701771374,-0.43089676895119,-0.822821937443232,-1.2007005927964
-0.213063893786624,1.37384035718661,1.11550145359239,0.329294404996723,0.811430974261714,2.22728304132041,0.715205786697047,0.714871579691296,0.588649566247052,0.483153246626237,0.856504831122121,0.656199663142951,2.16689989407524,-0.244706577070083,0.212474604606682,0.180734453767909,1.46751726528499,0.131376211932136
1.2561017393429,0.378454911744264,1.21893376674995,0.0131157930362064,-1.27263729013448,0.154092437907571,2.08431338920212,0.379932801197045,0.48282892345041,0.833326587877193,2.39745318869961,2.89684002986107,0.766813235010744,0.908756408877386,0.759661129473717,1.112758239485,0.628191718069705,-0.242728938301854
1.16293484410607,0.796491591350862,0.915867371890413,-0.738419579669867,0.458702840987766,0.617040679657253,-0.563793651372599,-1.67846978534498,0.179256031252654,0.75939581786044,0.897513610055831,-0.501043222606364,0.615160571819412,0.349198060679012,-0.36712399863841,-0.703171018718172,-0.101140258233624,1.05744459445466
0.656243077227333,-1.07533115039619,-0.693661984810269,0.649738765895758,0.672352680399064,-1.02382345488558,1.16096183045166,0.707212565120082,0.0625220902928403,-0.346939628208995,1.193358295066,0.769289179539493,-1.00006405303545,-0.0016244636010432,0.683679814558898,0.969686612818859,-0.022396257436723,-0.479472798297959
-1.42226594607944,0.173813777923514,0.0328670495455382,-0.719134132850514,-0.84327717485291,0.149827648156885,-1.45792682869955,-1.22349598969614,-1.73030889300899,-1.15173222960877,0.714946381387655,-0.421797894711621,-0.794944230561994,0.0797212732009047,-0.961827006812898,-0.0824533300567102,-1.1112944167232,-0.746500193126555
-2.16021637068611,0.688662477316506,-1.78035670043365,0.266403490907237,0.829477357123737,-0.345888191952593,-0.050909557110471,-2.02503670816391,0.296214701135648,-0.578260700857161,-0.49325333891337,-1.07441380383628,0.237566689018742,-0.544259990772731,-1.03913310576816,-0.765735211335383,-0.337887131560227,-1.50618377768793
-0.420424338798517,-0.801658402636927,-1.59100765367462,-1.10392142115024,-0.484846636562635,-0.424398249626734,-1.3584992897766,-2.01180679703737,-0.0316178168000472,-0.758512920382701,-1.22644301627433,0.00965323126015519,-1.23289878034346,-1.46242861141878,-1.92631520153193,-2.68418031581936,0.105235944253496,-1.81224554423693
-0.28415365740162,0.784693179049152,-0.988831139666549,0.44600390569911,0.885958247175177,-0.875218015579404,0.825980106169047,-1.52702916461907,0.69177005643788,0.86834965003655,0.568924844454279,0.674098470079016,-0.271075231654304,0.347008908421913,0.878886833780242,-0.0323446713882623,1.95579006814155,-0.822311658328085
0.0271385591925007,-0.110440805299665,-1.32067862812777,-0.954748488544711,0.329607507392449,0.154880384380854,1.25886747143593,0.327833971800949,1.27196720607995,1.24348470177836,-1.34510984839084,-0.583381323031359,-0.511038063526986,-0.619927274633059,0.995123312612011,0.511274599700972,-0.211707912867063,0.0246485917314506
0.578422728389092,1.20344966488613,1.07477491251448,-0.323213403968691,2.27944605437804,1.78673341259535,0.602814363322095,1.00782529946125,-1.13238894320631,0.357861744611971,0.540668972536378,0.35654770695994,1.80567985804793,1.95277232740883,-0.313556568775338,0.0837559960098837,0.570849189663348,0.634507334046597
2.4401701856977,1.0495489963662,1.51456556373979,-0.724124029474031,0.407081856767046,-1.99560363439746,-1.42851040933371,1.07105740548836,0.710537690158766,0.653180812080691,-0.207034029506519,0.138437826930327,0.118262756474298,0.657594818167964,0.72104636786309,-0.256867388941,2.29783871640651,-0.0457280816679215
-0.442232310962138,-1.20027002059401,-1.59593260197085,1.65644806920064,0.193840632109092,-1.32248178533542,-0.725059116296194,0.353903326666166,-1.39126520889938,-0.284213268461846,-0.814302334573728,0.993843330843246,0.256990873325578,-0.971395046433685,-1.79932524245827,-0.596875975755645,-0.604804439752616,-0.345088040193272
-0.166951370288085,-0.520890344478655,-0.961335817969886,0.196446177631982,-0.0504390125461663,0.0331153703444487,0.246286912513778,-1.90340841112229,0.720399145555322,-0.466397917348563,0.0143234863385426,1.17764364175682,-0.131375258531882,1.46713756011698,-0.419937732363145,-0.0902576474870443,0.603721774183214,-0.246192112295386
-1.23041865632963,-0.792302292804534,-1.1419213175817,0.349367725401613,-0.173485529918043,-0.131553828555105,-1.23137525329777,-0.600612323723835,-0.976730770406548,-0.709438199579096,-1.22647160617823,-0.00245973855365689,-1.23185465819228,-1.75311197215386,-0.980965355985236,-1.01733542603847,-0.834532632986532,-0.811727112619312
-0.458024782569438,-0.439627337990452,-0.461515406894189,0.623848331240466,0.585880872160946,0.123246199104676,1.26082011943802,1.80375775155849,0.678720431786813,0.347854989181723,0.62973649652365,0.839783207563927,-0.53067968920672,1.15937225042793,0.680063242786946,1.49227947240984,0.198399895014081,0.950164883129625
-1.18764501153133,0.260739631577731,-0.15817448905645,-1.00055198877477,-1.73378885165901,-0.146739882938085,-0.106821105397813,-2.04285727323604,-0.00499760094352195,-1.87308302367998,0.252935934111778,-1.27939681168919,0.0675459237455407,-1.57906915501967,-0.248036284823264,-2.12582707601417,-0.369527079826246,-0.539995801098364
0.149502140719101,0.482915680444741,-1.26965435884373,0.762046054596393,0.0966100762121105,-1.07245132205288,1.1311615365829,0.576622550469791,-0.376489687643972,0.0847245799117344,0.167007484258525,-0.417159961325108,-0.986265417065345,1.87507499187232,-0.266001168630419,0.155712087187993,-0.312302396316052,0.593150487729714
0.809788972950586,-0.818681801230989,0.0917185972023588,-1.31629823598268,0.810705914877526,-0.117168175132743,0.445413902556382,-0.225173115768017,-1.24398074569822,1.57973439556488,0.356668230460822,1.07753246934333,0.834054809628182,0.81012698983232,-0.445972928985373,-0.19158604345998,0.581729938480259,0.0108944983234138
1.5440911895637,1.0547111355763,1.80926477850673,-1.1327775741552,-1.21647197330584,-0.362468510499037,0.0712858558556968,-0.0567648870822437,0.684147758384011,0.47510020165919,0.0441060634531025,0.932792151745011,0.722339148854122,1.06266213204191,-0.100452402341572,1.05132793244526,0.837987138501691,-1.31354569560817
-0.623367191741525,0.704411916878153,0.320854681526174,0.560576417670423,-0.150229239390895,-0.594090844209048,0.287268916726733,-0.31577236415796,1.28709085657726,-0.532201392209071,0.629121059761327,1.36222060046735,-1.2802855214071,-0.0744361184131706,0.930233102773103,1.40528821116197,-0.748875748955692,0.508155123938827
0.218076729105903,2.74365177052836,-0.126102587634642,-0.0567449967881049,-0.359570709528202,0.929523205122043,-1.18741526153049,0.00401079586922219,0.813938953934153,0.0621089341040687,1.23537594463607,-1.30919361694326,-1.02320378518312,0.56040818612287,-0.423546519670827,1.10411187694499,0.426049916210993,-0.750204772612121
1.03396518394365,1.7706914628735,0.785583009205965,1.45752763643555,-0.00605547489552682,-0.79319958020857,-0.128137734696128,-0.630243832750866,0.0854033854554424,1.1058969523431,-0.797203567001627,-0.22838361783778,0.557087910424041,0.0733563035899666,-0.345993366250806,0.612121882830573,-0.419553272831743,0.695966033705588
-1.11654627829617,-0.521613083128433,0.935436490020275,-1.08649708654646,-0.954139468960418,1.44527847071638,-1.94077569722259,0.411381936056122,-1.18282984108063,-1.68677777519287,0.505620531314611,0.563021325333702,2.9330106929745,-1.42982229036425,-0.867330645423135,0.132688891865584,-1.38067126970063,0.225136099201224
-0.484054990409179,-0.081744061027664,-1.30577481994655,-0.426749092752776,0.48482238908558,-0.808362906869717,-1.40514904947444,-1.06621053138893,0.150032809485493,0.091658672206906,0.127687815682348,-0.577114751313273,0.0747004123042682,0.67866184753795,-1.04649415564081,0.0558005861393223,-0.201079856595534,-0.122661915495584
-0.142215642014401,1.17511529631956,0.234265142916958,0.771482413074737,2.20365718562852,1.72535112296798,0.789676449697548,0.401707509637526,0.650768805625688,1.2919523084131,0.211185846801126,1.14542903954492,0.354277178111753,0.872025952470678,1.58581382668251,2.11447413022674,1.4823621487364,-0.408806069169511
0.945546468516699,0.230266826440805,0.72100522772463,2.52333823425847,1.66321551408725,2.1461313830202,0.893502647929972,2.69985500320138,-0.760576165220381,2.25549548690927,0.529025153728161,1.95687166371321,0.900400018516138,2.22821148912781,1.67562910402592,1.92766645406695,0.72974381259757,1.39557674859284
2.4846689592546,-1.17052810468264,1.18636411426715,-0.483689004602621,-0.571314640368864,-0.857003550066509,-0.676593747193177,0.107841622515663,-1.60691276381935,-0.773162748665075,0.347443047649287,-0.864663451368454,-0.920299527122754,0.720063081839088,0.0805640189621794,-0.455923738834696,-0.401770663618437,0.0359587718504816
-1.35056371647197,-2.22095468238344,-1.82841429169536,-0.985980375888993,-0.594755603164124,-1.04488152402255,-0.0919122323337066,-0.977870019102417,-0.057209045736153,-0.448477103703695,-2.38618395130398,-2.01974580478884,-0.62059511031921,-1.67606643412035,-0.712283125277965,-0.955033302411145,-1.71254384201865,0.396213681731861
-0.137060839327881,-1.3835651053198,-0.124925310866712,0.920343099455506,-2.12837891210839,-1.11928391864172,-2.15432402423934,-2.46552910135477,-2.16289263198072,-2.4822892208485,-1.92222885175576,-1.88145352427572,-0.13465935658735,-2.10664355962395,-3.62617831501405,-2.70112912659397,-1.60814625133007,-2.30017288373131
-0.215750795786078,0.128339902898681,-0.646163234715429,-2.04359841176282,-1.32353711272633,-0.146845816827108,-0.418375453183251,0.537468492527937,0.80398890284748,0.138239938950109,0.0024047850687635,0.959974740864528,-1.6043411274769,0.263046919861077,-0.0706866663385725,-0.0791801055741244,-0.480937689991883,0.834989495532021
-0.180126932660865,-1.41231368934748,-1.17295806503668,0.381051574151839,-2.1399723059162,0.503194062745405,0.894730685281294,-0.627920287991961,-1.39901750353642,-0.915661502785976,-0.0468222130581607,0.0849175408251944,-1.94470931977067,-0.990577238578176,0.0333879784769509,-1.17743077487821,-0.489908434520051,-0.332893848728613
0.352478769163945,-0.20117876922265,1.05906388903645,0.301714672889273,0.895033112554716,-0.0711544382134835,1.25775431538424,0.449277420105318,0.961801130177576,-1.02200056695247,0.683911739990791,1.41953150276296,1.00142994047836,1.22440144842711,-0.411819032647293,1.28022105572838,-1.46129339801781,1.37291440140116
-0.560846635819756,-0.0198272322524842,-0.133540241661785,-0.812467716573652,0.724106532023245,1.73680423055769,-0.12417966179129,1.36770895524762,0.165868027962159,0.0513513313211552,0.611018875431379,-0.558571844843589,1.84080798360581,0.71931813359188,-0.70311363894717,-0.411654677123324,2.06176187054852,-0.157893789342728
-0.0590927587598382,1.26072332852284,0.586633027306585,-0.252298780870609,0.17062799630462,-0.224191908002599,0.177801977090977,0.387920631405277,0.950291610745112,0.380239788995637,1.32757687482178,-0.398625975423981,1.8242627033262,-0.799312890105908,1.03377458416181,-0.376734245051247,0.380355252653647,0.402866120375689
1.07944381864994,2.07736414234624,-0.141200242634187,3.49647236826719,1.42412070707405,0.0706495292853072,0.908928349234882,0.860846471717705,0.563342369948664,1.71398207594473,1.32663260657541,1.27762402086972,1.33702268238982,1.44117579152631,0.716460610401899,1.71494816710731,-0.342431848276718,2.01223290499061
0.543819933408718,0.660773109326312,-0.0992634822798952,-0.563724163485003,1.5023256578743,-0.654191779149035,0.596042143935469,0.39915497296433,0.352474432952272,0.125307166594003,-0.0597212000044675,-1.55296066437744,-0.464217783929485,1.44963973874499,0.0809218701186306,0.0582725813441916,1.35806193021698,-0.4472728254952
0.555959781271933,0.314589932281926,1.54705556403309,0.355731942021378,0.736821001334514,-0.280780365272494,0.871937964000344,1.37604636219272,-0.268939238567228,1.29420442994301,2.40288354879831,0.825071675218524,-0.390830794706008,1.08735304656354,1.94446743214046,1.79285530031114,0.642018473325341,0.564955912127547
-0.303386527564396,-0.68424963391287,-0.365739045102854,0.51389507766159,0.708697768328028,-0.985531309788046,-0.731929437549571,-0.929698837383342,0.509324527412666,0.064827287318604,-0.502909212609783,0.101447978523939,-0.300775584430439,0.511738507275131,-0.124196751663109,0.769247187450546,-1.27021777964889,-0.155346870689055
1.79798887071476,0.837705815604959,1.16414229614946,0.0765050859835603,0.385251475039871,1.26029267740957,-1.05149641012753,0.32860140922881,0.333471807252607,0.136016639626774,1.47750479799184,1.14037897531708,0.0897714688118352,1.20371444650225,0.599369281003844,1.17471569874894,0.685238278568602,-0.0258994799670653
1.32027815136587,0.209371108426487,-0.665774144625523,1.16482643000744,-0.832798691913526,-1.52448656467725,1.45333575445421,0.474774660271116,0.514455295455549,0.464161202281762,1.00843710340354,-0.640119087372082,-1.8216771388933,0.0469605051683005,0.694150168538822,-0.648852655082886,1.240865882512,-1.50854003546739
0.317460723198739,-1.09129733874603,-1.24454320909149,-0.800758032047399,0.77146640648561,-0.326199883132404,0.577252929689285,-0.41837121590928,-0.106589127042318,-1.04352711829483,-0.919653613538014,0.353846290702069,0.991528871873148,-1.78545415427905,-1.02509771234276,-0.52399336850133,-0.98330146642063,-0.0382609276591953
-0.0941944648793977,-1.55516006039513,-1.57577982692006,-1.08687506781031,-0.533980092684329,-0.78883172148823,-0.0843157196599295,-0.653564800464383,0.154346629348362,0.253387473084052,-0.408855914651161,-0.924814556024959,-0.708888956502706,-0.966608815600175,-0.624816195101917,0.351848642508742,0.179947100905417,-1.76500850696812
0.615456555637799,-0.0973442551189508,0.282545896359079,-0.182103884389429,0.679840730427517,2.71938938640541,0.645947466789093,-0.255962219245149,1.5367898526864,0.715837156792072,0.806840618010469,0.941401734083575,1.45865293396249,0.819863330929476,0.801587281327908,-0.525755463378652,0.927816182492217,1.62011039693538
0.470138664813073,2.45397011296598,0.591041144183893,0.750922147254068,0.412868310113841,0.144581379449527,0.752027468877794,1.11773711580623,0.590103130487857,-0.0555769660175902,1.45160863391905,0.52740351184139,2.21746655506145,0.609557001349424,-0.223342700566022,1.11756863591325,1.33230090552941,0.115294088041008
-0.565525834512642,0.398177781499586,0.318424301275831,0.00168832476669052,0.759731322721259,-0.410590252877201,2.24685573235737,1.00923319946044,0.308220497335624,-0.191013156881157,-0.323270541400053,0.134369588322509,-0.307664410933698,1.63966950562756,0.382866221692074,0.127177488190365,-0.614534215525056,1.92959459268483
0.364461298630353,-0.0366844776283538,1.41654331101246,-1.33291681937079,0.355001633567275,-1.21440243273185,-0.931704198193772,0.940152859828493,-1.00950247809204,-0.759389726529293,0.342015235409301,-0.548111132799452,0.519502587043308,-0.454496589337942,-0.749824427677776,0.651257567716369,-0.584203875588899,-0.0268651096882641
2.44897464746155,0.000575730528010413,-0.0562317201825814,0.935625865242302,0.107061544218564,1.55662971430401,0.2004387525962,1.3615011057568,1.88608311203113,2.09592380385417,0.797428661576158,2.24661554114845,-0.667427015227293,0.993962784027705,2.5444024579209,1.08744675888984,2.20155258721077,0.409008001958051
0.266024518575275,-1.02352294458313,-0.893365731320539,0.22271914145519,0.582585999336507,-0.561707616987448,1.21142226796607,-1.28586988079231,-0.287257372443101,-0.662616671267914,-1.14814371330306,-0.732226837164169,-0.16410862232298,0.0876448970225751,-0.898059924566276,-0.6394379250095,-0.54529662988377,-0.38448685333073
0.729719659182954,1.26923305224333,1.95687528654784,0.98708968245896,3.06714608980436,0.249941355773525,0.260606140295375,-0.485594420251739,-0.83463775754914,1.0706707494212,-0.190259364802429,0.581435491402847,0.73166758481746,0.970078046273407,0.550767337899244,0.528302375869686,0.738991441343151,0.751485559194744
-0.357978770648297,-0.643028488772032,-0.133976638246461,0.0773117463643195,0.311209552042134,0.73988076439936,1.34520570748035,0.773033852559594,0.352252937749403,0.282182928872878,1.19751259667572,1.08530543936643,1.10506122626216,1.1075392333725,-0.0159320634725367,-0.216983378957182,0.832667341373797,0.126334359142156
1.05163791690545,0.730871853109406,-0.609959081033127,0.790267786788496,0.183179763990117,0.931113607072323,1.99515156955563,-0.338999139426715,0.851825862695941,1.10759145080558,0.843925347765279,-0.227710436558424,-0.827748303666699,0.745437881782728,2.1399650473668,1.91825920262833,0.396488779465265,0.870878964604273
-2.3801572614453,-1.83349559427679,-1.81698356616342,-0.829302404947436,-0.532194466674622,-1.75523351976163,-1.18479356175691,-1.02561353313134,-0.0406765188734296,-1.83530016093256,-1.15692709676471,-1.16564003203745,-0.870945067534152,-1.38300754936332,-2.03814523859065,-0.546314984654165,-1.99839871597469,-1.86196499301496
0.758609212768756,-0.0721309720578647,1.19720625171353,-0.793498308355852,-1.50469943617324,-1.76999514451076,0.304213739310628,0.963060823061711,-1.00474180389217,-0.641967283993833,-0.434120983367915,-0.875063160424552,-0.483403365640601,-0.815980385122149,-0.0394501983572219,-0.163997723332209,-0.73925633998899,-1.17718997909041
-0.103158056977456,2.19825515826099,-0.334342994731726,-1.06570876047502,0.894465077656293,0.0222431771382192,-1.33942480539688,0.439202297935353,0.833712366551771,2.0278102323693,-0.208450103083045,0.162015960448647,-0.347095866858882,1.89087443553457,0.554373612081157,0.0266742122306755,1.5524389043732,0.0953382061053554
-0.78161716713459,-1.09628227166688,0.391106718648391,0.454318561877068,-0.546015577622381,0.187368679368417,-0.287098968513756,-0.746960528986393,-0.837174872064779,-0.168097233878024,-0.457452045309912,-0.157562652032831,1.49600904162864,-0.877970965212615,-0.493927411619975,-0.99775616773176,-0.492597426803478,0.679974485149944
-0.207148421429713,0.26860924744978,0.395442869771044,-0.553368488045507,0.61003519619444,-1.11993027109541,-1.3553992872995,-0.361174687039235,0.0717416430425999,-0.697099548343601,-0.00281030976196734,-1.33985031888974,-0.943073965403456,-0.342814770661106,0.0312668420031434,-0.378631865595605,-1.07170753161728,-0.0270314309313357
1.22522709579037,1.72945540919814,1.41740076643455,1.08180295197695,0.760935432877459,0.550868286207444,0.514180051020247,0.305495565950009,0.960743370079317,-0.191933747530637,1.34126883109431,1.69432348144881,0.141823293713559,0.466561433609488,1.49527149901851,1.66763696352584,1.4434687079432,0.267423869985244
-0.361730485053854,0.0285289849115071,-0.0205364294147471,2.60011155507632,0.281102071374405,-1.10587396693417,-0.347901349582207,-0.185136417050999,-0.508588180959502,-0.662624712193411,-0.746799430738889,-0.420239598629901,0.499956728824545,-0.789335417301867,-0.689225695947048,-1.21354968232095,-0.597557139948675,-0.080436580015997
-1.580257583672,-1.21965326218563,-1.58366037817117,-0.644918981639232,0.100194692031109,-1.26052319071436,-2.50711162194572,-0.050964414418483,-1.44728923794968,-1.89070794139199,-1.12748261716597,-1.75960730905006,-1.58546954678881,-0.27238385052076,-2.61947220186399,-1.0637436941965,-1.45921254328762,-2.04353052857296
1.13942241849112,0.729376553303139,-0.239040333999784,0.262030307806323,-0.191723626220427,-0.0983630189732907,0.670193431041767,-1.30078001478204,0.733240682468676,0.32352563232412,0.0141627435033976,-0.580213461432422,-0.674775814959425,-0.151570348020024,0.593373009930947,1.30036153233555,-0.111533779882913,-0.246294658990459
-0.206281397034034,-0.818214573384818,0.711425013459864,-1.50159533186713,-1.92506257784125,-0.565660611653349,-0.0506890877734676,0.12378961373497,0.269413747558881,-0.119152874378707,-1.58179772410244,0.0431006468051083,0.718799565631538,0.104051026269039,-1.66141291165541,-0.981332969726576,0.375985832095476,-0.271876360560609
1.74159848561122,0.0861709829668464,0.579276219090405,1.65668018386273,0.537994143968822,-0.63785933953729,-0.7934078462087,-1.29015294220736,-0.344321575929416,1.68276255802074,1.04928457198709,-1.11056471224826,0.0178686153916077,-1.37994578886856,0.455001038479297,-0.779512199064239,0.303078120055521,-0.168355440364394
0.278233309411438,-0.278826208583395,1.46913299123385,1.15281799754173,-0.210147146487238,0.0602354885759691,1.50025043495539,0.977158558846735,-1.30374427182657,0.448371508368689,-0.442461100617957,-0.363618706914497,-0.271507497030893,-0.59389836767776,-0.0995123610899359,0.0119328714168508,0.276201573742875,0.171841534927769
2.01804379888251,2.10273640574436,2.58488982543928,0.242593416001398,2.30788468989757,2.81737538602003,0.70959308524164,1.87952089600328,1.68411941797321,3.28828755663828,1.82119382556419,2.67010547730512,4.27788906226577,2.6265916497008,1.02450948347002,3.38124117207082,1.59031201389939,2.42969161753014
0.26840837532893,1.24726082399072,1.87054918843914,1.21961256554488,2.79950482081047,0.651443721062731,-0.435139627237439,-0.462618225108748,-0.133178696988862,1.36427756111071,1.30058573798909,0.568580261685328,-0.576127648508054,1.664653887124,1.99103851337731,1.47543486501177,-1.27542316207472,2.28372332100761
0.174133890203173,0.593309040465844,-0.531081289165016,1.12734470250828,1.16484709369122,1.70824122159902,-0.709368978354664,2.24615025925427,-0.97564963234591,0.676735928997464,-0.0803699394412283,2.38228512692083,0.948250458859258,1.51632250906159,-1.0434549682026,1.7620641298378,0.910290369169923,-0.661394810272123
-0.294441416149574,0.351042630960279,-0.747903202137296,-0.251395810763683,0.0302173924383769,0.761470378457459,0.275654706731654,0.669854491924231,-0.348515168930994,-0.25672220009789,-0.514997634345851,-0.333001242604758,-0.0645424671944811,-1.64622260815441,0.759188698787947,-0.683832516427264,-0.819773752320555,0.77212501121057
-0.409946335930247,-0.956926500727482,-0.610454998168868,0.584049501126133,0.0735153031179434,-0.82805304377116,-0.765664084157856,-1.59051044865217,1.18340653174924,-0.213254092109863,-1.35825391288998,0.546546727604545,0.625537272267838,-1.27843472480658,-0.338179396899674,0.0109705552433714,-0.781358466552383,-1.09128426927128
2.1113349788149,1.00046546405611,1.79692002747233,2.08002773758855,1.5658954111801,1.25090826503717,-0.682934746749304,1.30416801897321,1.52248180949985,1.1132405057263,1.31538994998582,2.1416492856279,0.942469180358851,2.39192257920566,2.25007473782646,1.90615037771213,0.906326846659625,2.29924237771509
-0.288448563489462,1.34323677841502,0.920654227230627,-1.36616621163815,1.67395441924367,0.235534824440545,0.0439949557650618,0.592623210043429,0.0887308633045701,-0.593288590992512,0.403968553339146,2.36604023317727,0.361597032138819,0.318231483493593,0.599889026861756,0.145450525715975,0.551757571068063,0.443340485543022
-0.768950175397453,1.11685423853044,-0.274772764895956,0.149641036345841,0.646184204621779,0.923168707749991,-0.297592233789093,0.265720246616226,-0.928409162142347,0.557835059146732,1.59457689852718,0.239827743125689,-0.0808254029226934,-0.911306884953951,0.563613955575922,0.881623776905411,-1.49209051417606,1.1356892203077
-0.227240434272318,1.05777506834949,1.77541593347967,1.1287998407706,1.48393773152451,0.224857312369588,-0.337229716404819,-1.55353327802695,0.15732603310214,0.886391474947442,0.641200788705247,0.0318523592285751,0.229536944993493,0.98321333346097,0.891029165576752,0.838617752380537,0.423308614567399,0.398798499415017
0.463640345407658,0.520470408571565,1.89071854119811,0.10791529243538,-0.4282487841754,0.871635091748534,-1.82343034767304,-1.27106661818499,1.8390097056457,0.417887460289283,0.974182295415851,0.979974451620095,-1.4365302110313,0.766500459240691,0.289649774166581,0.371196211839409,-0.0687883266924274,0.0999129321300314
-2.24491994712296,-1.24111672158065,-1.38714967554794,0.506623751522473,-0.502724721978329,-0.20027770213418,0.809559032573991,-0.359930604398653,1.02693235440351,-1.86611194280616,-0.0748986533660603,-0.776464590539236,-0.39395836915827,-0.878140553154203,-1.78063829448827,-0.33770508034706,-1.64755023485271,-0.197949677618212
1.04137949527959,1.95147254227709,0.429100458081859,-0.446599850139088,0.672745215232934,1.0436921557927,-0.743399810052237,-0.224674740380021,1.57451997954488,1.85692703980928,0.662818062839116,1.71144235003315,0.796933672237227,1.35801814410173,2.03143147904621,0.647180928189435,-0.222960308951556,3.18095834000299
0.702465435402151,-0.944568851859926,1.63942012380536,0.866322925824912,0.776137114775925,-0.0081622928831581,1.88472917020775,0.596642800616376,1.33575513843022,0.369992681726817,1.40975050141469,0.32737731819291,1.38325330038789,1.71867210309017,0.899125729990659,1.42959620679422,0.724900090062975,0.170307154941879
0.886189384969024,1.16584684849681,0.144492760458239,0.28349373902847,-0.107625013519548,-0.648944228998327,-0.845928566000647,1.25399147249185,-1.23451268028316,1.37520749917204,1.60023861282571,1.22122062171617,0.982746855527934,0.895662630357355,0.364215497928939,0.344999426606512,2.29572481065524,-0.112607736496126
-0.426030607934087,1.11445488448916,0.74938441028568,0.865013869359415,0.0778485311425446,0.83071180776845,-0.476963957941475,0.981785068336973,-0.373394624312823,0.0887130332691492,-0.583947211059152,1.12409269675003,0.628624217894242,-0.532901825847066,0.339050713577129,0.418840628525738,1.48492422578752,-0.214702000720484
0.0920676573150572,-0.338942967835881,-0.290246686308917,0.281828354422412,-1.51169250028686,-0.912628378694477,-0.793750300901386,1.51463696057691,-0.597631943746518,-0.833529702520094,-0.398612274623437,1.36824366192864,0.42785460373109,-1.47663973406263,-0.882893020820934,-1.26605426733517,-0.168187716181604,-0.580903861009953
-0.494143228431291,0.045766808399917,-0.704664023280531,-0.18973098674815,1.0764600778136,-1.35038885772149,0.565019596734604,0.28853079327,-0.493865831905834,-0.380439755613833,0.202931294521115,-0.751977656368501,-1.07084308522563,-0.212159942821362,0.0241700074796238,-0.0911221737502761,0.543501327374563,-0.921692279994128
0.303139449357866,-0.391789773441797,1.60284760818639,0.901774441503159,0.213011110777674,0.0675682986888341,0.0200351986288112,0.287985418003371,1.16055882702319,0.856959425272764,-0.27679926403664,-0.512641290756834,-0.799324128173402,-0.862906136713361,2.00794563711394,1.37329155031035,-0.490881250526083,-0.283880025949172
1.14160610136435,2.66303267671162,0.0509015371738202,0.632047702140508,0.704018310739068,0.827615780353159,1.92381705490926,1.0213144136699,0.0532499944038121,0.5878537668125,1.65176436508405,2.40993594153176,1.12798522969244,1.67977066363739,1.60365017763763,2.3918779802947,1.53244498912738,0.47647813663494
-1.42040784824078,-0.313009426522937,-0.956943555472611,-0.738503896988104,-0.778750054438491,-0.820210040936621,-0.573830074183408,1.18048015869818,-1.52423567304564,-1.18692936346318,0.7824928514643,-1.06927438036747,0.385051309528632,0.52209705108837,-0.609505034053454,-0.453391771796291,0.0817821662069972,-0.201553090487198
-0.762816491335164,0.663472400883195,-0.531974033905615,-1.16111284874947,-2.51613962328889,-1.55083101985142,-0.37998365210221,0.663128511266681,-0.587064168099221,-1.82517198398157,-1.3588097539148,-0.83472441585751,0.017925461337068,-0.721299281032607,-1.55897250081083,0.0470255578843298,-1.71057127566625,-0.980894083936357
1.10605438204364,0.93918678908418,1.3744179402601,-0.112609734906925,-0.894669607924794,-0.277488482813201,0.012546162254755,0.636823185811089,0.915357669434435,-0.494816252087293,-1.70802260918217,-0.938618051399996,0.070970812217663,0.671586798384123,-0.574640769217407,0.316100513006901,-0.602345990301147,1.14294419224076
1.31834430264286,-0.929931043553783,-0.173222618530212,-1.05086221809252,1.71016680949252,0.791801661254267,1.42227033191188,1.74791868400516,0.736671962990524,0.167802678654613,0.385513669172452,1.0317405288662,0.991105512453837,0.37109151545943,1.15367473741725,0.763988617265833,0.0701144001242083,1.23236388859629
0.683013777333485,-0.000265028472756193,0.484902304688642,0.392343219719684,-0.487966717048663,-1.49729188576055,2.02290886465616,0.0470681554172533,0.508184595093809,-0.107057679474957,-0.401418508659061,2.41234000651373,0.212075614304615,-0.601454250160794,0.269101111183191,0.14761166638119,-0.163165652419137,-0.156146296095288
0.242466617413143,0.488998745470163,0.91458554986031,-1.01837825659742,-0.725915157927026,0.898013709109992,-0.809950030436278,0.593876794384554,-1.06876895453197,-0.80618239991201,-0.13527740689955,-1.13110034387151,-0.750161397654451,-0.474556523719831,-0.220547063249131,-1.32870747626069,0.933153011347233,-0.545133173433534
-1.07078367704983,-1.52710918369223,-1.01184282093822,-0.596577620536189,-0.374436103623098,-1.20793261488048,-0.2820947473622,-2.12769512216474,-0.988529069366423,-1.75309674802156,-1.52608141214833,-1.80641496615063,-1.13056199755211,-1.9087985196868,-1.74358503787495,-1.1184305892307,-1.82160523410967,-1.11069680346804
0.0937119876528128,0.61290849753446,-0.218009958526961,0.0329517672845841,0.701585022574406,1.06893784759334,0.534206660963862,1.20632648754388,-0.654332093484002,-0.285397387676273,0.825576400744831,0.33623010467904,0.474827047195037,0.998303513040241,0.864820760951801,-0.31084185731018,0.0596553169814254,0.445292221670555
0.392270875148239,1.13923373534538,-0.0720841572349896,0.0272099334624945,1.25325535789741,-0.450685329729445,0.621083877824884,-1.72095205424429,-1.33048047922896,-0.192139096936707,0.0834149259465867,0.926896564842914,-0.778200851996382,-0.0767205304597834,-0.596626814171398,-0.340024798539482,0.472946191276,-0.126138819859829
-0.710212726053201,-0.159424135485242,1.33873803532407,-1.12506887809707,-1.0301900032636,0.152715335710222,0.794728379925844,-0.519781464623092,1.39267961392537,0.234187300991491,0.337589810272841,0.447647263421019,1.20768866159278,-0.214701447606146,-1.04960698897704,-0.430900603942696,1.17723810711869,-0.836050930942557
0.858514803845661,0.52528988773877,0.113102838563129,-1.32232669729004,0.965635182021178,-0.391666916921152,0.0456534135338282,-1.13796980127562,0.600139541371104,0.153796833319094,-1.59135682995902,1.43113961234111,0.0516343130964618,-0.117102228192593,-1.16544007557826,-1.22047231666181,-1.05755957235147,0.773861429208963
-0.653510207294057,-0.895179325682747,-1.34710693298974,-0.656820940652189,-0.268813324941657,1.13710276862423,0.158857843382392,-1.54207464723425,-0.314384596145186,0.0930606376997167,-0.944525526046536,0.241259695129079,-0.737435090151446,-0.101070499695006,-0.0106259759593982,-0.347616271700263,-0.273056254554718,0.050022691043105
-0.747041496636966,-0.173838365484518,-1.573563924035,-0.0968108831395528,-1.03407196174316,-0.510874446456137,-0.0675682844764255,-1.5260587391766,0.258423970521169,-0.935972747844051,-0.614159061011786,-1.30210968727494,0.0672513097768413,-0.23865345975904,-0.823153917196394,-0.774109878154468,-2.07784340595437,0.217754253375127
1.25114747266752,1.43434208386036,0.354945752672012,1.3244165796138,0.757367172082263,0.353000083837199,1.47421895964555,1.63617680497639,0.551182491297267,2.18189665694362,2.05799629036822,1.25648269378127,-0.975270349491092,2.08394873676546,2.09837524331165,1.49805320975878,2.51232674459075,0.595095014123138
-0.994112871605251,-1.08107336715732,-1.03946148189645,0.168513304043569,1.4988785172317,-0.457843579351257,-1.75035679033438,1.28418418204955,-0.577880106223248,-0.228486918787986,-0.641883816985401,0.466681148599547,1.08374717653536,-0.124355507519669,-1.47865884134324,-0.162258483141719,-0.835312055255492,-0.725507450510467
-0.922182351118599,-0.136147870099302,-0.179376681344904,0.00788640043722791,-0.761208408831869,-1.56001423943386,-1.30602472484608,-0.326800698348722,-0.54766993210931,-0.961182451729009,-0.861799523044692,-0.446287265882319,-0.227871200022394,-1.0744603128517,-1.27269589322533,-0.155729124417711,-1.30532800459198,0.0827920782509026
-0.54256123235911,1.10102303559567,-1.55350231533136,-0.355151628962247,-0.878623141531963,-1.89417452265131,-0.83207754032235,-0.221695812039221,-0.94453523778033,-1.43938230727889,-1.34373215675018,-0.737360715218211,-1.12411617671742,-1.90710843820811,-0.18367232656408,-2.06203363971502,-0.949230719431093,-1.05491640059859
-1.51399532010376,-0.633802057637858,-0.0804196352659889,0.715067603054006,-1.25917078330261,-0.511987825723101,0.825289488741686,-0.16062372658741,0.279891722021702,-0.159928519260668,0.980654664728639,-1.46554647446027,0.215266210740024,-1.30541784166782,0.142671394802928,-0.220603303626916,1.01432728846356,-0.703466985754037
1.02883695355942,1.36310231453887,-0.354431033811412,0.535089560239742,-0.850784809830251,-2.92117327008734,0.123950308793561,-0.0595644574864884,0.384113565684024,0.673056219153282,0.0487458526920162,0.988655079634482,0.232815545891607,-1.28834555364557,0.630778049359704,-0.223400550232206,0.479782843842522,-1.01280364069548
-1.47140470607883,-1.48421258868545,-0.269203025193234,1.32260690403195,-1.1606856139192,-0.681610001529641,-0.501710353827568,-0.0826299114648641,-1.4560095179112,-1.15256160588354,-0.799892584649614,-0.554022550786071,-0.0217917306660899,-0.671368600408017,-0.247007480296456,-0.70841668770985,-1.22221153925688,-1.29564194969011
-2.73005936451924,-1.30002233956845,-2.12218500148755,0.947679298431212,0.640586696989134,0.693194045365564,-0.571544122121636,-0.998238976388938,-0.378086592093549,-1.03292083721574,-0.73119558580819,-1.59648262951547,0.108495456561725,-1.23686779490943,-1.9737465677324,-1.27422228668395,-1.39606027669674,-0.278493047491987
-1.34973842841307,-1.73905671025907,-2.14494144961532,-0.493097241557255,-0.55315368691145,1.22580379195748,-0.530605537345642,-0.163797521494336,-0.225785592981911,-1.33394591504421,-0.649881841197612,-0.197914596031789,0.186353250538684,-0.88476460622463,-1.9042952220443,-0.45321166778645,-0.94204430850686,-0.644604432155442
-0.149348852136953,2.18046631905519,0.392272698540164,-0.380047626942051,-0.113419462066866,1.80761592216104,-0.549824215148659,0.485363926025095,0.411957859860029,-0.377260885791309,0.729834344743466,0.246976841797054,0.343592012966497,1.20754747052454,0.634364736822693,0.164452443722042,0.980458684854329,0.0473553071161533
1.0882072930846,1.51822797062878,1.44195548620758,1.42021585858335,0.465763848062724,-0.837478396313951,0.519025309931254,1.34580638423955,1.11224678509189,1.31376866543854,1.00507147090498,-0.673827430080501,0.0892898867452493,1.11181459405927,0.967500117870102,0.568442887834979,2.2707206911373,0.280080100541251
-0.580686318834958,0.388031330420565,1.1018414692872,-0.978818528635226,-0.26391745153883,-0.077576963616953,-0.555978266939267,-0.0418075251874239,-0.621073672993917,0.15857484623676,-0.0212694571586685,-0.210595731917915,0.806986835990285,-0.0104671399166021,-0.805887069874383,-0.520215572353467,-0.742164279559942,-0.196657771843809
1.07551555838649,0.818283536389601,-0.537230355005071,-0.279331435382053,-0.889844107700709,-0.177793022311195,0.979642855750787,0.0617780645384225,1.40414647355188,0.708754244183256,0.594642656132562,-0.896636234294581,-0.201348012219115,-0.0819990482942236,0.0535196982560368,0.153432381432048,-0.369197632638106,1.37257474364047
1.57584220432601,0.560130295770048,0.80540217108755,1.22764396244255,1.19514227402822,0.942653533861042,0.946857804646769,-0.417093937410648,0.831261720040745,0.797285794297148,1.71549205761042,-0.513877897118044,1.73111794512106,1.22142835833462,-0.56609616939259,0.941534588325459,0.283071560580162,1.45077752051242
-0.560597308530826,-1.97090489716028,-1.17251219065371,0.377863762467076,-0.465682819342918,-0.564424956432636,-1.74007891930281,0.164649161804804,-0.976853525647325,-0.696962035979337,-0.551631105606983,0.119310545662863,-0.984657090475706,0.393437564980367,-0.790485189911047,-1.20108576113535,-0.812509377975782,-0.448882436566406
-0.933182931650484,-1.24185305148053,-0.615626887873671,0.0619781037331236,0.702453299572304,-0.954084690448082,-0.139734175959964,0.720150524843658,0.0372604335454334,0.780573020746821,0.930516959716864,-0.629269889406369,-0.904766511401657,-0.847242091838108,1.13546003454625,0.831747101202547,-0.542892362544888,-0.611931004393524
-0.69001857001989,0.875898095312036,0.266437875494851,-0.01658787209401,-0.445370454723662,1.31893690352283,1.37050875782835,0.416417132499501,0.337756629460201,0.947133501242567,0.450008102620249,0.599969465078403,0.425070927036965,0.608252178388893,-0.280690609123184,0.627827197948807,2.11347158870117,-0.851206023865172
-0.820188098329534,-0.699332987366318,-0.743636883233227,1.20892620295487,2.01277459334612,1.40056141993584,0.595018695714644,-0.101405419906087,0.494054721110736,1.30032830609906,0.0990265511813096,-1.01630796183489,0.163217302387149,0.0527987653156351,0.16819790824714,0.420467619732682,-0.571785275342803,1.18643166110543
-0.630337713197945,-0.0620332470406243,-0.295797800835607,0.661188555608979,-1.11607281973076,-0.654493583730842,-0.0906731247146892,0.836561935696442,-0.426257288140574,-0.971587754637324,-0.119755692543527,0.00185914283156739,0.607625984627409,-0.223319024470591,0.280783598489554,-0.162924248956222,-0.650016535081156,0.198812886727431
-0.654211824987686,-1.10492596871678,-1.57055869099529,0.302607311715028,-0.045239938723461,-0.664375342953135,-1.02924835863019,0.61225597418359,-0.480532008703264,-1.19950965129229,-0.500882956823616,-1.56323056867838,-0.305960724044887,0.815876612572499,-0.920821710296582,-0.418768300331744,-0.384254474621141,-0.175180801670408
0.326413397441427,-0.379717239736742,0.671074388932456,-0.945690820398612,-1.2734977727057,-1.32314273935625,1.41671782218997,-0.0255026209267345,-0.310964819261887,0.0578329639432249,-1.62348498678732,-0.893061861911403,0.307341008164482,-2.06146726507299,0.546588932346407,-1.1802492757306,-0.0903306999383859,-0.171651855449459
0.232019067107141,2.79844339803131,0.448839394797883,2.53761222134143,1.41013132526119,-0.0618185439431865,0.00485282705894906,-0.554162484738429,0.31346527010037,1.93654167070696,0.712300594997764,1.7515407680916,-0.484443146783044,0.876883757819855,2.67827957865845,1.66553510028235,0.892117514151504,1.16161584314108
0.774302565644223,-0.0620303162153219,0.555557970935675,0.821092333488286,1.77811153197994,1.52638399295061,-1.05547480657885,0.108774290254764,-0.117751860690507,-0.168194706108703,-0.226462378992661,-0.986888946872124,1.18002974468907,0.999539818079235,0.209398226328631,-0.480078899205313,0.793304505565191,0.421599744392699
-0.811562822073929,-0.29016918065673,-0.618560181625456,0.0545656111339693,0.388023754805363,-1.12610610783838,-0.31591755938869,0.162600270792379,-0.738460681166594,0.00573753806664821,1.10245161666357,-0.96306887985943,0.191739878154421,-0.921680922096594,0.496959322286929,-0.137247270058448,-0.0124615392115969,-0.090368817027415
-0.570977745569092,0.512135998643262,1.75201099108556,-0.645607955780524,-0.126486079393891,0.947855596081985,-0.571141602284168,-1.06199841307615,-0.914400077692701,-1.28398992300382,0.740811888392232,-0.472930146236519,0.00369531915004071,-0.632514916112423,-0.455313186889241,-1.58652073814027,-0.217456767306702,-0.0985744661934428
-0.35728086741972,-0.338448101016875,-0.639703966057585,-1.6814390106842,0.319360904801596,-0.835202130174077,-1.1504578571867,1.78785487743873,-2.55471487421636,-1.50872644413554,-0.668091296620837,-1.02456342552421,-1.10898313550063,-1.21966787094845,-2.15802889854705,-0.983120253661895,-0.375643314505954,-1.40427920274316
-0.366806774180753,0.325105511171341,0.271080481340269,0.332499797879603,-1.30249385136632,-0.609816229410138,-0.314613129574968,-0.137848533969961,0.382319811144405,-0.863023265885475,0.0171598240052859,-1.06280031715032,-0.860680503989068,-1.3962808597468,-0.636012638828928,-0.115515259772257,-0.567256501758315,-1.13310163024226
-1.51091377426019,-0.79627338324972,-0.699961905112309,-0.93753895340419,1.35755997111665,-0.504630572339513,-0.205834715909728,-0.595159786176814,-1.07507111111739,-0.61599118456163,0.509699162735204,-0.415465215906314,0.13515700218522,-0.20912652188074,-1.33987611782588,-0.593292395167887,-0.643769151328729,-0.629855357756566
1.78827441587109,-0.376590974087378,1.3979761074891,-0.788010946922971,0.612990899153593,-0.107940536467825,0.28246768953633,0.178905489210783,0.761586187757325,-0.39185721956905,0.953762328476561,0.687622930798495,1.0192181137008,-0.266462342519383,0.537643795080125,-0.159455367743299,1.15723842242424,-0.0576126788724723
-0.608485570841171,1.19430224718086,0.10490069089211,-1.03045797620671,-0.512900853489093,-0.348759006555045,-0.826848270350874,-1.11378948986546,-1.50527595027407,0.725977793612442,-1.02216468289592,-0.0921817111548703,-0.662395748834441,-0.80181537524058,0.149252023787265,-0.551760653508341,-0.732355742172852,0.219781144571126
0.390592460219416,0.257655383780734,0.465195112030851,-0.605879779499813,-0.24112499199157,0.384630771853279,-0.41047728034246,0.625318418504375,0.562627215118247,0.448764972457969,0.831576754575684,-0.159214027903422,-0.567579184457358,0.933147360892195,0.419734487683311,0.625573708900144,0.00646961598567271,-0.0494395779304976
1.17091341519094,0.699653942042227,-0.614633581775397,-0.570597551135126,0.775075915747386,2.92264402278553,-1.42412652973142,0.887331385090702,-0.113167663904305,0.137801521499832,-0.0577266828352983,0.343507122834339,-0.0684537514677112,0.67464950455848,-0.365879517299273,0.409476650945823,-0.0351904313955424,0.882242410919665
0.982044870200096,-0.293461261401572,-0.842367069998289,-0.252422638644961,-1.35297048949744,-0.948328442579582,1.06352644861212,0.215924104797505,-0.301146335618695,-0.526521623907135,-1.09948821359925,-0.436573785265962,-1.09533771791595,0.568851814819346,0.113855518530367,-0.266276655333759,-1.70787028547956,0.912717692830739
0.30238568605607,0.257343380501134,1.04135780917275,-1.49886463735755,-0.557988016817452,-0.604049108481239,-0.190754552677248,-0.70308431329553,-0.33867653756087,-0.235135495816382,-1.26995129367886,-0.692946516826755,-2.08928754632937,-1.36985745180518,0.232584276441084,-1.13314608142822,-0.804767668377322,0.490914714177274
-1.62549907409519,-0.893284991819996,1.45401230692308,-0.46706015408961,-0.269501638905151,0.29813121760915,1.37922926438241,-0.140181752076591,-0.0215298135466245,-0.185524270231242,-2.56808654434451,-1.97307394177182,-0.536689230987864,-0.919694128750484,-0.375014802028729,-1.08933708431894,-0.480952130617672,-0.895272401227694
0.796452034325326,1.52502902796452,1.72071015220767,2.18490172671863,1.36256643700299,1.31948597899841,2.42173186635654,0.664536634489563,2.57092483362197,2.1918827869177,0.708333922554685,1.84702845055129,1.62027703545019,1.68859167819909,2.05696048270014,1.6570143890706,1.97057142584017,0.909670408553918
0.911777701773049,-0.682422980417067,-0.286043547236027,-0.657734987930319,-0.236132851166526,-0.36961048090353,1.10401976904482,-0.244541745413637,-0.665217308230721,-0.214026484875261,-0.34384134395351,-0.0251985495702713,-0.637766614839528,-0.61546422135328,-0.137888203313486,0.597613948103842,-1.47582769837169,0.850991342581407
0.647690467294958,-0.0564778955417073,1.05711414164638,2.13956084857999,1.36547238510191,0.0770540016108691,0.663986236879096,-1.03193698748798,0.186963788704953,1.00131606032515,0.650270758845943,1.41131401397916,0.795451004597635,0.662507111502134,0.895704258860399,0.482378960659772,-0.199220577385915,0.465721043815884
-1.97874176682639,-1.59276105118202,-1.04990560292093,-0.134253229796782,-0.310062694223215,-1.22344027373191,0.251362120084128,-0.505516055155829,0.18747292233817,-0.506942289570349,-2.08885589387438,-1.09491914831314,0.838360503143899,-1.82271764533313,-1.16695854395225,-1.20577819595785,-0.115578132205153,-1.18346733837957
-0.423054905130209,0.718144371957591,0.923972789357737,-0.0961196028954031,0.520493916081837,0.546007461116488,1.88550211130271,-0.391625708411083,0.964690836885756,0.732831285871934,1.1204028928666,1.01932447986347,-0.634335619384701,-0.314747793518314,1.40973302598124,1.22953559551825,1.29062185388066,-0.594793523809369
0.267117754262065,0.266616192479928,1.0438083577286,-0.539119179973504,-1.73225213690008,-1.64656863085242,-0.629833348481381,0.0390510108542528,-0.698808808765563,-1.03901832532951,-0.455205797455652,-0.529727525512773,1.15388226767297,-1.66068833756966,-1.39972443778532,-1.81096080145096,0.870968856044864,-1.25961649494525
1.49695563042758,0.930631840440245,1.76174588166594,0.00824536069786984,1.98264386068599,-0.127782716972105,-0.555821975966633,0.397548123493402,0.354064676000771,1.41684122778519,-0.323291744670685,-0.814734046396256,-0.947706722352187,1.72215166206603,1.17424973641382,1.15805952343272,-0.19319901323422,1.08762087761553
1.89991221119146,0.0114953551447094,0.55884378839381,-0.0738844301233711,1.47762103545173,-0.0235051374923121,2.00190282544292,1.461948364834,0.406254277765338,2.35574324901115,1.00266010967667,-0.268291315966701,1.22956740531136,1.45455865089661,0.650305101451092,1.81150741062895,0.49241260301245,2.0087341125931
-0.231286644332143,-0.384170994512891,-0.554416130097639,-1.13160242866362,-1.33017681534702,-0.307001780347872,-0.681233229007007,-0.366682560281499,0.412874382660134,-0.248772102622612,-0.0123645585089771,0.430550761167608,-0.0412407134938708,-1.64023088377245,1.23007752098123,-1.07681641237316,0.556889179161054,0.0307040900776136
2.19378848266085,1.59785633618194,0.17926564048387,-0.66223911719407,1.92264947036057,2.14271575244071,0.0982321210917791,-1.015973406004,0.779771182168247,1.02963721568741,2.13819289248528,-0.173264458338195,1.41820305959211,0.748517525923046,0.833212447144963,1.14408716649429,-0.305055327935921,2.09470454765579
3.03760272893444,0.483754066120908,-0.216431666338304,-1.2726350033494,1.17182593210949,0.162884748866586,-0.6930648382148,0.0839088917788089,0.774756461616706,0.484402957477395,1.33381965614082,0.411043211027786,0.320195154697826,-0.357753660226154,0.485047150049807,-0.0926167439191685,-0.330429822711668,0.901026413639193
-1.38733533096493,0.722886640616619,-0.274661684415277,0.769700701734657,-0.155225299388252,-0.558507936044658,0.256696217827911,-1.93922114420868,-0.0829655181538234,-0.63980986348297,0.000239747234328382,0.169919120168553,-1.76759453146625,-0.531170490892249,0.522051631346948,-0.688923877828361,-0.181213406459945,-1.29379689396278
1.37979803629517,0.327421783672465,0.647707711227153,0.0808300684595318,-0.394105763555999,-0.419858258300022,-0.531195805780081,-0.0509709349374241,-0.102114907211709,0.962523647481855,0.409420213625944,0.564496038595887,-0.475913568733298,0.551420260794134,0.106655937518108,1.66812394048057,-0.817592694267252,0.371246841539916
1.4507361583742,1.24986737431036,1.28733619461076,0.793460052055621,0.982233991051904,1.38442897333624,-0.00661210736002926,1.70174684157564,1.86838512857673,1.68734233789456,0.776616226695377,1.31192092803981,-0.0162039355514158,1.07581216911893,0.243642642867348,1.46382282320975,0.972559007247236,0.323511645505197
0.0192391388220169,-1.09218558020638,-0.394598614343637,-0.761195481721355,0.427527708548482,0.379159019825869,-0.506427706755097,-1.59294361853564,0.47036507494617,0.210201429517028,-0.350406165263343,-0.46556976764971,-0.160914593009445,-1.80467087302528,-0.042685429794362,0.0588527468999319,0.00910555886946207,-1.70377052523614
