"Fitness"
8818.67614010229
