"y1","y2","y3","y4","y5","y6","y7","y8","y9","y10","y11","y12","y13","y14","y15","y16","y17","y18"
-0.857146929161955,0.601553089726421,0.279638415305721,-0.348530573407892,-0.124200310243713,-0.626633333027498,0.419907443124007,-0.83124710485755,1.78155670090842,-0.753653707500813,0.144739656936851,-0.449344875316759,-0.795720547227111,-1.70793013445598,-0.835011851234915,0.0135319637512776,-1.20747410251835,-0.311014161622168
0.0558408090926905,0.336068213357887,1.92312181185964,0.670568191245815,0.725225920894286,0.690681789281408,0.475716047145277,0.185377506642881,0.576821596302626,0.181287258836599,0.443448000558448,-0.0253093464856519,1.24712925524384,0.547266789170982,0.303544381776647,-1.85364112590543,-1.17907444640091,-2.99787479063943
0.20431817797903,-2.10269792649403,-1.75518365554622,0.0346145826394965,-0.975804170092717,-0.845589957353081,-0.931567114787861,0.908968705782045,-2.57325108741893,-2.79873852359027,-1.270345026531,-1.8478293107687,-0.572374047719761,-0.872107044570083,-0.716940930513697,-0.245196733060174,-0.168760916643425,-0.4580210149314
0.179219136093209,0.107411502388107,1.89346503380193,0.965557903378727,0.133713684476302,0.827174098801581,2.6277361532718,-0.00465220444778165,1.34148683322046,0.851690957031929,1.1367336413958,0.316645270399347,0.89298191857506,0.121073556512236,-1.23547488166095,-0.231728091586498,0.339303005039138,0.156089104845956
-0.564740209701756,-0.389778165816876,-0.66836662827533,-2.29722673825711,-2.10253194914415,-1.25575321620667,-1.21381132493437,0.228455176179927,-2.61708365331486,-0.620943726720576,-2.01163368001505,-0.0423996947031575,-0.3710632219477,-0.537750295512428,-1.94239963772711,0.51256980843879,0.170106874652144,-0.863623875224875
-0.0409393557606986,0.149697706663803,-0.334574674816559,-1.20126412748685,0.982200780130068,1.3787210023957,-0.435055979084979,0.477281443823089,-0.281113200934076,1.19430088528138,0.734196061182654,0.190435458418852,0.184188935906059,0.850084524750576,3.05377604763425,3.05200496287922,-0.0689186333340877,0.658232670897895
-1.48760564485454,-0.689174926816392,-0.385197371172488,0.348808626713693,-1.26808447044373,-0.235377448818834,-1.294557755861,1.16847030236505,-2.2299934546719,-0.431433683711564,-0.74990306043703,-1.11577933460976,-1.52872871694787,0.493509769175603,0.55114367416128,1.91020053159862,1.24275206810071,0.552181518723568
-0.00102330246643201,0.430957599145602,0.549952447852125,-1.33365156429732,-1.90380002281763,-0.213511528405692,-0.160215110179674,1.18137497894742,-1.44789488545702,-0.118110754471852,-0.624329734113717,0.398306557709299,-0.806023871744516,1.11444462616378,-0.189837649037315,0.235397618007291,1.85949285604709,-0.225696921083131
0.597199319542577,0.580378178343638,-0.254988501347524,0.682561700404268,0.512274024936389,-0.900184390542126,1.11914051010024,1.49132446158803,1.3209244243972,0.553168718468872,-0.872158530046595,0.375959739455305,-0.385955021492584,-0.596759400674928,1.24237402563754,-0.166009132347471,-1.08290117208911,-0.143719352199173
-1.42232785447508,0.0107417874013497,-0.115544022610551,-1.31490339783214,-0.188751258761762,0.0248745338684038,0.701813012935008,-0.93440741316915,-1.610721902776,-1.10987861760868,0.302033770563116,-1.64941522782208,-0.420776031684277,0.131942315651411,-0.997617577614271,-1.96177933792067,0.138462890115131,-0.450430734259147
-0.450762647794352,-0.0962291216139263,-0.164566043761532,-0.604051297515263,0.197693844310217,-1.10419417935844,0.187667166893557,0.0561973411339428,0.920155951305428,0.758556789295953,-0.523716646752666,-0.874172335005707,-0.336721946187004,-0.449555879005966,-1.43023285127154,-0.477331243282028,1.66512396654036,-1.22115746855548
-0.899914776675133,-1.30616712606655,-1.24454788998741,0.35953767605579,0.145727011936513,-3.04329377921618,-0.385446118241121,-1.64479257161914,-1.63932015674462,-1.41039094215309,-1.26646885037687,-1.90887407275855,-0.228825583041007,-0.566183841266395,-2.87638013638962,-0.38387483545202,-2.5223900461199,-1.46926474757613
1.15350479391304,2.37810907470821,1.17837567646211,1.45699869363788,1.15495295051595,2.34590838966044,1.36392292685073,1.36993238760081,2.4832746261764,1.98351389147476,1.09098126302459,0.592256174874251,0.15391939546399,-0.264693236334943,1.28834545206877,-0.997998733227794,-1.20976638191871,-0.363968407813639
-0.430422659954131,-0.0700687004343879,-0.314757322828312,1.7217533852102,0.906509931945867,0.0351895551330775,-0.263131896217366,-0.278000527442125,-1.06966577587488,-1.60252799352052,-0.13467045218337,0.554899855111513,-1.07236810074416,0.176561955539534,1.24204610717171,-0.0807763712887625,1.19590605974025,-1.45016829716656
-0.0356523736120112,-0.572480954837449,0.541014948623898,-1.84374256139486,-0.787865184801217,0.18473997713397,1.50405984378492,-0.0345180009677099,1.19462619989458,-0.334011880015053,0.978593673066917,1.68703871513199,0.536001416783235,0.00910640843938478,-0.926337092063758,-0.49068884804428,0.240742380046652,0.731637199210689
0.0531889408961869,-0.014750369824983,-0.249830908264841,1.41547236545839,-1.18660187680468,1.60085292207753,-0.573856633269749,0.128660399011225,0.423006110394006,0.848556714344089,0.586968736467863,0.104538274360549,-0.391385463674349,-1.43291110437311,-0.276251639715243,-0.0747602842376425,-1.20363314567572,0.0950258387090787
0.14131994239699,-0.662010329153812,-0.433222058817316,-0.96317262949249,-0.168619929827041,-0.946043109029284,0.59013704587173,0.244638395198262,-0.264958320613021,-0.557593275024041,0.460275815347866,1.01624360871569,0.118165562428066,0.978216187117787,0.200360067043332,0.25216039972596,-0.0822792109915446,0.388444901588959
-1.35934996422943,-0.361442589127197,0.89003521882268,0.59999977240227,-1.23996948357467,0.00677361692850574,-1.33801870974563,-0.602378340180532,-1.4674990453932,-0.677094706645726,-1.14351522211459,-0.51716603093021,-0.70317170388983,-0.808600389619817,-0.36597985938239,0.875120217881261,-0.354156393629195,-0.0912810774435535
1.66373015966327,-0.0733883895070568,1.83186309772763,-0.741464249383535,-0.36127004054622,-0.0430079494683069,1.38634231380327,0.146555815008885,1.01940242169184,1.16704407567699,1.50002884772212,-0.265410161449716,-0.362998559942892,0.945397555978797,1.67824177807121,0.419153621653261,0.144285998069654,0.635008180398878
0.419462974154022,0.0340900362460964,0.745799903529132,-2.89557147888216,-0.236480034609713,0.321753862994382,-1.3971081513186,0.997500509432532,0.49938013849787,0.240949479591009,1.00702808849151,0.197971091133148,-0.539026713241097,1.51300681531038,0.639191625972362,-0.686165314069797,-0.242892467601877,-2.00667526215234
0.687755803520133,-0.170382907153158,-1.73141317057951,0.297215298952667,0.103665830525587,-1.18435491284178,-1.349344016213,-0.939547784704302,-1.23287570708787,-1.91569726842331,-1.27071280530184,-0.554257283058736,-2.15333581868283,-0.793773479299263,-0.796433736635439,-0.490350698993643,-0.923228930043884,0.178555948896343
-0.913547414830784,-0.476133379594535,-1.0365109573191,0.129861955734648,-1.25699279142348,-0.517350338863573,0.317849106836352,-1.03992440398064,1.09034899925316,-1.1647528420495,0.118053066128665,-0.371383220047456,-0.329525416118735,-0.802677185884639,-0.230808033318946,-0.252151103758841,-1.74866637870097,-1.03284150810423
1.22899866731748,1.03344327851192,0.476185777975924,2.08449662746768,1.45361598713866,2.0583466944548,2.66112890344895,1.00419450431506,2.59042042500755,1.15103268407135,1.99156276207734,0.457164781472665,-0.0537511315103734,1.89616590177232,1.69654246307781,0.849124817870027,-1.71733009681383,1.40939961456431
-0.267405682855201,-0.540783921805988,0.0346900901269256,-0.0595527210497125,-1.40778571515384,-0.563038680590588,-0.49021203759569,-0.306726416728396,-1.04088763910059,-0.700126551977022,-1.27498372139558,-1.86050593429417,-2.33844589060993,-0.156461922952796,0.582635455990661,0.560675625229848,-0.0877865033550433,0.187766635962993
-0.567475249350214,-0.306310695881748,0.31858425931095,0.127138585937928,0.771888209441283,0.611904614034,-0.224645937856339,-0.045360368882974,1.0765983315937,-0.990493400173234,0.544479840255103,1.06884597506086,1.48844213720289,-0.980892779028002,0.243578079364169,-0.666977306678371,-0.959821463467225,-0.557327578737304
0.730735437486932,-1.05162804547254,-0.666165393297207,0.435489943221656,0.72915331456151,-0.044049752479573,0.995481430970708,-0.0950814322076223,0.939882755576491,-0.397967055349458,0.981181883600087,-0.972034013645228,-0.813212786509178,-1.23643176074951,0.961455315427835,-0.2809156911214,0.572603019872955,0.0626499300688323
-0.653692843554923,0.116139548440658,-1.97269026824095,-1.19471724241347,-2.07470229533552,-1.19494351273701,-0.448616727800034,-0.0715993219823338,-0.327327391182151,-1.29057660898191,-0.477233588944211,-0.80531008876006,0.851738313954307,-0.535284942412877,-1.59944862966285,0.514125697480468,-1.50036326626326,1.37652617398659
-0.389017414261837,-0.239524468593999,0.0920431637660449,-0.113390522439634,0.311250937188447,0.391198101010425,0.235011204257418,0.0307839158846642,-0.438235714402751,0.614102144117581,0.151547004435192,1.55813710654062,0.788323905917258,-0.0607945677646566,1.11943979014545,1.42672695803598,-0.0628392569179924,1.08751920750373
-0.510106681009714,-0.996489331836303,0.529025828336736,-1.37498965042378,-0.104235285055708,0.216691992786038,-0.648740876155433,0.0833134059925453,-0.668518418064535,-0.365283237830713,-0.967469886089421,1.19385262778949,-2.49350640718781,-0.635401989697291,0.817987836527584,-0.253399377018942,0.19369544007568,-1.24274143786465
-1.24065835343167,-1.1281287089973,-1.50015730376484,-0.850713457328833,-1.22507734253606,-1.15428214915983,0.425433348837144,0.323344272060031,0.933928024057258,0.238871759589095,0.907041194419251,-0.165208510446134,0.65413616768218,0.900539866866011,2.00113129946598,0.283349432253465,2.61356778386558,-0.0818472399349162
-0.765150394482433,0.868501752071147,1.03548805843824,0.172041055253723,0.222768194505699,1.03182083564867,-0.587392606826183,0.606757878661642,0.0657801521047221,0.917830440346186,1.33929376781734,1.35062373112668,0.00322214581055134,0.407238011712868,0.646961011931253,0.959156270498163,-0.658995095932675,1.35761907422908
-1.45029215231162,-0.859080476637215,-0.911098368008952,-0.129518450831486,1.22438256960393,0.223868065843167,-0.430947871387511,0.490402746660178,2.33525440557048,1.58890514941293,-1.77707781684668,0.228267688058696,0.0615743269313761,-0.787311889862118,0.693585451622235,-0.256007802661121,0.0270660440593783,1.57302324500527
-0.0591998522545497,-0.244789352496445,-0.103407873246283,-0.893100115618254,-0.674068840377355,-1.14356079275633,0.831620412205067,0.736810351109381,1.80657325218946,1.13571298094828,0.143839430758835,-0.664948786476426,0.578956622579478,-0.401983845743673,1.04326860924098,-0.362836938846017,0.795298099709777,1.86353185060519
0.523748222583389,-1.75084854743018,-2.08883015971672,-0.260093940753755,0.590841056316424,1.20078752945239,-2.03387846284488,-0.867160362212828,-0.266664300294538,-0.144873717060777,-0.189363167383016,0.995049311138205,0.202306279516974,0.112365173728202,0.379051197096998,0.596577680621948,-1.08068015036041,0.548080604216482
1.82246036735832,0.38545819206576,1.20868601331486,1.07916212432664,0.632888901532805,-0.249279585022988,-0.365998728688888,-0.210107404889437,-0.15922184858584,0.202644188013271,0.53054923653765,0.838417775731748,-0.580112406279136,-0.483270109318743,-0.538942422844624,-1.28473426320586,1.24294386642099,1.33219470204215
2.22147211656348,2.2643611458598,1.58007507338824,-0.246041753915986,0.0520311461847019,1.57863791850395,1.84739824164888,0.985279004592089,1.70213448665633,2.38437686949892,1.46198091273386,1.8770949251346,1.57640509213099,1.76537290371322,0.689558424239185,0.270682194975173,0.685216902641,-0.486462381732684
-0.83197734428544,0.35836562976804,0.0428710951558627,0.136138020648495,-1.27876356488197,-0.0182478588150902,-0.554910327567869,-0.0064404467202239,-0.219628665471629,-0.577704010260896,0.215072593790659,-0.277023931560219,1.26913584440658,-1.51337847063868,-2.63232142970876,0.536040985235801,-1.24117194943715,1.52526841527612
0.110935142126346,0.150535227254949,-0.248452667398097,1.43304887806251,0.334405400676719,1.57074290418811,-1.55435859655661,-0.169716703671587,-0.938350473035562,0.175161675025102,0.618491312556313,1.13473958675916,1.0627070232573,1.08923626574155,0.614877836373557,0.202651903902211,-0.00451232496622489,0.867603015331883
0.154805724394808,0.34338507771014,-0.0291357626851652,2.04072697607535,-0.349064269619099,-0.561246090952576,-0.415899105529607,0.452333176999663,-1.0574603129979,-0.508070987968894,-1.24817004937254,-1.67634187725124,-2.09700335256831,-0.36326692592991,1.14927441594911,-0.373104081285632,0.729203945766858,-0.820283171057536
0.199111678032311,-0.668563412106211,-0.912285331184882,-0.225814893317183,-0.0435568972807999,-2.45621289739486,0.463845067207106,-0.254636335147435,-0.410504715567953,-0.410822246295834,-0.661984438551583,0.91421381767837,0.378354549143986,-1.39675389941072,-0.138960019871165,-1.05923512378089,0.38874477571594,1.6144526078707
-0.49777744018709,-0.223683603657431,-0.804784932510157,-1.45634915643402,-1.58422871257167,-1.69648208685911,-0.413345646079411,0.741240464661234,-0.671053861629635,-1.96866146650802,-1.79579227705061,-1.11659334089475,0.731876828358778,-2.16032735394602,-1.86606741221641,1.12920401795831,0.447001458449896,0.859615210720738
-1.15266279782761,-0.650110661213583,-0.596176699267863,-0.464292245491018,1.11547156866506,0.607250476961012,-0.721813829098153,-0.709819776702735,-0.462233649898299,-0.0314752938310514,-0.612734748541525,0.600013982598272,-1.71038076980409,0.088176741640603,1.29572884558374,-0.622858748637427,-0.0520247694740397,0.0102509784480218
-0.383671543014621,-1.38121814448121,-0.28999827215617,-0.142379843148742,-0.323650763383044,-1.53598385213084,-1.27151935352972,-0.369841261192241,-0.528748374693079,-0.914819302341076,-0.909037392130028,0.177039857239222,-0.841230298312256,-0.190891929372828,-0.047732820421446,0.0127331664832091,-0.364809451758489,-1.4834464599155
-0.71134018308389,-0.815551737232825,-0.80366235794011,-1.0835282259693,-0.663865400984666,-1.39144869194407,-0.464292578703308,-0.0164320774230826,0.329856973833051,-2.07577446146072,-0.7231350415142,-1.01057245019728,0.264923763439997,-1.18215137929047,-0.154079317743421,-0.00489215245548642,-1.02083742618658,-1.83097989288985
0.0140007306666775,-1.56254272410345,-0.990510758831617,0.590815006993628,0.639781357170256,-0.393573284508028,1.31904799435075,0.04715750876503,0.265028268469347,0.00460462481188858,0.185956747903049,0.552877840716122,-1.82695355219085,0.297844736336132,1.60855482852893,0.0799943365567731,0.207540015635127,1.22600089922133
1.21675972672694,0.0211598696350114,0.4100570754561,2.22865986652393,0.69265511494709,-0.133782658724015,2.04112359047353,-1.23099972380345,1.30958483251927,0.530500952467799,-0.132242131571532,0.21364560391954,0.0448209691596781,-0.354283168109789,0.799579552208935,0.728874642193596,0.195421856602236,-0.931638354228129
1.0623692952497,-0.132426279149607,1.09602716358944,-1.12163392348726,1.77875582767378,0.896023257586331,-0.959926268435295,-1.08602905591252,0.963249384238882,1.19605160685217,-0.931980928307118,-0.523412998869195,-0.0595440722841374,0.295832310307987,-0.495717814014801,1.11847607067436,-1.43809663982392,0.0391423603046241
0.995373358067513,0.263586695440667,0.0318241985647858,-1.15469594887456,-0.853625351762802,0.888534947239751,1.32225871758434,-0.999606444651717,-0.561776255321248,-0.866866388168435,0.386934903607956,-1.9943865867976,1.48062948430671,-0.272512646273142,-0.817168594721267,-0.317031108721728,0.160633578131189,0.532194579052626
-1.35101781281622,-0.829686867715814,-1.459276567362,-1.05880992281769,0.772500893844448,1.35907488454017,-0.475586199929283,-0.4145418877632,0.28825630307728,0.0546948579139484,-0.626432713499685,-0.0913444810414957,-1.27120795839775,-0.392923691047012,1.17438512152527,-0.275578984457949,1.11119960036252,-0.0598788504767406
-0.163487057519603,1.74228383632719,1.29089846508243,0.721756368111902,0.873943592730866,0.308881783200055,2.30572813624784,0.746013871696679,0.121116314068635,1.77325348648946,0.373225275991841,1.57108848094489,0.362489047732646,0.886691821155827,-1.38730792981794,0.592699628427796,0.958698267074259,-0.598624668747893
1.00490772666822,0.869401949061528,1.27332151239157,1.04622367507293,-0.631085683698216,0.953282499533427,0.259650732322092,-1.16877426072385,0.128440508197633,-0.203848780126938,-0.744041603797287,0.458088632731229,-0.776949867018498,0.104463505984888,-0.326692329700196,0.197309348712335,-0.966304020408723,-0.642049957360297
-0.127582301426052,1.30026658662644,1.53453239709099,0.0569475657417058,1.37842674180827,0.246144093499392,1.8378643459709,0.469602781506008,-0.405721711213739,0.582203629645557,1.34198974436394,2.01691600745633,0.313083660554242,2.30243756447629,0.545241173155109,-0.359155655901119,-0.189101705155107,0.738524570247687
-0.632677405263857,-0.871771397280399,-0.898075027028467,-0.0513120728308717,0.612487253829224,-0.0322618950412977,-2.40966399643304,0.794248462917769,-1.05029132060083,-1.42252044702475,0.536440029650102,-1.47397454670117,-0.206841765101614,-0.584160002644337,-0.507310952439291,0.8386874587513,0.290355364314754,0.088264353834679
-1.1427348942242,-0.34933147005241,0.143191502704282,-0.60477595957114,-3.31484775096154,-0.0955403797172006,0.0191929532517687,-2.02104174713849,-1.21413433138649,-1.98937869550635,-1.08536353836192,-0.580386598040079,0.421494167348068,-1.26068741369771,-1.35531492588235,-0.751630395685681,-1.32280559511675,-1.04525685658883
-2.0430044787391,-1.68999363703544,-0.668897305685473,0.0747149194766549,-0.405573364584472,-1.57997086479972,0.779017098175502,-2.12105451865523,-1.54702537790331,-0.721147694964486,-0.779591969739229,-2.02672229159568,-1.25366368866824,-0.571740340836105,-1.3325766437657,1.11386958290623,-0.539521387920818,-1.2174691926546
0.525737511323193,-0.886205851198934,-0.114055120804897,-1.54051050623439,-1.96397405114814,0.26272876396794,0.453135390715542,0.101347910833666,-0.452474012907909,-0.491939423870321,-0.544882978660133,-0.0316941304378408,0.964234548972701,-1.1903221720111,-0.357250345841909,-0.00102620016110736,-0.833489325859375,1.68160941718758
-0.95128733901819,-1.41677287128656,-0.938720854716896,0.154911519141895,-0.456260523957248,-0.378449284877938,-0.145344231899192,-1.71789361916594,-0.693603515205038,-1.8940109245419,-0.541960751288973,0.129792918301421,1.22950220186926,0.882364668595475,0.164962787398231,0.819337445282631,1.63773701108331,0.329384759423695
0.779539062686566,0.704045297623006,0.317453665078654,-1.30368560336479,-0.631996223694585,0.58078853268644,1.77546901512307,0.527711242472362,1.03910009689687,0.20032322527957,1.0071584460488,-0.476620561455414,-0.0413919462129405,0.112358250648139,0.126959911305701,0.840963795521987,1.44636216276509,1.53056537965259
-0.446000007380926,-0.042542426342484,0.312374356669626,0.694123435646948,1.35136592804571,0.0403483984741277,1.79221942966075,1.39028059423113,0.0469806957511332,0.248620422899439,0.0721082902722635,0.86030719108833,-1.28679514805113,0.477938020216989,0.674016758188366,-0.247886524131835,-1.13292911465921,1.68262777404715
-1.39740618996903,0.77253287543453,-1.73372313385913,-0.010120194904085,-0.76373424691351,-1.89663657510337,0.110796169239063,1.19947595028387,0.109946432741432,0.630419847471715,-0.324837875732186,0.46990424514004,-0.51698259435435,0.675538623192498,-0.658856725579046,0.504783875775657,-0.94335342812304,1.61443936479634
-1.26974939424167,-0.895334322576831,-0.58560901578924,0.488500843528311,0.246625226237971,-0.397776222489652,0.83203659367868,-0.363262249391923,0.440720892911019,-1.60171835980515,1.17821336671524,0.358794019912451,-0.307232334150848,-0.894792226911903,-0.104440844330675,-1.25285106944636,1.06532766895743,1.18278656941046
0.777750675599312,-0.44494795551361,-1.30207809214947,-0.965098270785,0.249023833182661,-0.513025007676669,-0.362132210557025,0.407380855183583,-0.126802841820189,1.04031991086636,-0.0287328096781177,0.334643749907757,-1.47231959884563,-0.444407827652644,1.34867986531983,0.237419910877936,0.316581897514278,-0.538084304141923
0.249160602250878,0.0107928272591513,-0.00169564517703239,1.23023535637295,-0.211958012653225,-0.819942125391554,1.18852979787744,0.2879721233629,0.11390480254714,0.604617952183927,1.10092415208909,-0.55928229884823,0.459688815684084,-1.45041383637285,-0.10878690505522,0.00307615782741,-1.31476375508673,-0.241585351233344
-0.759986341680227,-0.141726882471503,1.57266219957534,0.308808718356872,-0.14538985592754,1.05052154751904,-1.71368873018565,-0.718593083380051,0.412248096091258,1.22035208863728,0.011967625926316,-0.110360948940565,0.022605119126745,-0.425189577213482,0.192263984017467,0.242720527509602,1.05704657241028,0.24024689860472
-0.866130735631088,-0.55389687126051,1.17507390867896,-1.84027466146146,0.34818459954608,0.0575642788228668,-2.04652842493503,-0.431209840600244,-0.693994236205178,-1.16584567989382,-0.82934994387966,-1.22982088331104,-0.086788383402886,-1.35266746054384,0.151380391206439,0.341506471120118,-0.0637265243608645,0.71061004841918
0.820348690191711,-1.05374370804322,1.09862313670393,0.476182171871394,-1.27088316989925,-1.56627242264322,-0.0875131478021267,0.106518982909326,0.35054348683706,-0.976255602322671,-0.310418817611084,-1.20006894171541,1.12036097655017,-0.54294874705933,0.484133416356492,0.740740544412331,2.80407961901961,1.19771627997157
-1.12355922941876,0.641585415935065,0.455190482200237,-0.32473879169035,-1.14549931351159,0.514425579820074,-1.31278155073474,-0.0158236414292735,0.231230615046301,0.0446277481404489,-0.950674665867446,-0.502273174940299,0.874297101778696,-0.556130952809329,-0.895076950452499,0.0888571459053754,-1.40030243802768,0.15032116296656
0.486881013001164,1.70795540946847,2.16510528454579,0.650339214615192,0.251286123250036,-0.983196428341277,1.33919820802213,1.44182268998424,1.83593858986624,0.775636665464574,0.111079921938275,0.1707425247318,0.332018392483633,-0.216966931311089,0.927391007172104,-0.143254409819154,1.02429868525478,0.0954918278744657
1.91673426979961,1.88739013368891,2.20584495621966,1.04503381431479,-2.01189559222163,1.03332838337913,1.12049655224906,-0.298298439364017,2.35834957737921,0.993872767562239,1.87707140354899,0.115184305002036,1.72816381159132,0.49284915020803,1.20849370633421,1.35815743254302,0.972373961016729,3.08195145338031
-0.893486750889638,-1.75389978520648,-0.793950168861069,-0.896029344075546,0.209543744143033,1.05618440751552,-0.61776507922732,1.0337020351952,-0.00433718711693519,-1.64994993062045,1.26361635993535,0.172620281516359,-0.727470454828785,-1.00547715776752,-0.0203219636403262,0.0338629839626484,-0.969658862240089,-0.013277924491661
-0.055876343043373,0.659392077271648,0.565864843397312,0.275742483358519,0.648082445560534,1.15012600250506,0.813981711175201,0.760881107993925,0.458622429829052,-0.00388721853264559,0.701964332435724,0.0669494756576124,0.417500310076836,0.416637751043717,2.29003683075594,-0.612614695894581,-0.993498062636896,-0.0350250751965969
-0.682204578067232,-0.300028443524722,-0.929938976473243,-0.715791974238674,0.164495241573112,0.60600079589988,-1.11420304327338,-1.24222164761201,-1.76926803905626,-0.909212258944499,-1.530116498038,-1.28575745846545,0.729671581783679,0.275175952729246,0.25075887519263,0.439078019647926,1.02167974467721,-0.426868795490578
-0.453018802356749,-0.519872148475438,-0.259863378780659,-1.2263708777493,0.556544806555169,0.443191746754311,-0.725739964556822,-0.826564738503326,-0.090069734930378,-1.35384913961429,-0.57565255073818,0.98448081622427,-0.148678635073731,-1.34974772375505,-1.40130290296789,-1.45665374600885,1.09266650252873,-0.567624779725675
0.686592122828432,-0.000784685265002925,-1.14161960520601,-0.481063900637262,-1.0671330371576,-0.436969323333909,-0.149188145009652,-0.723090471768918,-0.29663540793693,0.37222983010097,-0.512495923887039,-1.93155670804208,-1.53193221430036,0.750071190001435,0.63198455351085,-0.729759905033501,1.70635543763856,-0.0397835584351082
0.28964754885405,0.801499656766303,2.48540143243262,0.581284508833423,-0.0465960406737865,1.59181800167905,0.977541398778438,0.590480235226089,2.25333645516464,2.19431560848367,0.250970656230535,-0.742558417402666,0.925013269467481,-0.206174363303112,-0.308041532437536,0.228015302617076,-0.91365197004189,0.741271114371502
1.28113271626154,1.76089356268488,2.10354231179088,-0.139905402249823,1.06963785779123,0.781391720848307,1.49581684944231,0.820999712167568,1.16211378037278,2.05454704354124,1.75985455038229,0.805356374102075,-1.3326415606644,0.481353013189051,1.83919973331527,0.649235447330849,1.07528395789867,1.11400436971157
-0.674553400584147,-1.76499070186004,-0.833998404864532,-0.241272330666183,2.40376681045438,1.06156812701144,0.676584619693334,-0.262637282826275,-0.0639545797932503,0.663296765704662,1.3128592939115,0.262536827920503,0.943985011255048,0.120535869829175,-1.15749142721915,0.819936942697752,0.875337797578026,0.614525410581468
-0.228302280051176,0.224244234654449,-1.2123064369775,0.118535961981557,1.79755660194485,-0.0706263030268876,1.51028027641908,0.264138208848167,-0.777403353825991,-0.731141975320561,-0.512005436410629,2.77837765039477,-0.0473005684567214,-0.140266952959846,1.50494142529844,-0.281345669999164,2.31818466834337,-0.337891539009833
0.312499141512551,-0.621020320969563,-0.277058793759706,-0.490232098710431,0.784347103252385,0.863478801410595,1.09324022493311,-0.151641795725008,0.939001858501919,-0.355439058981114,0.429989732817524,-1.23335186854704,0.446841848276472,-2.19040300508628,-0.818683417554131,0.523831893550402,0.0427270141103486,-1.77552721357964
0.668993525606452,1.21300365244252,-1.168651716824,-0.965159398543651,-0.293442703491037,0.296116078281033,0.662713615139851,0.0155060725131609,-0.0452269484094079,0.109485522814652,0.816662607181825,1.36107873752398,1.2232799231162,0.788070542161403,1.35885522820851,-1.11006727753853,-0.302177546414429,-0.950837178261862
-2.05580382554759,-0.499951788574454,-0.125774167245421,0.992019645792047,0.853940727909809,1.518217748696,-0.0534261633364075,0.118986132282992,0.609371840042469,-0.0680479523884441,2.45705568649925,1.15625107241268,-0.480703260793711,-1.59768898130257,0.35261823021706,1.22435539506075,-0.303107607267895,0.072002194847725
-0.90902027944102,0.927493399567852,-0.759358216186081,-0.0770263877183118,0.000842299066647297,-0.80633826838155,-1.03321758114496,0.591990656557033,-1.81615388755932,-0.53950291307225,-1.78246173329315,0.322577950676411,0.886890829355498,-0.594292384208606,0.1282018436694,1.42286481107779,-0.152958706020441,0.514488346292733
-0.882027190526004,-0.506700661019311,0.849951251874257,-0.501476625046969,-0.0940626411819872,0.842842058331132,0.35788463472142,-1.15979759710293,-1.1951190726233,-0.281925158436381,-0.264463045269138,-0.0504170282450758,-0.241515234503785,1.23107242632176,1.11716633351081,1.35726499292322,-0.114623978505485,-0.109190962260607
0.50343606771171,-0.206024217973045,-0.452351656059152,0.885195347785419,0.526857916605833,0.600858190204375,-0.0152080492432666,-1.66232693704258,-0.644163188440417,-2.16519123769428,-0.6438233881967,-0.38515161050109,-0.36801332322731,-0.780293622902316,0.758582912854232,0.279537959065889,-0.931587297308872,0.244953273772535
1.04512464210183,1.28638956701228,0.592114107833708,1.75809978285823,3.25298655693172,1.6844993832501,1.40107241721606,0.700435110901211,-0.257592709726764,0.652295956176601,1.000049148269,1.50616200605823,-0.182554077453684,1.32669423721651,2.10254504243045,0.554686103617743,0.628054648890567,0.374114983887485
0.877253322533533,-0.476780061727618,0.505937320131894,0.329295882037424,-1.25960864296192,-1.32841379954569,0.542586736428319,-0.0571595391387624,-1.14918834735845,0.552850691394258,0.12380610008961,0.513052755916982,-1.36708158992882,-0.107177481193471,-0.529022303811598,0.534614660400561,0.355704015657891,-0.233153658422603
-0.924957930587862,0.237085132674704,-0.936032583045433,-0.193771579434618,-0.248125007160906,-0.858137885270634,-1.49055834401245,-0.449921334565106,-0.651429132609196,-1.37843283343894,-1.52656066443921,-0.736341804229465,-0.954259206465866,-2.13946425302435,-0.777803110637037,0.348487580528951,0.0105511402150841,0.132947658216262
-0.27055722797168,0.616823232887581,0.101772888340108,0.554751223881604,-0.219435754411892,-0.00916253173238483,0.336184368796796,0.196361741565259,0.950195307666248,1.15981184643286,0.0544908735197346,0.147098492072734,-0.186467385255913,-0.91854686991694,-0.990457781539429,1.01420019393796,0.235476545929937,-2.4064764846517
-1.46087794628396,-0.0659057441080845,0.127488237121207,-0.670041194246725,-1.38000595395462,-0.555691368529214,-1.84397357421107,-1.68262898469934,-1.51559834266065,-0.865103982184372,-0.683978824673377,-0.850337746080423,-1.12006546907732,-0.951722893817438,0.373139655728568,-2.12990357091722,-0.418598036874748,-0.771504221497538
0.194797329090073,-0.31050949416043,0.80051709948544,-2.29300961969287,-0.668254489727138,0.302656434236314,-0.357261723355593,-0.54493625784625,0.278931294261039,0.690438848271138,0.601862222368188,-0.675642895841702,0.211686896622346,1.72077668460994,0.505531790608831,-0.712693877729122,1.13486244995454,-2.3656552038029
-1.16091765757973,-0.754069495468048,-0.984283396359753,1.40264887541,1.07970110625517,1.46566594416954,0.602230430964727,-1.16202887816681,-0.495528105695968,1.13367235395421,0.107340918236357,0.616767937539214,-0.481975391591602,0.255315033621331,0.0561023125127868,0.259181008998339,1.47271853541069,1.09183736948787
-0.203233167488636,-1.47103112186166,-0.5263444662086,1.14314166913082,0.191861833201801,0.28740736812231,-0.659983495464171,-1.61822967149875,1.21949365295459,0.670591697498949,-0.137842719478139,-0.184462897435921,-0.466831333650173,-1.31288194487449,0.320308131336483,-0.999383475777662,0.737046060004334,0.320731240514077
0.274791570978198,0.242767086642376,0.493533483573002,-1.18540952226979,0.671775866306999,1.38351763930445,0.806241553738457,0.440169415785393,-0.394356567353646,1.06362845905355,0.900001794879785,0.552017982720725,-0.0825486233346431,-0.330176662386445,0.379408820749377,-0.155058220119877,-0.244468960896419,0.0373335259825037
0.84185549378887,0.855543596112127,-0.454992116631027,0.346752963582979,-1.67414866668672,-0.411974901548235,-1.07934873368334,0.524277313649115,-0.00566268899813706,0.605378972346925,0.865439621140728,1.35279821482722,-0.685178088790983,0.04522223840843,0.309746866301206,-0.260281703659377,-0.155311495488629,-1.90633679173039
0.721908719775021,0.550223524043146,-0.0889014973045571,-1.61032038312557,-0.31891329040292,-0.713225374859141,0.580775934523623,0.601674571835108,-0.50194119659453,0.76761538972307,-0.121443961305286,-0.429807979406495,1.88847767012134,0.817098126057176,1.75877291505426,1.70739875261272,0.465183882266254,0.895327890266874
0.980851350539961,0.573395121413392,-0.290558522723778,-0.431975291884709,0.29769673543354,1.04147365718184,0.168570936118861,0.25775952661915,2.66040737425724,0.322066530692432,1.02829242794417,0.21721590964996,0.403269071178109,-0.359918031763338,0.568816970304046,0.210087610619537,0.221055560838095,-1.36275802482874
-1.84902655200663,-0.350148784503588,-1.01989219429869,0.305680819502193,0.870367661596499,-0.0463887801013817,-0.106564013259619,-0.12699483558533,-1.38403028696261,-2.2620372925427,-0.615281056256835,0.138747728869994,0.48742124573939,-0.0351655636345883,-2.35669419632946,-0.355404381939282,0.106286225463899,1.89543885731652
-0.672662575980828,0.79809710883987,-0.26096472431048,-1.43017048946097,-2.02295248617911,1.28032346720633,-0.958112915513035,0.55589627367242,-1.56075456162014,-0.326052781468195,0.0722376338377774,-1.11651462203771,-2.00803190780602,-1.12731736329514,0.170900251467119,-0.677461545089242,0.0527095258215723,-1.99798480586139
0.154714649255783,-0.198024631189619,-0.0314547855729693,-1.83116936077366,-0.553667720280153,-1.11107460045715,0.0830638546917637,-0.448968722707574,-0.0191947441294807,-0.422811048042027,-0.96972284623251,-1.88367944180377,-0.13750768679083,-1.48447455371083,-1.02887233803668,-0.265328190909439,0.378818322295578,-1.24628202011288
1.32503235889256,1.61132465335825,-0.374066266137435,-0.320512517688212,0.88985776268851,2.63917617997232,-0.0689222243808401,-0.147547307620054,1.24039818984958,0.883279099007027,1.25256701344379,1.60340422879638,0.466633759539846,2.02243935688375,1.98654948840972,0.252089233281642,1.67559712123559,0.189621603633351
0.00316558911403112,-1.13095775849683,1.21291669773828,0.412177150878786,0.796955642778323,-1.38067633557206,-0.790377075312576,-0.130126040955439,-0.860801026289302,0.743794919660446,-0.581294096329054,0.699440681057355,1.52954352502189,0.16589835252276,-1.31758065226459,0.0841503485098644,0.471519488964269,-0.27089692622223
-0.113405742952792,0.720684510687449,0.553231857616568,-0.612753151589821,-0.0164200963310924,0.79776938758006,-0.572633195981631,-0.155574422823514,1.91086950089882,-0.127593787845474,0.348062990481473,-1.73357968501457,-0.854844267524935,-0.783491816168625,-0.448498380426543,-0.476450863796106,-1.31655723665159,-0.719696000901558
-1.19382936133197,-1.43863321168417,-0.312457980288985,1.00650936917045,0.873674325419058,-0.279339307874579,-0.273364690267711,-2.13353489995241,0.0516713221101986,-0.584026359785623,-0.783100882560292,-1.39432115627097,1.47580642094929,-1.44245318404582,-2.20821549111632,-0.627954681160229,-0.29365841069032,-0.979758477976798
-0.0483680396487725,-0.403990624489388,-0.360925649497357,-0.661125412751648,0.030830579085884,0.0743353378510306,-0.487574583217882,-1.24775860381163,-0.697040534250393,-0.688337194396718,-0.851449255821612,0.611244834742092,0.170344455421766,0.991123873481492,0.670279510581243,-0.0236396608454695,-0.116744021600254,-0.362190318624474
-0.0796350438473375,0.563004927612738,0.283773252473664,-0.590915332805134,-1.19396214327518,-0.37253597043108,-0.180683430632448,0.207598647986367,0.516854451534175,-0.00938893442721059,0.42817456750121,0.566323134938265,-1.18213863365201,-0.148534164197295,0.551788337280493,0.00630750101387855,-0.684311287431506,0.195847182729968
1.93591040800103,1.06914771023552,1.00953558728988,1.27189378251544,-0.0551904338975142,0.269269986923971,1.97203044571207,1.3735765105102,-0.331855831296849,0.489002299141931,0.39899912856918,-0.480349876641308,-0.0574697149894653,0.284998502293946,-0.165124866760881,-0.345585268213129,1.34817206999207,-0.0413927725215409
0.550154674394158,-0.643067921901145,-0.768141424100045,0.0543310199777931,0.282372739550597,0.885561959426554,-0.479225321693011,-1.27684276562649,-0.693739667340009,-1.36474921503275,-0.180058821911104,-1.56647475008008,-0.551078427561051,-0.166753464582266,0.63794470232142,0.685765336751264,1.78206987980234,0.475270645358038
-0.863647824224942,-0.992712267865971,0.209647290482622,-0.342878343143247,-0.498272895670622,0.933345283363963,0.83024230612823,-0.300458415207414,0.24259174156927,-0.832796908941353,-1.90824693669856,-1.01793570618611,-0.397526760984471,1.09262178571584,-0.610840924794391,-1.68368516626203,-1.52604693136164,-0.187362182600325
-0.0522184353942478,2.08087182949671,1.29384186965429,0.770332106803486,0.151254492852214,-0.638797171386733,-0.645957693258576,0.281027185109558,-0.652412532735738,0.733929018235101,-0.974783134148096,-0.218597813566694,-0.231522523509711,-0.519075033276893,0.505968586255499,-0.314666642557952,3.02603666539465,-1.99798185649338
-0.831378438002973,0.069507742375787,-0.686825067145604,0.657463375526497,-0.275693949545151,-0.574486008185715,-0.396537507289297,-0.115217501118017,-0.843282131165141,-0.176763449535675,0.0107642809549622,-0.259275557316337,0.76896351556019,0.177141934910226,-1.5724389028466,-0.287058872534154,-0.345574789571583,-0.665323165052525
1.04871138367062,1.05494931282531,-0.602969460925727,0.17923295242601,-0.0493000268929235,-0.105291367761183,0.148074931490934,1.3070469652796,-0.510252215609245,0.790199633786842,0.401820560270131,0.78583837676873,-0.347378939703496,1.01542635756622,1.75508785021036,0.0679243915407811,1.55760390398776,1.22607744094381
0.327711959099251,-0.205014162826352,-0.0975149529220756,-0.643734646098792,-0.215949201552593,-0.0633757665417841,0.0965609892508293,0.635582658238516,-0.816883884482855,-0.0178666575194129,-0.957806414364183,0.281362846712381,-0.208681703803758,-0.502686977894623,0.841102758679716,-0.450847395366352,-1.28874411679451,-0.190712844047044
-0.0836170747679943,-0.215053913150979,0.522424775972848,-1.49554373420269,-0.993643583162422,-0.394052733192143,-0.122172689213717,0.384196531672697,-2.06205593892544,0.283586334794906,-0.804175057342482,-1.69572024408663,1.39066558556466,0.640071079838962,1.0498880779971,0.353374181996937,0.86421400865093,1.36052362974892
-0.205552382552355,-1.01903439895404,1.69335618616916,1.14470208528994,0.951737581566914,0.963040219718494,0.181787092903756,0.326182675309041,-1.21973761814505,-1.02499974852637,-1.48148735483646,-0.787787119382067,0.977566387914289,-1.8600688306001,0.385106671966309,0.126574329752916,-1.48215362091274,0.280902890182358
-0.573677605581515,-0.0987799048360173,0.609299528788943,-1.15514518294969,0.632898476058836,0.955277721755399,1.14352280125485,0.395579572008849,0.708591068971073,-0.264643292312868,0.641870231267338,1.91328967576325,0.0908177030470776,1.06917754433987,-0.0680350496375031,0.483803048251939,-0.484270135420524,-1.87572266807286
-0.364212795592893,0.656913566054682,-0.0476427663240102,1.90200714272251,2.35073831485271,0.0292937380378502,1.04775239684939,0.916780514047349,0.4148882979561,0.360663987895505,0.632153146500474,0.474138485920384,0.713597415191808,-1.1849594802094,-0.256290080749763,-0.101351673199871,-0.44194088034574,-0.937010259270211
0.48428990857413,0.473489075680427,0.64313939699881,-0.426211265232358,-0.953082894566124,-1.3800856584091,0.385765803485556,-0.466525748096583,0.175183681940579,0.180879097167226,-1.41045252916945,-0.260198552817241,-0.429017471179865,1.35508482220062,-0.377646259160569,0.23460609212202,0.584358906937887,-0.585063006472826
-0.0626514823926474,-0.3840564858684,-0.368176064296122,1.1551571128727,-0.574699904946971,-0.437527493034294,-0.277944890336892,0.650941913903373,-0.733330467514474,-1.89654404092521,-0.495658190171855,-0.306080279820126,1.26842323796837,-0.327743062085135,-0.515641183429386,-0.350770878027676,-0.408132274513138,-0.338796970073936
-1.7932189264608,-1.10753194908309,-0.589226497430603,0.636032286512715,0.614472693003184,-0.881540965855559,-0.55975549662417,0.655700914749405,-0.575427249022069,-0.84020459775892,-0.919566123073415,-0.264893936786173,-1.32886646954581,-0.759056539961729,0.562581994908717,0.503012747663559,-0.0502505767940945,-1.10591193533055
-1.30282995423789,-0.175125941815521,0.650350655276737,1.59386173577968,0.740192010127285,1.42470977324125,-1.09626949831235,-1.01075111869981,-1.31654930057097,-0.623747736700694,0.245349576246332,-0.788072386565573,-0.397684729909583,-1.93912485630974,-0.683338345354284,-2.12492499507625,-1.2698177264256,-1.26397144559419
1.17241707243224,0.885914542391676,0.413039231508696,-0.29042591974576,1.00169819808989,0.0685944710894644,-0.696610151677423,0.701806428849203,1.78631284854939,1.35074854136045,1.06552640185542,0.689684619997568,-0.784957865744207,0.979518552565038,0.701071036094573,1.10044182198536,0.281351419291184,1.6960456266957
-0.415270772112919,0.584704773529599,-0.0844353906584548,-0.25672066537913,-0.86792479745847,-0.0802740906659747,-1.50741903622234,1.07774398606816,-1.56839425909191,-0.0634046550453171,-0.592942899430774,-0.353341154633325,-0.398857275833545,-1.4974316546053,-2.24223336012781,-0.628123520166253,0.516053125575509,-0.577670174531749
-0.223127061014549,0.115152594441753,2.24579650331047,0.581402580399587,0.376043140143339,0.509067342316188,0.68536516545504,-1.24885634813754,0.998224562359301,0.948021734572032,-0.611628705713698,-0.122858839392482,-0.290578810625753,-1.05512296649357,-0.527527621113341,0.0845875497577881,0.913570212323611,-0.463647317397892
-0.857069700843737,-0.480776387151747,0.0809689057716754,0.885852335189181,0.0700448488696902,-0.0270975195027651,0.062676447869715,-2.46147410341457,0.191764685166569,-0.515928008372534,0.153526248769344,-0.580226572482833,0.402553558573222,0.595081887174805,0.741452957721882,-1.76119892185342,0.0339861762818428,-1.60058695672781
0.971115483567864,3.29412347253371,1.31345559589206,-0.0127450486237561,0.356685048137963,0.73781141785387,2.34823055116603,1.13831044606209,0.737435641037563,1.2725685609171,1.56055945973269,0.854233964480866,-0.29323790141378,-0.563725468074817,0.550333253124316,0.651808448823103,0.437230327127342,0.177079379212606
0.405764887209786,-0.0196227763578995,-0.394202977517508,-0.101476102712519,-0.539441050353109,0.148448586491384,1.25789478305372,2.10746007427061,-0.323107191985646,1.52399489161954,0.792852494265021,-0.461061034242002,1.09390282590783,0.58195737318563,0.408830780780166,-0.868723444945115,-0.404781640552072,1.11858758810648
-0.630157449089869,-0.689097730553786,-2.01158127306834,-1.85282745814091,-1.10998009409059,-1.83948027260526,-0.116665095461666,-1.35427099736236,-1.2161291779368,-0.765397272308489,-2.31815720021418,-1.92283939156548,-0.851067973689531,-1.05054464200235,-0.516852403829669,-0.991712637553929,-1.40608784243907,-1.01306583011952
0.0828169239802555,-0.373639958442225,0.0608842927289129,0.499167023492886,-0.396007885407978,-0.151070805147648,-0.0425485860682134,-1.11629784170466,-0.451970906805355,0.144260335807522,0.535868004873179,-0.362435255957549,0.21280975013281,1.73173805521869,0.347674133951129,0.695724735987685,1.37666755301169,0.915972214613378
1.74143993099895,0.667775042362185,-0.249215683885749,0.0599966099789055,-1.00269391795689,-1.39016592848713,0.177718580175959,0.169842806091853,1.07794266808906,-0.671886448052302,1.30413735919613,-1.32549027434898,-0.260003823218636,-1.64411908910003,-0.232099864562213,0.448141848823441,-0.323390184133707,0.269860447722385
-0.419777837878247,0.428306413565959,-0.358211133542215,-1.32754147803719,-0.305323429221847,0.771261998959387,-0.514048124009216,-0.0229648313264864,-0.84522295396513,0.189647931007293,-0.407227891656023,0.311864989206151,1.24413947631273,-0.0904409075084591,-0.139633305567464,-0.0356386989593526,0.183865069547373,-1.3498398074987
0.207030742020079,0.727044546100627,0.87516476322927,-1.62802970685304,-0.707998292115028,-0.0694155412078475,0.955413757894529,-0.478680885944638,0.13943048425783,-0.131564447696782,0.383058033650461,0.0485003759849837,0.513002902781242,-1.93191117228326,-0.654941112198323,-0.10644519801204,-0.573083187148674,1.34364389602929
1.48052018410386,0.859343164582233,2.06136583806857,0.722498260717541,-1.05728072667326,-2.41300829022056,-0.171937342871049,0.397715239064703,0.878267966321427,-0.433323030580349,-0.334732457300624,0.051365097289572,-0.0835488697764113,2.01890401207321,1.37211045139408,1.26616859058853,0.563888403847499,1.58574839260892
-0.650058295469389,-1.39802336164368,-0.432429520634771,0.684798785243112,-0.953834917057754,0.267801022131864,-1.60857257567367,-0.520544630108656,-0.597184346448458,-1.0572950249624,0.162863792411565,-2.20292836350847,0.12449232499972,1.29403013925713,-0.0734476516580696,-0.610075620860816,0.461313911842887,0.99762663279154
0.876575628299401,-0.671903107198975,-0.128457159756198,1.1665570261902,-0.273128290608979,-1.01341919496387,0.111018701363971,0.512582291429196,0.183772761461437,-0.281880189624944,-1.40602297760069,-1.19937886158185,-1.21950870439919,-0.325978516250586,-0.50426290393137,-0.555010209330425,-0.0594118882480493,0.707826486619592
2.21276191190845,-1.35901103038741,0.109612257880436,0.000275696548765513,-1.839027097944,-0.68158247922162,0.873880191626706,-0.371106839777845,-0.380515466167773,-0.84663077164478,0.113955989771273,-1.19156992877096,0.940129308150031,0.401401562724596,-1.63895752919751,-2.02775776824737,-1.86363666731989,-1.26053724681874
-1.55981399531097,0.326887151178431,-2.06261434096905,-1.45209911376362,0.296388751637868,0.875447932633936,0.152819563693559,0.4288875448597,-0.0643073238493367,-0.952435537413029,-1.85907366222085,-0.0183587867908139,-0.571586166670795,0.529118683551938,1.46422196331542,1.62382674056466,-0.890091478821149,2.49499651163049
0.167861674328534,0.149865852190685,-0.444493332695761,1.23816317847761,0.0329853308695506,-0.269588830014782,0.0858405090899439,-0.111654633585091,-0.467311539045829,0.2386941280414,-1.23141054324128,0.0381289356307408,1.326729567088,0.296467688473041,-0.360516874713394,-1.44308428346202,1.09905224210115,-2.81370567785864
1.13815941197453,1.40706702593429,1.07892995885275,1.52011387157448,0.972859286892782,0.0744367109959527,1.45958067430743,2.66743579089309,1.24016249069792,1.09247185011177,1.77657903106233,2.12467284776912,0.116650362412627,-1.18294454012921,-0.343556396688399,1.97132734713299,-1.50621141773212,0.210008771900975
0.0169037895088593,0.699745973105294,0.55418979864965,0.00423234185731373,0.588900588737519,-1.01257171576437,-0.162557691658059,-1.58756737323174,0.720009336628541,-0.515894335301838,-0.108378879629866,-1.30783627858263,-0.548587676133381,-0.407955944855729,0.732446160161824,-0.0103651523055512,-0.274320988220945,0.298220967212502
1.29820847820918,0.268951512793755,0.00536868293060927,0.291723933385494,-0.835796456800299,-1.32263725396339,-0.433132204383671,-0.387828385265964,-0.882747832291223,-0.38528660786429,-0.148179847483503,-0.294429034884102,0.116145281924547,-1.11127545389009,-0.981132571988519,-0.375488395609094,0.278406195200151,0.136582820098331
-1.52537381754878,-0.7439583066752,-0.482571271008211,-1.11341623741612,-1.50497836967341,-0.641382931873845,-0.841349604402569,-0.690571749247588,1.59085546410552,-1.50007855987473,1.14541058245757,0.227512567024961,-1.03934442022186,1.46206521373075,-0.289164333318016,-0.598285032437501,-1.23103308741148,-0.876715458616109
0.320174380503366,-0.5651482142393,0.412924093446486,0.652643005540793,0.8587354192201,-0.361414343187492,0.157714376954161,-0.0683249312921674,0.0118362259406388,0.103533923443989,0.720045317817705,-1.25929203810029,-0.869941715868829,-1.283724290565,0.271209801400869,0.257974284648067,1.17042652117559,-0.617341492833649
-2.11145261599165,0.45394044715714,-0.762907941897783,-0.419477021365366,0.448726552510774,0.000554041699751935,-0.117746917135845,-0.616190119279664,0.173552710692818,-0.369115603165745,0.40884206180747,0.905728909874956,1.16148151808481,0.636286379453267,1.19087251525023,1.71177577547327,1.58083871209645,0.160024142651234
-0.153527401917469,-1.76875537325316,-0.28180850886852,0.561146029018602,-1.39600823855266,-1.54294637087678,-1.59014467785946,1.00239431423572,-2.15961306512892,-1.76094047878497,-2.03193532911119,-0.732610233693702,-1.03515887911827,-1.65571266272674,-1.03217402889709,-2.17442393021882,-1.1211986418811,0.0934834055234235
-1.23955262029198,-0.113727743091401,-0.68948380319999,-0.948730800648939,0.129852772109748,-0.697602774731016,0.0276396108703403,-0.516022246856139,-0.159723406898346,-0.744414295086179,-0.276944500569634,-0.225030694684099,0.422117706657968,-0.42064551777677,-0.774202573950612,1.51754662106454,1.74081773684992,-0.260729513105296
-0.0643328285717212,0.328071847064509,-0.0501034006404347,0.946551694999332,1.01432277168721,1.78658593366093,0.702821798926105,0.635751132291685,-0.0536701765207472,0.477638842680305,0.257106452215164,-0.484801837627293,0.32214042573999,0.81555961165701,0.304991042779881,1.40462348076832,1.59160060910477,1.59527434823961
1.7315517638664,0.260163535265315,1.7464482102323,1.25609525450581,-0.116325485919761,1.37116322420942,-0.47858042664166,-1.65829525330944,0.580156971542166,1.53297668257599,0.49835470764125,0.828359066475577,0.230617210526005,-0.034443302797419,-0.231836006637756,0.861233213006442,0.880950894149862,-0.324329254156988
2.08979147792917,1.45867946301503,1.20751687226839,1.08455390738509,2.2263171751307,0.603393546183963,1.03483192074372,0.589520723971477,1.09617294429891,0.782619952627554,0.2972408584956,0.604827104352595,-0.102840432968211,1.10920901749384,-0.421615183039561,0.46816568230912,0.854457620552311,-0.326920451603332
0.458245093678429,1.04145103559107,0.120299184832003,-0.615607973363349,-0.00385883949871879,0.89368246225493,1.8671485661924,-0.159674932898446,0.940593605070524,1.01265728093725,0.708565339536328,0.588159663718031,-0.0931700335630435,0.525431778341052,0.814710285949756,-0.0560866384386488,-0.33352691895282,0.884156698405285
0.531607593825728,1.77172196203927,1.07683981287244,-0.652641594690726,0.1243305568685,1.0137794523592,0.665701817682462,1.26396528200069,0.32876357884669,-0.249097750622555,0.791931755995697,-0.373852428451069,-0.409633908808228,-1.71095740872787,-1.44423948507039,-0.866551034924791,-0.222463663894105,-2.31230419897362
-0.247149908099487,1.0122864587998,-0.0177372877721937,-0.765471745912615,0.228581982813395,-0.119233377373097,1.39730096620734,-0.509715550117151,0.30571334774727,-0.313986606507683,0.0233102214684919,-0.329012003041493,0.737227734417396,-0.805069560894524,-1.52060735140721,-0.315082258805718,-1.82837475970243,-0.426410087181961
-0.616478998860609,-3.35409901725708,-0.904846348026963,-0.520394164059048,-0.887424074673192,-1.50331257028822,-1.37494404507734,-0.423395819078041,-1.39497632574354,-0.872476007901679,-0.49876212570391,-0.422413514549591,0.786992870180839,-0.953450253917204,0.957963318494128,-0.366145806713292,-1.45425714013219,-0.950003666523392
1.40024562507919,0.686116766139802,1.29457350868376,1.86600391607552,1.29799691146378,1.94481744901889,0.555279018436986,0.270351981871094,-0.294064643211134,1.77569216622875,-1.19297009565427,1.09048350705199,-1.58567136900234,-1.02146496082063,-0.00372209202224013,-2.07876685030993,-0.879145939629523,-1.42014383756356
-2.20364517694569,-1.34353653457002,-1.63377795074025,-1.29097284913384,-1.78383276063603,-2.13414623777528,-0.984549436796218,-0.989289563250995,-1.29036805110725,-0.98186658719097,-1.43011703328316,-1.16823789976836,0.342475428377711,-1.57791599985027,-0.703013192697179,-0.14818488151005,-0.573603295600309,-0.333218780767448
-1.47966794221074,-0.605012085520966,0.188589530154136,-1.1889449249109,0.992196481139449,0.357211617064176,-1.34491289815998,0.199547563997813,0.343959858482149,-0.218421382538401,0.00523944254771399,-1.38471652249656,-1.41893486087191,0.453344050181962,-1.02230931128012,0.758823147958045,0.97852115495696,0.594899272256832
-0.272132660543438,0.580292287723953,0.721570312493647,0.0626249474983583,1.43685329599244,0.673242279312719,-0.495549319069191,0.0201788492346394,0.626682575866186,1.05913661439333,0.204701109427809,0.231926394104198,1.2873620719178,0.483116615480489,-1.10237485656093,-0.227483313696618,0.202640372263612,-1.0898236259802
0.37980485160504,1.10132292532287,-0.526164900981633,1.04347648193277,-1.0272324315272,-0.386882963461483,1.92768980576071,-0.0462901393133325,1.44334386784843,0.0489669797614173,-1.17295183750033,-0.988380829421269,-1.00866476589483,0.636211699217896,1.92296600693598,-0.0440911271045241,1.3075756435348,2.48517454157607
-1.43006378469215,0.147248312827462,0.194891588502885,-0.95859592155392,-0.862135511262483,0.0574365378888343,-1.71378193483082,1.27545607473225,-0.987878933161913,-1.02167925268179,-0.129354483880369,-1.40066933296842,-1.77960792429361,0.00437103526850899,0.502798100653237,2.14755438314022,-0.11347207148667,0.485625605302108
1.99465164006969,0.379314855415252,1.27116925424536,0.438626729145876,0.326566764255977,0.408715522181545,0.553658343285327,0.890248330458345,1.38512198244802,-0.429918246649287,1.80628052402849,1.58499923916425,0.632542221989583,1.52102705141702,1.43672656865128,-0.287971916269238,1.38363724046187,-0.993561333783427
-0.653779578549261,-1.82990719649679,-0.921357640961474,-0.512009995345552,-0.966530936117071,-1.77287205277698,0.260967945147794,-1.11898094195528,-1.9274391232296,-0.469207929054482,-2.33451690361738,-1.11837207946856,-0.829244938449646,0.779616896943707,1.3726772302297,0.592764434432581,-0.859850996005502,0.744032482501217
-0.0153201277283469,1.0492173851089,0.602469545107415,-0.515944025233553,1.1088699971547,1.69622648570687,0.502883944385747,0.650054340564897,-0.334856447567806,0.838974175157049,1.72427028650644,-0.512219178128973,0.590299553511918,-0.159081603671711,-0.56098870003808,1.81649326100519,1.15145117220728,0.573452306984336
-0.275694125268844,0.70438302513094,0.108986401066022,0.182058091731992,-1.30837080121865,-1.66180606279779,-1.7409393250721,-0.279650266022755,-0.373734216508816,-0.801838448382915,-1.05866119864908,0.134201010065738,-0.982293536356221,-0.284440049087123,0.857951189674764,1.19614426854157,-0.678820449416081,-0.983273634693893
1.59606614572297,1.35119901485753,1.5857503875293,-0.681233525207588,-0.607404942536908,-0.0225640758886235,1.67969694523905,-0.293243425142503,0.828220330823841,0.111560987144686,0.843413813116724,0.478486096173418,-0.426302772212133,1.29020675098755,1.23313988620712,0.478443625471057,-0.508205606951674,0.519651202071569
-0.866400529358494,1.14678651075245,-0.102717360262286,-0.892667581930688,2.13207682517391,-0.245080190701613,0.267701425406156,-1.02898181750997,-2.33529671919375,0.81501482213622,0.160585471986591,0.947891891851689,0.884461892918799,1.2662454831471,0.623087152428653,0.237701416395817,0.018555685548528,-0.626444234092341
0.119252088594434,0.103288417763987,0.959470553288751,1.10887796725368,-0.888895763306358,-0.0420119961157809,0.191086016516189,0.375916794526026,0.24141155538513,-0.380867493343026,-0.850598947995739,-0.721912641822699,-0.341043829022905,0.797958078007654,0.314494366059845,-0.511991008413114,0.685411830387686,-0.454502720297885
-1.59876425372056,-0.801446273036651,-0.10139817101332,-0.468061013769814,-1.12082273687301,0.236103551269305,-1.26074959490108,0.357060907912133,-0.679800760891613,-1.7686853191544,-0.771330118737765,-1.24482478018751,1.88984915162373,-0.700868197549536,-2.52605016350191,-1.15223985291907,-0.86903985379802,-0.199811033049948
0.661662666309182,0.377801859554819,-0.0992924622723541,0.195137123070358,1.06584095395416,-0.704143307417591,1.90729386720556,0.393022875674979,-0.696283767146692,0.890949953415996,0.688963914916735,1.53592815635895,0.297043359952725,1.29950413056307,1.2255294500057,1.04867614353006,0.444850813764526,0.704966013998734
1.24012523629009,-0.458866971178839,0.627673223587609,-0.953834289203784,1.048438500348,-0.459787931131947,-0.493625169612209,0.219593588911593,-1.35619883035026,0.148695005381709,-0.332948773948457,-0.819130201319547,0.27272527628853,-0.195822460317612,-0.330090926446718,0.510337830430765,0.401454856914055,-0.277779878046715
0.29713087657513,-0.704900813207703,-0.821164784742733,0.469592573683671,0.458524111111872,-0.100858340487703,-0.308913407871745,-0.435830185351728,-1.96170202766827,-1.4843623856769,-0.607769248470998,-0.898472485286335,-0.872041908155069,-0.41978356413937,0.316775860665578,-1.07458148642092,-1.59221106937317,0.686208381003611
0.664293930944288,-2.87331390289408,-0.948413603702976,-0.516513315503297,1.04224512372139,-0.139066704756009,0.208247153999509,-1.64175196569333,1.17376317322647,-0.774928252396468,0.108600214020975,-0.703933788792963,0.185079583630507,1.5083460116695,-0.535304743049911,-0.171052307031324,1.06206800557599,0.00210261071316858
0.0886598036723854,1.0608331626006,0.577099620679359,-0.399774557415469,-0.734729238318656,-0.0586176305158882,0.203391571466648,-0.0638364275599448,0.167815843491752,0.215916675829871,0.234153491814433,1.24923139669695,1.07223169953654,0.484452112239591,0.866262682210764,1.33611809009617,0.0204464644072855,2.46391914543495
-0.653528229242891,0.336478106627554,-0.655794338404438,-0.358123207289248,2.26235920728223,0.621152193644553,0.215529417092133,0.0913354018413931,-0.235245140834973,-0.979540941639789,0.870298593563028,-0.0448216419501806,0.969035209603281,-2.01491982561816,0.0656241770148224,-0.912964156182011,0.169459604509441,0.104485393668909
1.46015454719735,1.12755339130649,1.31098812390872,1.1815541081066,0.14935271257001,-1.77000387230954,0.239284061568655,-1.60620124340853,1.32082332740377,-1.24319580938644,1.64028915254357,-0.119854464867132,-0.882778701214887,0.81771095552411,1.59757929457803,3.387609596309,2.08837407631169,2.1536908412338
-0.148660135284152,0.907705797720206,0.750265380480797,0.508181205121642,1.73091992483621,2.16838586726054,1.23205565742283,-0.020749627201403,-0.808319155522707,1.9681854115205,0.99526316026768,1.18264600144746,-1.07060117978198,-0.700035107526409,-0.60316339304946,-1.0306728869883,-2.34681315156169,-0.857834356257424
-0.398513030523224,-0.388985765270464,-0.0804896939993095,0.996121435794136,-1.63507880416139,-1.7091994072441,-0.20968492742303,0.28425687690117,-1.68169154764695,-1.40389030657245,-1.22584734987364,-2.54932594483673,-0.115464096592123,-1.17873582716789,-1.06371911805138,-1.45269321096239,0.320278152671737,-0.722453066071495
0.749338580978651,0.307053382851007,0.677794274969455,-0.393977158350701,-0.926862603200571,-0.645782387013067,-1.67299119208468,-1.37649153779163,-2.03701706366129,-0.41199421472814,0.989383204007944,-0.790380967085683,0.465793916084635,0.300241105692726,-1.04876102370955,-0.0124590609339237,-0.506472297097302,0.101457314530291
0.0479546510204804,-0.124542584690771,0.552419173664108,0.692784936733851,-1.49519383230396,0.164961544797459,-0.0785198146167482,-0.0622668413809809,-0.279140495290582,-0.0396751179651958,-0.377849494675282,-0.875434952319957,-1.23825096986475,0.39831009646248,1.30561007606811,-0.131867200796724,-1.15717730605782,2.20726991341679
-0.542585906267005,1.78895648549473,-0.660582260571338,-2.23401252286253,-0.0994816773639868,1.16644396499716,-0.311484244222471,-1.12441883533158,-1.73829328679919,-1.12267216774076,0.314700224294076,1.03635816787522,-1.54759967433776,-0.904304841544467,0.590833098967937,-1.57897643475465,-0.812933681366013,-1.07756904567924
-0.0645237681808672,-1.02502000741594,0.442425292816283,0.751203616976142,-0.830846768719343,-0.430687815403619,0.557444414793078,1.55761357356736,-0.325456971257793,-0.175857477215523,-0.714197924774994,-0.504865521441131,-0.124432807828836,-0.020987549143732,-1.85466253722185,-0.973033333550835,0.700093363115532,0.850335047057829
-0.191591896995371,1.43146223965491,-0.907350861771414,1.24618931906075,4.11487571433141,0.662176506856038,-0.789779956670817,-0.791682686562884,0.119233803406903,1.29235532809895,1.24918415876727,1.00106143510519,-0.155949088587243,0.419818250351201,-0.707361232300071,-0.724282843790054,-0.3848696701598,1.47558889037247
0.988106134842798,1.32980912644087,1.27698904813759,-0.976463747320002,-0.841859798639433,0.748558953661717,-0.81780943226495,-0.259244359952364,0.103034007163681,-0.660936251093061,0.593957617744294,0.57266982396989,0.548990373046208,2.34323461304455,1.28390320926559,0.293571018591613,1.75143123910993,1.83823546250552
0.50854692629271,1.35820682931405,1.67997060425088,0.572837876507437,0.79629624701935,-0.00717258527272825,-0.118326742812014,0.688437429009216,1.28732048155349,0.0474447630579658,0.928436265858666,1.25452744987809,-1.42011477045269,0.708621093216357,0.0424118491049133,1.18201863390146,0.810581705741058,3.01059359202532
-1.04328276686939,-2.05493044146652,-0.196448532051408,0.999804791838964,0.310185547150163,-1.23262757467796,-0.45732053392081,-0.731157948002298,0.127850281841095,-1.7850055083788,-1.04570883963138,0.0166223650210058,-0.346138834335145,0.799135048529785,-0.561854135821264,-0.158349501412118,0.485366623630758,-0.223678019985766
0.570674202642064,-0.705286034964223,0.926579969472132,0.40066089965187,0.328014940078488,0.0342874346852598,-0.512843523884156,0.23548069797969,-0.0170918478950693,1.07333547945313,0.230327577979997,0.357102614632034,-0.584923354650056,0.45562035683647,0.559810749562909,-0.714169267968964,1.8798742374754,1.374026853574
-1.29715592661988,-0.0476183675173901,-0.0742714126606683,-1.67582309499787,-0.649620961012738,0.210712199432055,1.23162312422497,0.300272449056897,-0.193492505006915,-0.988699621775335,0.0908046857617322,-1.09172735200116,0.209152746096813,-0.84485023289823,0.423640509303924,0.811716395056632,1.32671213404939,0.0365177563955051
-0.722309697532987,-1.21771987974481,0.532838968419855,-0.162886367157853,-0.423536592118884,0.30059899072924,0.0335911962866023,0.13695990924062,0.00867847440740197,-0.0930032010891805,-0.172027703901679,-0.516805353755984,-0.589497163490918,0.368940578679251,-0.0975677307548614,-1.61598122060562,-0.0928028292503482,0.00760221712665804
1.13505535299921,-0.615941479277553,0.861146622336718,-0.639007959537714,1.77681880181974,1.34512717015111,1.07380573180689,0.520139179144736,0.908745014984114,0.576263376772406,0.479982312182944,0.557955004035358,0.412374020129897,0.0504799888364199,0.481659819964599,0.472364086667912,-0.766193594972056,0.575473100798101
0.0855907270236145,-0.667433375290889,1.09052293282041,-1.02906120531357,-1.50147762142385,-0.78283398995586,0.102005238275446,-0.126711935273236,-0.455888626882896,-1.50243341897983,-0.310311447736655,-1.47587070464562,-0.895003604354383,-0.899965750408183,-1.32737136904203,0.285269652363264,-0.776707417114269,-1.65141800141961
0.384337566605485,0.993552474846585,0.0809110805549856,-0.968038486571618,0.896519525942456,1.17683796130575,0.636912675384844,0.352452307363454,2.15203296490851,0.331087994175078,1.48133575749263,0.267613428101318,0.557526326569674,0.518964077860572,0.433018310207718,0.246937855102447,-0.301697234348104,0.67682260632949
1.45645319806362,1.17572726619586,1.50873319050758,-0.109618349475513,0.749852840714582,1.71752427618589,-0.0804217778908309,0.360671087113964,1.51674629173214,0.95462801461772,0.536262161806928,0.180216910033609,-1.50528053644342,-0.102198655752021,0.858216240511061,1.55326851622663,0.725282682743691,0.143209114140648
-0.781339542187768,-0.216390339766038,-0.683057582247975,1.09962910352765,0.474882468091488,-0.315386773685392,0.289624571974539,0.250378552456803,-0.139513919617675,1.03320750560292,-0.165793950044428,-0.714275358875241,0.973228386446838,-0.353973087911212,-0.603895173016303,-0.734184527240037,-0.877013185592416,0.203625886667268
0.705172510671077,0.803263952227541,1.04575533873331,0.73751353314131,1.56287822285462,-0.890661009982426,-0.00630682132018916,-0.442530852236011,-0.242787820729713,-1.36600987546255,0.246218463730814,0.375690224452737,-0.40156950578695,-1.31106893749981,-0.791074586919618,-1.53281478855309,-0.431956206397772,-1.05589873939834
0.414758527824671,0.21904507324903,-0.69276088055427,-0.130872661128726,-1.2408907153331,-0.427421191508772,1.20224732623665,-0.425855057416629,0.742620255965273,-0.323313573878443,0.304798155720298,-0.923405014285309,0.188091539020378,0.929200570513337,-0.823483251561996,-0.216635695677471,-0.400284964918202,1.3123969434271
0.914545116109787,0.385576528102572,0.525574001175063,-0.86070530090352,0.77981625317781,0.341333883888518,2.510930417219,-1.4523190713237,0.486413082118481,1.54925558662822,1.42441866317357,1.6565979070624,-0.716834530379257,1.52755064731907,2.2033338989849,2.80346408616757,1.81421408867441,-1.21845806546141
0.17967432828038,-1.84712692975287,-0.880071733076538,2.28249680538471,1.81668858270184,1.01240167644951,0.694944991690882,0.524499775981834,0.364643453317508,2.15970045356016,0.676776497168331,0.643760082394744,0.0592058079071651,0.439761498458706,0.0531339218646332,-1.07549214530897,-1.05393261379255,-0.565584630195131
2.0743333437516,1.73747925517819,2.08013703405375,-1.04835960030639,1.04111120043143,1.03244572771347,0.648479573743057,0.90693481753952,1.70845133194354,2.50855675186241,0.665939872512332,1.44302168974551,0.910318540636804,1.42907079243957,1.3482832504834,-0.606622049194561,0.901119612146412,0.0502707332050549
-0.621602033272778,-0.484535716075745,0.735613502906404,1.38375752257792,-0.326680445207953,-0.184896712246037,0.197507445668189,-1.04882477881845,0.852008821997374,-1.41734615935988,-0.659174820251714,-1.12071484013703,-0.395929629559529,-0.724191520819624,-0.0544400744002604,-0.909328997185615,0.150779901207288,-0.241237774543934
-1.56943738186832,-0.448763303555472,-1.20306440611236,-0.495550193606512,0.85093092784529,0.983115230754126,-0.964991979202707,1.83453370756585,-0.536677340287151,0.373235321228899,0.51118182519518,0.438427404284761,0.0294773095130839,1.33156488943446,0.726827065184709,-1.7672432365286,-0.425130620008756,0.804050345511335
-0.440859122890994,-2.29973835795785,-1.07843573958598,0.455234804755593,-1.61677423960402,-0.676881948499072,-0.320391803412927,0.347166345311232,-0.115507257683187,-2.30370808614706,-0.395368395229473,-2.91522574182016,0.108887675807609,0.292812121840899,-0.555742731288946,0.695845454588644,-0.775873892382855,-0.462752197448181
0.487201641502887,0.06813312562858,-0.730609984019166,-0.411013816001471,-1.1616069433387,0.0323251309012779,0.282265873027115,2.55423153000639,-0.811970516302033,-0.516954520074072,0.301638947704998,-0.411339331777984,-0.837880055326734,-0.760983661877925,-1.09538404175117,0.637867184967681,-0.487254074899855,-0.662495110431858
