"y1","y2","y3","y4","y5","y6","y7","y8","y9","y10","y11","y12","y13","y14","y15","y16","y17","y18"
-1.29727202761827,-1.22923986750635,-0.94128344369656,2.21890763982246,-0.204445054821911,-2.05411584411463,0.0141575621107299,-0.11955694059608,-0.0555543065566344,-0.79807351929767,-1.17194195593034,0.877736501787749,0.724413955163726,0.174407331789888,0.614535647128663,0.0855285050571243,-0.987576131502028,1.98228175250843
1.36300634184019,0.267259326197616,-0.225134350823541,-1.16732592509985,0.600488103189495,-0.140854934641132,-1.16161816619483,1.34716356791049,-0.0435098800171227,0.302615667980193,-1.16234611756409,-0.553829546549485,0.908981511660185,-0.873316602893216,-1.62302163089738,0.945690158514446,-0.170466115891239,1.41085740662904
-1.64302862312391,-0.463141569658774,0.322042919127048,-0.77470426615638,-1.12978273928303,0.422513674281911,-0.154658472952935,-0.0832718292511499,-0.517077508527573,-0.641961647597227,-0.558492058667025,-1.02041546109245,-1.77905293205893,0.180184366215446,-0.84222471429843,-0.0877710838609094,1.05520780138477,0.191483547298027
1.47850553873807,1.19582003121349,-0.0556905453662967,-0.523516618022197,-0.998552909526599,-1.24295432720236,1.32282864140172,-1.07337290414535,0.341473846980656,0.967824098204495,0.0717618969815248,1.49114134776204,-1.13491423856225,1.04953205896322,0.494053916011843,0.982364765008229,0.81191989697435,0.000998660162763877
-0.876854562346226,-1.96651969118196,-1.21299171687037,0.0615706829455791,-0.62632044427781,0.887921462808912,-1.11297102936074,-1.70821440699891,0.0777400725046809,0.400073289936675,-1.52832159633246,-0.692485590067146,0.798143847206236,1.73363285643497,-0.0632120151093687,1.4658966063542,-0.970570596267679,-0.99863393266049
-1.77548653618449,-0.215620173978446,-0.718361456921587,-1.34649038714079,1.29191436308008,0.815400992931333,-0.0890886528280815,-0.0197729603196224,0.198434921920801,0.267491311294164,-1.14491180902007,-0.724587445681363,-0.495321469420888,0.257711944368403,1.09302055274358,-0.83299869912523,-0.83634448364318,-0.0801496880976791
1.17309702268589,1.14808025251038,0.98972677963991,0.790453803521074,0.927561715333364,0.628303877848816,1.74432579499119,-1.23903926838487,2.25571313286215,0.533406767029068,1.22502041893279,1.33037032129162,-0.0418075126876034,-0.5355458923069,-0.123411000060127,0.582333284107529,0.0418538722366947,1.47322452626804
-0.0721194143311119,-0.264110711528745,-0.0199550419904852,1.57326726227831,0.230381279130899,0.928187773971889,-0.420753960665683,-0.394906216935274,0.0927451961182566,-0.38138569612321,-0.984951135232975,0.684474279756994,0.838993664390817,1.79478343072365,-1.38582618443545,0.506641561266323,0.156228090469452,-0.830749921198115
-0.453058318932921,-0.0703645412655792,0.83996210252366,-0.201355383041237,-0.463383707123416,-1.11093400274118,1.08947022870304,-0.999040776620327,0.641739105180073,-0.708418210394592,0.463178725309164,-0.275269888832826,1.35026277120652,1.21279663536863,-0.181638315231881,-0.0804315936468744,0.392097769191107,1.18896560644928
0.794369483646202,0.568417941113861,0.211219937510939,-1.20550919802036,0.755586138847887,0.199688624989432,-2.20956694141618,-0.124574631372019,0.00968978276997693,1.68801387060301,1.43458076803401,1.82872824190368,1.03376491708232,0.285202540923521,-0.221009799575301,0.314765593830307,-0.0550595330169793,0.909030394538318
0.290060973933158,0.380187451005221,0.37675232903585,0.210651631545862,-0.0488581935260545,-1.09408294444889,-0.190361149717377,-0.184896243759364,0.439200286313195,2.15438721888773,-0.311424729454937,0.519903674932964,1.17422092167932,0.434650167693771,1.23595037930476,0.597058395850527,-0.127210087399757,0.08067931715144
-0.434725751734474,0.444648000984567,-0.42451597233413,-0.0592526661237366,0.373489601183553,1.82679406400328,-1.40125936387103,-0.390665260863799,-0.972148073357218,1.9034773763825,1.68845350449572,1.30032953371448,0.738277055269132,0.675645828025327,-1.43315213298557,-0.86331289457642,-0.291415556858294,-2.44963170973422
1.40199448283167,0.80304760953045,0.0392004351504603,1.3085600320075,-1.56462098205155,-0.139643139749703,-0.926929525347759,1.87411517207635,-1.28675699481344,-1.89435923935733,-0.580158008621019,-1.25037161696638,0.103077725023533,-0.031488226176731,-0.162525403695394,1.50390630869953,-0.17123618881896,0.538633417908778
-0.515256147187054,0.419475191323135,0.085512326236993,-1.77732723349539,-0.967469538101782,0.652073441194552,0.931967202943876,0.133649483265906,0.444919918208074,0.607301068441003,-0.554699846500559,0.297661883973298,1.83627790888408,-0.694115366400351,-1.01587087567766,-0.0948172437177103,0.282727365822118,-0.373549888330804
-0.569805289363651,-0.121245894763937,-0.919380459074097,0.310791383915401,0.00223690878787289,0.322169518069927,-0.00933501929215709,0.452389862908114,-0.538509819473105,-0.437707688548124,-0.246205494260222,0.360087500025974,-0.799997082299592,-0.750239618653313,-0.203103489340213,-0.0914975578524455,-0.661345994435805,0.719587329286937
0.657212765339876,0.282116249859722,0.0651806230055325,-0.00149256616921671,-0.059861042392758,0.206301606957338,1.2762441285426,0.013288964431923,0.544645331568596,0.442283989473832,0.462678070513285,0.894597887507683,0.538063888211053,1.56679140675201,0.323883921880431,0.342373084096695,0.451504928203658,1.4283163906458
0.510750746619206,-0.999536214323093,-1.43746973049482,0.545651666006698,0.0115292565541956,-2.08853842298145,-1.62118803169939,-0.741839334522324,-0.885601431873248,-1.1938734726347,-1.22867995306614,-1.47001308263457,0.995858234665839,-0.644139306429779,-0.278867767099951,-1.46035700157341,0.360236518375231,-1.78150344198942
0.514797846943191,1.81534322925038,1.28768260588014,0.302000623891426,0.731683799218539,0.339829588609569,0.672991315825109,-0.110122108639641,-0.446569290675319,0.523401281926009,-0.113500356545342,0.723566521191976,-0.765280397558206,0.266601099283253,0.4112110640572,2.24839478756826,1.57822165674382,1.36633610015476
-0.481336898348847,-0.167144131156015,-1.73953386481226,0.0957763576701571,0.434413899758797,-0.772040538977866,-1.74005316462313,-0.597827960476443,-2.39634078789394,-1.4558429868317,-0.807382375264286,-0.75166224509958,0.331415569884445,0.747615538864224,0.891319697383433,0.198555055263222,-0.181066662844511,0.387258249343801
-2.53793612255179,-1.25850872501559,-1.38199707801202,0.516814134960675,-0.109605055382989,0.0373884724848488,0.198152924045183,-0.648124715845466,-0.942654881338665,-1.68957641883159,-1.40431976196869,-0.292936649631505,0.133908708161266,-1.16482749238762,-0.970800526828992,-1.18994533418669,-2.32547410197138,-2.07124207572367
0.0277951277050425,1.41067655575091,-0.35764801276368,0.585472233183046,-0.454373221314978,1.31546196490082,-0.857899016686912,-1.42298861417878,0.310969990007167,-0.0726306838059271,-1.53155380574346,0.606081851071004,-1.36115730268601,-2.08387175997043,-0.793647747259879,-1.054705905064,-0.015180640322945,-1.30951476296114
-1.35929962168276,0.406621120042226,-0.353084808936035,0.411554605669636,-0.627361450509769,0.521620950558686,0.143843525312598,-1.44867898302702,0.566594282636365,0.346431792422597,-1.52579586117221,-1.35892514012101,0.254517035789266,-1.03582258683799,-1.54147247696096,-0.34876804317622,-0.303781265751805,-1.45237368325636
-0.650807031012116,-1.15874175216399,0.0680171680233739,-0.0357035520200666,-0.507648890959193,-1.51868200483715,-1.56904168416243,-2.05257875006659,0.24786931708808,-0.325902721923631,-0.537588458442826,-0.560487436022052,-0.794085426580319,-0.711843042162633,0.2974465846756,-1.17606230674541,-0.504550879162223,-0.310641599339379
1.76506054008743,0.183057238327645,1.36003276895018,-0.309424995963562,0.889255909451901,2.16002883453371,2.27081879478736,-0.0469359875120993,0.873505826221761,0.947324342159492,0.759957457974105,1.27145977743851,0.298589206801174,0.875154061326499,0.598726365482273,0.707893091327366,2.87451610435253,-0.207799031896441
0.163586649649903,0.756410884376591,-0.577045333263684,0.254852438667431,-0.958145094210927,-1.24030860383753,-1.39067278950955,-0.881811354619469,0.0146603441346294,-0.280273333488567,0.522052681992202,0.219447353428616,-0.822971911663124,-1.30816514014582,-1.20118150348687,0.534398888411182,2.07235470490901,-0.854769590686467
1.05935911898811,0.203797332258847,-0.335351373016671,1.1653691779961,-0.55342176173728,-0.934001265036278,0.321713462424651,1.05730338806187,-1.31996084123191,-0.3605285049587,-0.217264417639778,-1.05420750207962,-1.12939748257945,0.150381243450379,0.217515499947561,0.301577809689903,-0.60054629069869,-0.657518665875711
0.0385696806686953,-0.958152902583625,0.994477453112394,0.287671386528644,0.759375088903173,-1.42201617120541,-0.562953303385711,0.055909015829807,-0.587351907223989,-0.605424566995746,-0.509037490750425,-2.60231385803828,-0.464316120538249,0.173158789190707,0.703459025271895,0.125292508295238,0.292934550931132,0.901577277584529
-0.515693216782999,-0.802530077210601,-0.178050298665973,-0.592099236353216,-0.122045975596392,-0.153937083674014,0.569693319832133,-0.611450805152579,0.947391156446648,-0.937728983542863,-0.126175251904192,-0.0348682766388203,-1.37211738224257,0.238865511196905,0.618308332391844,1.65006443172809,0.166703262701076,0.54408398023832
-0.918784729683821,0.253697976312645,0.748158723693583,0.441939456496761,-0.923657503166787,-0.994318869607016,-1.53757495626285,0.669743643880806,-0.248305952124469,0.0746110207705631,-1.4243575672169,-2.11323135844729,-0.43114779055241,-0.876015229412529,0.641481409939166,-0.0574729153815453,0.425401115033808,-0.457368829764679
1.37577857393944,0.69888633338099,0.772524474105654,2.3175026922814,-0.816738496639313,0.164748717822135,0.523991867308,-0.255318933337135,-0.743944420870882,0.58920629101435,-0.66306764417179,0.135957641064522,-0.130975501876002,1.12094869327152,0.692211777870819,1.50593245831534,-0.0553387603182006,0.173657746799808
1.65103700310787,1.11975001871356,1.14092237010133,0.0565972537058585,1.27755675528612,-0.254078908940335,1.4447608667814,0.371182262062198,-0.463101959719162,1.89796391063152,-0.265600032204829,-0.103632523674149,1.04671476475602,0.846910740605941,0.398727691402473,-0.307157426194647,0.779284286746448,-1.01849491730043
-0.20598985737293,-0.932019268902625,0.333342331461767,1.32424969080704,0.373044290615349,0.351065480199163,0.255072538357495,3.03784624306869,-0.364263403207479,0.476968936920152,0.886394248845018,0.114049291669163,-0.163062202118204,-0.315452691399803,0.741899222580464,1.48366896062709,0.000273000121571942,1.18841978151067
0.774896176448605,-0.0711169879704806,-0.203820097524918,-0.526953059682586,0.176617566347462,0.658003097124352,0.0656124225872323,-0.0786740583304177,1.39855215959901,0.709840738697948,0.532203404851353,0.0941250655766741,-2.57485523344075,-0.199924895044728,-0.150334951411688,-0.702982310801994,0.21975549768513,-1.2131401626665
-0.642510701234798,-0.41658607593876,0.575586184242769,0.516245776718964,0.482747800161681,1.71544762992277,0.636876514686184,-0.855464470484017,0.0816018612581781,-0.207347035649209,-0.199160375889161,-0.0351781348169261,2.13694064760536,1.25381263566172,0.116061903413178,2.02739468006822,-0.0422099341665875,1.21117985347537
-0.578407532959358,-0.865835981712313,0.595825982310954,-0.702039240271517,1.28212303717815,0.637810551897842,-2.28721967001229,-0.524817967067912,-0.463698054986229,0.321814560599431,-0.0418206930390534,-0.507791608480999,0.761351358583453,-0.624494099684588,0.291620008691131,0.433356539738175,0.595154095994089,-0.916297374664432
-0.342511790568946,-0.209040548041167,-1.31828993922476,-0.398881137534442,0.157460817243988,-0.425736944883429,-0.864890631000003,-1.01301895388011,-1.20381635860137,-1.70144822454286,-0.724853223093874,-0.613993539054831,-0.406107833639042,-0.0316326325755305,0.639966734581896,-0.326151998780421,-2.22805588068988,-1.30485149775433
1.22958434555474,0.0633241695714421,1.19110070737079,-0.751881947506986,1.63690245052991,1.49949274770341,2.53601450358947,-0.416619130461012,0.877561198708821,-0.944034741028749,0.79067581811978,0.22272641756935,0.892156808862798,-0.473829361272699,-0.167878451685744,1.25139118005507,0.112888061300053,-0.343162696963928
-0.454321053998285,-0.276471659339467,0.0961392636617663,0.642045754750373,-2.01532268382483,-2.49510976442124,-2.56779692904947,0.744293276638102,-0.70100706685653,-0.434538790157334,-0.962697727308515,0.239451384759301,-0.139458658003402,0.609176300976037,0.430437730138733,1.46297497624333,1.47897408114655,1.21922077605814
0.152107162583193,0.111327514492387,0.730585672714278,-0.971898113610233,0.51687931850339,-1.30633981103413,-1.04404792227029,-0.626442435440599,-0.155114699321658,-0.542658135348536,-1.39504043805078,0.292982572074934,-0.0357760984591028,-1.02274485550733,-0.490797189480177,0.71885273947711,-0.958873709131614,1.38364984673391
-0.091917034327856,-0.895401116688441,-0.365727769034279,0.130331654015602,-0.789010473454587,-2.10881814249743,0.624230471016649,-1.60185232911567,-1.34623118611165,-1.72744669151748,-2.64268624570898,-1.63290245675664,-0.0852321779950632,-0.7137888362991,1.29038274756803,-1.65618706434114,0.337231178791558,-1.14431843800678
0.795629005188423,0.380675204097908,0.47862221818708,-0.34026399917279,-1.24533049539434,-1.48914506739883,-0.305328766252979,0.453480910207209,2.66282252210918,0.680380123983784,0.996222586341636,0.209204752735849,-1.61064261934153,-0.950593471459529,2.89181620122937,0.433753141083579,0.753029486529889,0.70482389714976
-0.459797607428366,0.686463461933494,0.633939832139522,-0.844810920676308,-0.52595302079361,0.132153737968787,-2.05111514847346,-0.760995358037321,-0.0565066270302245,-0.570141943198059,0.255330065447541,-1.35178996293318,-1.22199731939282,-0.382653618387964,1.09312420294998,-1.77491959827277,-1.65457378714085,-0.994912344318172
-0.790608159444409,-0.797748449694258,-0.858745816290544,-1.42959592655072,-0.561968633326037,1.74512186284227,0.519414445494916,-0.154223398415943,0.0606547473011817,-0.546733922896116,-0.261034954228072,0.0183251262650538,-0.449397616140992,0.705156324235626,-0.267911933586006,0.978454452886215,0.563698990721785,-0.595502950081221
0.477513230973388,0.482439529357052,0.398270263779484,-0.934577856364899,0.131141926364143,-0.309631250220861,0.0549110196250989,-0.579668056629754,-0.154430247396167,0.729595725936881,0.654580678269354,0.211762396491646,1.00699287380943,0.18227250487155,1.27865818897812,1.19749256550469,-0.270634032372697,1.65377750536262
0.634134137791932,1.13847934777342,-0.149666153834591,0.801199015323089,-0.698657849240173,0.653811687115699,-0.178574009608407,1.12925527657439,-0.879276062380056,-0.587906255708902,-0.257355855307539,-0.0551012447763518,0.45799127198743,0.827921551317985,-1.16814578597093,-1.59733836387988,-0.098411200704312,1.18041850684104
-0.184958056048742,-0.0864445448394614,0.0997157037254894,0.623014959409921,-0.365194284355787,0.322488748879866,1.69671177453095,-0.412666121055505,-0.677169938878912,0.951458005953842,0.581232049668896,0.588515075705679,-0.221548330694619,-0.29868969940991,-0.566080374777642,0.424991259393036,0.554582729903694,1.55206660245502
0.778394344486749,0.172455412449814,0.439641632580897,1.41533262058571,-0.118704890721598,-0.411360095069206,-1.71845046902194,0.630677127761912,-0.4693921894932,-0.245788353520992,1.63059047917952,1.92922289380208,-1.33351059574195,0.315201748737877,0.475034641096036,0.439969010349607,-1.12018525822534,1.07576531626734
2.15482032865697,2.17051061844561,0.580836737420624,-0.982796666379086,-0.929393516897965,0.0968344650268283,0.210812825716795,-1.66902054826715,2.13941346804932,0.980794931763109,1.76406843207458,0.787280416920177,1.40197426642451,1.22185406578637,0.766936856019468,2.25304889272847,2.01117356836922,0.364027711090065
0.663368847871472,1.06432910949571,0.00884008089795602,0.555942705487599,0.118889332935373,1.76586667842851,0.87811259821526,0.440508507256546,-0.604640902129068,-1.07902110368747,-1.63698081891555,-0.528332181893441,0.442950200754168,0.615114391822832,0.760434746949706,-0.181744664271851,-0.496157285410856,-1.39436414582336
-0.693881774365451,0.526082168978231,-0.127987141500257,-0.841378227875825,0.913617507206401,1.50985368969645,-0.924017184054771,0.724726721276823,-0.484117943948418,0.235208592158712,0.68067720878997,0.340614068140474,-0.777472581679297,0.703634023321549,-0.674256402978556,-2.33437097071799,-0.84685172176689,-2.93865763512503
0.841627316131219,1.21682712943001,0.74805852179156,1.5623562011114,-0.264711093805643,-0.340077459489728,0.823392807314013,-0.366491399556745,0.548935155591091,0.188375698079664,-0.366761504087626,-0.49376451195122,1.2841926016057,-0.97706310185015,-3.06723978030869,0.0434504455861448,-0.87463136755676,-0.0832589234756241
-0.0205505372963111,-0.482207068676921,-0.178433657772668,0.668872981643519,0.900854838385848,-0.938286487393486,0.143583878880755,-0.38446545628521,-0.547659377760316,-1.74142195883934,0.0989911098693974,0.177845562754722,-1.69727101676393,1.1040153685202,-0.166003133126418,-1.18761778414828,0.305783984743425,0.0873528335402887
-0.0186375252952261,-0.264203962942408,0.238604776050454,-0.653634434226926,0.700993599840388,0.477258957920059,-0.130044902928663,0.0270265720744424,0.440794117530432,-0.879836563923886,0.113610132016846,-0.183746277665846,-0.67920285302744,0.679164389592542,0.454203686054279,1.63760551980444,1.49581584763745,1.24289524623054
-0.431528326754888,0.0940145384551607,0.604720676400282,-0.672196504506582,0.286607451983347,-0.258904610763671,0.658022848300442,0.70154584258801,-1.49179457562707,-0.312660886933943,1.14342636991683,0.981868634254275,0.345172981941343,-0.422974965398886,1.89541551228445,-0.0413867612643232,-0.258074497156758,-0.325191623209476
0.189560698138818,-0.125302564854775,0.0209135210787062,0.753249539453685,-0.543199076029363,-0.371338930288903,-0.627931071576305,1.0253084036766,-0.370286384624948,0.539330202039769,-0.0565815402179731,0.230885574132032,0.213774183163734,-0.228104568582954,-0.616164001164206,-0.0147274904932545,0.306820414700404,-0.526695356156153
0.265872868573933,0.104896521878308,-1.04626511592893,-0.225530019415353,-0.968551946385949,-0.504522850357763,0.480150930551752,0.225399702372604,1.27505337934727,-0.28383623296869,-0.997117671381813,-0.565673745985549,-0.283642894235699,-1.38009795879448,-0.213928831112293,0.854808848722836,-0.136883355696165,0.585716231451178
-0.336364938942185,0.174471421125788,-0.723142757893095,-0.527817946909541,0.200132356664396,-0.437678029620211,-1.00303360613711,0.33444788870531,-0.12598042815025,-0.524414684843339,-0.961644922744057,-0.391632331476398,-0.933888354033357,-0.658116566824825,-1.13433638686658,0.149219038203767,-0.229633744145989,-0.212367611494931
1.86746449424434,0.426988008468842,1.49873375117499,2.37222421381253,-0.745547174955495,0.408786315223547,0.75285360614057,1.08419025190504,0.513443359748163,1.20951391814226,1.67726337584482,1.19371094195942,0.707984204997172,0.32758437188922,1.58376667953577,-0.0236179398308929,1.28833001411151,0.911285756522221
-2.08900020294057,-0.270627921796925,0.311429620250312,0.275515795029575,0.255668667189856,-1.1811674002495,0.105556803355454,-1.02304818138226,-2.40912508121584,-0.301500691356792,0.930570778625566,-0.254444765704822,0.717166695458572,0.30912577449086,-0.840428649304397,-0.317657750758332,-0.088621805884098,0.412013142982762
0.381845611972685,-0.70503366598207,0.543204497896584,-0.330451424095714,-1.556801370037,-0.304188328999737,-0.0851874788197679,-1.5890039596407,-1.70621074962365,-0.838425004858813,-0.307203974396656,-0.175912932368497,-0.166877312016976,0.907248072498609,1.3671323956042,-1.16902658434786,-0.00763525446861979,-0.625430259428072
-0.305135226695057,-0.122626892329529,1.28188095187613,0.155783466421056,0.320520373443833,1.67935736281237,0.774339573584254,2.10641142839424,1.57941964480419,0.618174672295037,-0.198084250627376,0.914847285324983,-1.54048410607308,0.504528237759266,2.2344363545725,-1.84399067054703,0.395319575474129,-2.39938238626399
-0.30126509627653,-1.45533792287063,-1.1374436233022,0.995118942910212,0.444987084986181,1.48176926089993,-2.42160585405414,0.194487051948325,-1.0645436138424,-0.562920408895035,0.587526699023352,0.116434617273327,0.566465595374543,0.618707153294126,-0.516280938848581,0.00324583273662509,-0.85371509549719,0.640512505896158
1.7884183154027,1.55863361520868,2.26717692286458,-0.206050707831106,-1.40518881597852,1.46185460804283,2.10995884699137,-1.17439237856604,0.699653174892057,-0.0430954571675522,-0.92740321784908,-0.091770445915162,0.620223508445659,1.98630164537728,0.565502080461881,0.543403539139643,0.322128493046161,0.510085963354388
0.204689847698066,-0.924544652710116,0.890229592721698,-0.676550741167338,-0.0863514591414839,0.194594824459829,0.825599164089584,-0.705137125712224,0.0539573919525443,-0.151675316129435,0.762225659505823,-1.14222951055693,0.0117740497106126,1.29178545606127,0.12661381731846,-0.0269030772332088,0.797671629545608,-0.724583519554545
0.31068186846822,0.488170623565316,1.2014040410979,-0.390237918976994,1.44351948938093,0.949117017567322,-0.327117239510359,0.379102733613731,-0.299236457367667,0.0360451890416244,0.825052058385979,-0.255115360707754,0.117308346292276,1.08345817088163,-0.519446281699701,-0.0187844766568703,-0.21694455442722,-0.158290165428922
-0.0298609584991589,0.587191328070403,1.2503675656449,2.20565374955764,2.78331707669942,0.94404642226275,0.893182530090713,-0.349108922071196,1.64725488465532,1.06036763039423,-0.527888026693535,1.3771542696836,-1.10605490917057,-0.0304375979232851,-0.0383328779262458,0.515650078727781,0.397139957487645,-0.166795666772673
-0.284926305591668,0.173664573903573,-0.477851307339139,-0.458347450303341,-1.20015840847421,0.415874233638773,-0.74808248530914,0.304644875899146,-0.903932508117756,-0.180576849730517,1.13330553554629,-0.365814104983564,0.571810940831013,-1.22820396701238,-1.22534312915129,-0.919750218688876,-2.32554851687432,0.8496072178523
-1.32882319988266,0.183201776719219,-0.200737525466942,-0.190916261753921,-0.436825655318129,-1.3257109123462,-1.33338340667938,0.285986446981941,-0.709351248825742,-2.53342866267971,-0.699199718412277,-0.309637845711511,1.16581710313525,-0.350575220968141,-1.57402001235519,1.5224288173275,0.0784986280677987,1.05441600990692
-0.916207371995031,0.810991524855483,0.764352584797679,0.151309768605413,0.445689665572426,-0.44829785375021,-0.205754098464146,0.500707796353369,0.755045183674881,-1.55997006544498,0.269065974332561,-0.321174843534443,-0.9063712376519,-0.764635327316928,-0.232129248581772,0.143090613784604,0.0174448284011362,-0.159723919477297
-1.87574738742104,-0.920288584133869,-1.77050099687672,-0.251874183489114,-0.0619641510809783,0.402875367369133,-0.290254917029021,-1.8061222787493,0.789274813642551,1.1654865714058,-1.08179143231809,-0.516916249757832,-0.381208755977858,-0.960947533551639,0.81798317553731,-1.34471678591379,-1.19086581959194,-1.71206081782856
-1.9010777780501,-1.66386075880385,-0.485394056010599,-0.624608701448723,1.44440245364155,1.55693592953232,-0.797013200229613,1.05029209747641,-0.713316360649712,-0.325821252025311,-0.93441699434414,-0.245737602028899,-1.5362981636922,0.668743901634121,0.642387609901513,-0.40883244656825,1.80607585954084,0.973021145098026
-0.821564666910694,-0.0971449107780589,-0.5966904476106,-0.298011127083307,-0.772802736159283,-0.846793338138613,0.0175775751730324,-0.618680086598128,1.27865917437803,-0.61940952295322,-0.0152783597051629,-0.968331980183883,-0.741697917274196,-0.559648525839456,-0.540135176433237,1.75328342393683,0.767232026144243,0.806662462007316
0.330664876382265,1.60364234527345,-0.269144126726518,1.64524869169219,1.75258094043359,0.301504752957907,-0.769501471934296,-0.532625566980472,-0.805324493494425,1.57874589060689,-0.377468410379982,-1.10108393856612,0.101709130069263,0.00779962332309513,-0.816108237284815,0.187815770629119,-1.26782488420158,0.480736892726506
-2.09535795774844,0.225111761457277,-1.33411963038868,0.644837943064604,-1.29026368514094,0.8971385521967,-0.947604058932081,-1.46760855102371,0.0960757265571793,0.710783875097404,-0.181357288598489,0.0329790564260192,0.772433915892593,0.669413944010755,-1.46693530449335,-0.243489713412467,-0.732433445177077,-0.315902966442737
2.72175101128651,0.890036465987556,-0.868337971643306,-1.68297363478157,2.033040252047,1.12223633486315,2.80199908034371,1.94568032247112,0.581771497048024,-0.161647431414752,2.22587328475729,0.935128064068734,1.51375411801321,0.136114063943054,-0.0745830369874278,1.25771427469441,0.252539929951246,1.43860030057168
-0.131264776935226,0.24847444089608,0.407068146621226,0.0209509188519438,1.81148982200696,-0.475704826966308,0.536343366673407,-0.173901812966351,0.952144591587906,-0.687488588502511,-1.33643106638005,-0.0348465190164521,-0.721711168292071,-1.41061726580354,-0.60732859052063,1.47897731621228,0.999619939146896,1.32002184049519
-0.128459365054768,0.518198317941328,0.634814684129669,0.659774629237363,0.555078838583591,0.508295254158393,-0.370506148072563,1.75108010131812,0.0549785031081273,0.505465784798189,0.20379750522152,0.333065977922115,0.256028006331304,1.40932512893115,0.647213565686198,-1.47995957079343,-0.442938233513631,0.392693374704154
-0.515565135460423,-0.759973633570232,-0.857924223393457,-0.122946191375507,-0.38245239039362,0.815964261463995,-0.621293405270941,-1.86324812286072,1.01678821419476,-0.434733767407543,0.512280705586884,0.30475867385724,1.35469426499516,-0.190400444009555,1.1753696718985,2.01781363357937,0.39994740920183,1.87141245330239
0.0743651288264419,-0.307919780877465,-0.00993277133266647,-0.634141618082518,-1.28606434132963,-2.16852289872055,-0.275390268385745,0.919018572109137,-1.2715612867211,-0.194338700408165,-0.598422554473646,0.339294203368439,-1.38543759976154,-0.533433443250813,-0.821645104238946,-1.52657239941482,0.16192484491702,-0.82670070875817
-0.180036517410799,-0.588161015264159,-0.332911825097144,0.847954538596794,0.234056595581385,1.57434097041561,1.69475331659075,0.889242691723362,0.472724745165105,-0.752262571771265,-0.439972725291851,0.896790861058572,-0.795543460490485,1.43451587271489,1.37004251435722,0.844338353567518,0.149550571516294,0.995205558059643
-0.221190994785463,0.99568155438348,1.07023615849863,0.802456217991804,-0.969920701680951,-1.71787950717456,0.227434111935455,-1.96335238149156,0.593235261654575,0.0651002217182159,0.948335208864726,-0.102319355534816,0.0583744277690019,1.93148842756783,-1.65294775918506,1.90601082576659,0.990049748787053,0.372398202138119
0.520944471375517,1.0290835791375,0.588694430601265,-0.543709830836739,-1.10482940260691,-0.325401041679209,0.601726339997306,-1.57104244720554,2.20111369468258,-0.709236470521469,-0.0549314683052397,-1.06812071525302,-0.317273446430696,-0.765207264730897,-0.439755150299597,0.553199069205579,0.602055716232796,-0.933996900061374
-0.8255638063283,-1.10660218034803,-1.49785304602386,-0.611779841887579,0.0285119069994368,-0.176105399557103,-2.10527371926119,-0.90826675181513,-1.21300470862498,0.55444434190198,0.54339840865033,-0.436542215538487,0.0744289236533325,-0.441191971225656,-1.34548538686585,-0.509845293544893,-0.217416442706212,-0.178629454232955
0.181688169111621,0.630466594276212,-0.920049677293906,0.0968980757495708,1.74778602048962,0.697449155379658,0.517015145385052,0.697374406936354,-0.92227163484622,-0.142210775419693,-0.236205536826805,-1.00106010150195,-0.639516052617605,0.0775094233935839,0.877117309340516,-0.21441749241281,0.868458639273877,0.790938463160037
1.19213741026869,-0.277537858298444,-0.532659315266648,-2.21637491776098,0.513474242740709,0.43259566989428,0.161122589527367,0.251271926519027,0.325421142664674,-0.0839336561903946,-0.248379117916153,-0.689714141590791,0.542535242047085,0.240562044380362,0.353247209990268,0.0161685544089408,-0.224564990903144,-1.34377704219695
-0.330233363409496,0.51676740937937,-0.709318812320147,-0.377396191808386,0.926968733240883,1.60658658247557,-0.805081528671429,-0.660586246973629,-0.322632576076153,1.45627850974873,-0.8862136600117,1.21605351966016,-0.207770325969542,-0.214984610824947,-1.11648779802728,2.39970508258187,0.830426474085433,1.5471450019279
-0.489486748994497,-1.00581327959642,-1.07989553993646,-1.35567545145291,-0.343638351709194,-0.2646826875688,-0.223051568616449,0.523638771998683,-0.243858146021482,0.674786698833313,1.42568206595291,0.68785279188415,1.70059058430406,-1.44038801505643,-0.199302497943445,0.839310546017721,-0.120787340994657,-0.273028112954616
0.125679021945197,-1.70622286179066,-1.86588038499873,-0.715404171628388,-1.20904456134674,1.19407849832429,-0.0211627141134182,1.18721233139183,1.04923583475236,0.469332470777668,-0.194312588148351,0.441304279402026,0.213424846776241,1.45328132223125,0.585378943121234,2.23656483272494,1.70388917473156,-1.20944611397601
3.01282495247959,0.113679009138493,1.40540165769366,-0.190310146131675,1.32144898067347,2.19470548071807,0.797915599886864,1.67186644702383,0.108155127195991,0.38048745789929,1.32707393082601,0.713456059658889,0.235364972763118,-0.585405670041161,-0.957222106934169,0.389473648025911,0.00977023288132658,-0.962211944320115
-0.525397027921531,-0.306743616790962,-0.373494701639471,2.30328885519295,-0.116802029445251,-0.782479433930574,0.543150051809533,0.398818835809816,0.558199992669299,0.379537324620718,1.47456302635222,0.421937981647284,1.44257255685945,1.12730078396432,0.493001653853136,-1.07246213984115,-1.73352666227685,-0.300886766324365
-1.03128751199279,-0.801660266861363,0.945179579061101,-0.0115966918089444,-1.01199853155636,-0.435164657494364,-0.113714759354484,-1.16345210458416,0.805993503473453,0.438683093728949,0.200443465354866,0.865324091457801,1.15888750826643,-0.111778434322454,0.377341875327482,1.06822200919823,1.41342271511028,-0.114260113583652
-0.658070996259435,0.74067435857943,0.246092003707898,-0.712102012128951,-1.51027956040543,-0.209481468630664,0.490238096915279,-0.726502672669092,-1.11097224304756,-1.33206739486713,0.139815405743874,-0.186889623764601,0.451460249411247,0.68189056930597,0.0174592264282191,-0.24000452567223,0.0846601839946955,-0.183024814854581
-1.19808695605343,-0.642786109983035,-1.4057159803183,-0.747110659726591,-0.0756050957618273,-1.07380518917549,0.411153793494635,-0.992875968979758,0.837050526270444,-0.967708417428898,-1.29162738375231,-0.862844981419913,0.207037195190325,-1.31554611737571,-2.17614514231137,-0.369706741117979,1.21706194537713,0.451154207787891
-0.39337356715584,0.00214451010197087,0.465369731271391,-0.857132326394509,-0.998306101077334,-0.851078576881864,-1.1466361065017,-0.010348563317712,-1.00711842842035,-2.30712190479343,-0.387411225176579,-2.03920511576488,-0.413790744032722,-0.628296986631619,-0.619566215464252,-0.153361578002719,-0.664025056547681,0.946476250222311
0.367248473662653,3.65078309594307,2.1300313563178,0.219910877071263,-0.182518237722601,-0.117298012940308,-0.0504582384056474,-1.8651652305107,2.76079407142671,0.788447085052786,0.584131076436636,1.28878447364764,-1.23689799982317,0.286327232649823,0.626165375670035,-1.60516425999571,-0.320951262301771,1.39305620870622
-0.395095084602369,-0.795761727984284,-0.419011247363449,-0.498702406181787,-0.0181333286187571,0.526840575943767,0.115742884441026,-1.9793357794412,-0.0654565077184292,-0.164768247106103,-2.35848502636677,-1.85633417846848,-1.14211950979196,-1.16397239120835,-2.32358792362677,0.0478541840605361,-0.595038353213586,-0.0168509276719251
-1.56490370871563,-1.07991732335357,-1.78208715777955,-0.532044671213855,-0.432724048413915,0.797616549100562,0.73338501954692,0.132144311105986,0.536924569239302,-0.27457888020469,0.248262428367142,-0.31236417904101,-0.649745101686214,-0.256453356310721,-1.1828386783964,-1.22824554639168,0.240774474865385,-0.270315176132999
-0.0150511328504392,-0.355016496896845,-0.916441081058991,1.68693386650962,0.297405651892187,-0.764557051085816,-0.2247662227098,0.0072864263651025,-0.896516121037865,-2.0213690888296,-0.566250186561739,0.0134687258708882,0.0872946472428912,-0.787666686001619,-1.29518647184602,-0.15761326510081,1.57280306264647,-1.25984501447874
1.22006438779231,0.419829543289776,0.925972861082313,-0.831211981020563,-0.289143821748301,1.17832141545649,2.50357651769268,1.49402147958224,-0.534628781520187,0.640336351255813,0.966121989552033,0.0404382881670013,0.575456804152725,1.08711870974703,1.73522054825402,1.53804078892272,1.27176791123045,0.386776908859567
-0.189971321605364,1.05054327390708,1.60416018154283,-0.235106390742555,0.407110382970194,0.131118264908853,-0.284633888051599,-0.24336730040746,-0.344301836946907,0.660767098294756,0.694398303667543,2.03625226052046,0.370522959328623,2.90211533740498,2.91850342501203,0.543302682513643,1.38304215820341,-0.357361592658117
-0.0548180262469541,-0.104285071421432,-0.0959563212484394,-0.0337321752115673,-0.485317735961524,-0.879955859499248,0.485347453967952,0.401122024462039,-1.0158080884154,0.426527677547296,0.79448726012745,0.345270860818339,0.864646826687554,1.78767537763575,-0.237853689789762,0.180156114735303,-1.30947467150525,0.627977666867849
-1.09599402873734,-0.53498648042107,-0.351848193209173,1.03896077720136,-0.198592121493804,0.636694598016762,-1.63846269330028,0.0176838473214192,-0.814418552464893,-0.104070603994743,0.198866785139747,0.799443209819244,1.30377078891076,-0.422089379925678,0.278788506323659,-1.69468284352395,0.937449511111019,-1.78067334462191
0.153024310441599,-0.884723317711473,0.38727703867032,0.643306980893481,-0.675223961008436,0.218748158452961,-0.203959349230276,0.394734092541398,-1.06389113404615,1.23530768949973,-0.40007411052211,-0.98647261705455,1.5755004098061,0.680274850503641,1.99338783210024,-0.139649569636427,0.585981143732083,0.852985869061983
-0.956069344048967,0.660179386382018,-0.0459548666100905,2.17436116152184,1.21882972440068,0.158813634800794,-1.1717346385201,0.209564243970155,-0.627711420530411,-0.112554175418934,-0.063252332298792,1.45850926376605,-0.205534917006808,-1.25093600014737,-0.0345391086259784,0.421842105089337,-1.47589471333375,-0.478893246217789
-0.17556513954418,0.553509602961424,1.53197975602049,1.08974734658739,-0.0714718540742441,-0.305420153543674,0.442574899953868,-0.132624898043538,0.703862487554371,-0.0154810102698313,-1.57243334827007,0.399802889338124,-0.187016853275403,1.15730777283512,-0.0366608515478769,0.535544406244811,0.867526081415582,0.843302625260427
1.08930512033306,-1.09577988781479,-0.277273485531918,-1.09577504582744,-0.320126364189912,0.462737182992449,0.686539753486209,0.126415119024693,1.95425061390247,0.179801623539196,-0.368859904718456,-0.659542590540704,-1.58617083114561,-1.38016984812568,1.13621833009941,0.910191512346719,1.08596997573622,-0.243147731034658
0.336733480620909,0.604619804555435,0.364446898790573,-0.581945643202065,0.445753860889024,-0.586167188041072,0.261280038559241,1.17194557828562,-1.47429508719282,-1.13193936108474,1.5556242132127,0.594521902354493,0.894324810206585,1.43038082034253,1.29264579138948,1.25795821755087,2.44288883464799,0.819010969288872
0.613238239034974,-0.551994072917845,1.08248857855176,-0.782166922084121,0.133327260697397,0.0182633347450025,0.864754959065199,0.433270068541474,1.05093488921226,0.879506327649016,1.07744388892136,1.84005716010795,-0.41039583805252,-1.2374159642358,0.474614501041358,0.933566781177449,0.697821545324426,-0.157198335796661
0.608992146917211,-0.0376432852642649,-0.90510228234869,1.49463060233372,1.3403543818661,-0.0840826711427872,0.323474917532308,1.49155807125663,0.615731863830572,0.654760258068398,-0.257960226112535,1.49908679835256,0.256752725956293,0.649837238749622,0.705448037374477,-0.582735430129017,-1.63443868197669,-0.150150944797375
0.867190210089613,1.25707254385456,0.933154100205553,-0.55932973940227,0.0772738629906119,0.894733730699879,-0.110262321000346,1.29280646812794,-0.070437610469191,0.948756635106424,0.170504937193822,-0.740568597452175,0.0832639830415238,1.12360770382748,-0.439876787666794,-0.825279676957802,-0.692413523419785,0.207286229849578
1.0727811604756,0.439304095278618,0.944052678356124,0.982154374628112,-0.763340310898552,-0.854396541900325,1.59316575875312,0.630883595164628,-0.186027928383031,1.57943839246552,1.32258248494445,0.89829175012783,1.21919065589485,1.1681218995672,1.44209156647275,1.87113973803147,-0.877090329079393,0.555316100261324
0.438566003318111,0.277559489459485,-1.28748277099655,0.454595729633513,-0.511017657540885,-0.807636524709306,-1.18127919726063,-0.193878793022161,-0.38303992699013,0.96536248470441,1.32283415638531,0.175296819931833,0.780518048598498,-0.373909232274675,1.1624483792479,-1.76015686245006,-0.29774616333764,0.205079002923688
0.571617325109352,-0.50736404147462,-0.605527616244924,1.44232381531164,-1.11330961789768,-2.70315907546572,-1.14315302461485,-1.54098191950473,-0.244572868243124,0.0984812506590772,0.744457581668299,-0.570982702665806,0.288188418267064,-0.29760809951528,-0.766798424173882,2.57598142979541,0.590524117004904,-0.00688226832559663
-0.556435069198882,0.445669380421962,1.08626246464055,0.486565165331292,1.4969950325089,0.624268245716479,1.17328868863146,0.949123339801003,0.405613441957578,-0.250779812583002,-0.468086688396095,0.715662133569417,0.780258989864856,1.40696693635741,0.145096684607444,0.726193170006411,-0.24634962796279,0.384871980441319
2.08606536803113,-0.897931219276372,0.148517751612092,-0.888817333377319,-0.848468487952134,1.0535839174145,2.66622451138205,0.0179353027527049,3.06336399243136,0.165024654220674,1.43068212452984,-0.5860980517469,-0.13424801458858,0.221553182079392,-0.654431484619447,0.792404776361297,2.07257225339432,-0.158626846371867
-1.61973174438599,-0.772622613538844,-1.52251788616398,0.246635764357023,0.470986138601585,0.50096473742556,0.703170243154826,-0.901932707464668,0.365244785308305,-0.138330887538039,-0.52242822150796,0.0541544682027343,-0.82514958851535,0.286679660662724,1.14526218529385,-0.992662933544276,-0.88618038394227,-1.01344460345741
0.0467189527381413,-1.20602107479277,-1.27227963581591,1.42788404764473,1.41744513681557,-0.981018114421603,0.611525317697324,-0.556343509607846,-1.54295121639915,-0.904658024543812,-0.218825003828731,0.461921053060127,-1.46470136184972,1.54221335850157,-1.25305419863804,-0.770964973033308,-1.34835083914018,-0.00125513817941075
0.0611689131182895,-0.501781455916911,0.685545193120768,-0.840509117577907,-0.67339478297283,0.039082876178137,-0.425144086826075,0.695358463879903,-0.402202845601984,-0.572468063468776,-1.74722294163656,-1.1818454195198,0.492960372953171,0.0124675656152553,1.41976268115307,2.03118356129439,1.84269978295804,-0.236410061035826
-1.99351526292713,0.779678203101197,-1.04400616510063,0.684323461201416,-0.879702519679009,-0.531920366450539,0.584450306577803,0.0814122676204004,-1.46232291954844,-0.925758534626748,-0.205220666702068,-0.605595910349991,-0.292583405394377,-1.65655311978442,-0.292599076987046,-0.241872652154574,0.248163980952734,-0.742843978835423
-0.665858563756701,-0.354903992993886,-1.07103862226118,0.695994027943324,0.942254203780529,-1.88020349752889,-1.02218593695966,-1.06353053561853,0.695336884488577,0.482314294595398,-0.709877236635388,-0.42660463459605,0.399854185451485,-0.946445190541423,-0.722330218885439,-0.312383220781474,-1.04520820600506,-0.336265416299701
-1.0928500039114,-0.356502982069202,0.0384014311424553,0.678439565564869,-0.882470427561439,-0.691850221560235,0.688393032788137,-0.969173792594513,-0.406801969154013,-1.12354136403815,0.0822833302136165,-0.923438445842368,1.38472183690797,1.27494390840986,0.868857849001088,1.53678774055702,-0.71311079564987,1.97862550685361
0.918990717798309,1.14489886094454,-0.168840944034838,-0.260911218830696,0.0387561849498048,-1.02478370206202,0.337706351598912,2.31222725928444,-1.3676095238584,-0.0847385500786215,1.09402651211175,-1.08447098511689,0.642241147987658,0.43016825182523,-1.85758675620026,1.74178223743584,-0.429953965293883,0.403528197463516
-0.152886700836573,-0.741701196039966,0.235440320643259,-1.03561056954854,1.28257820012959,0.76561663105013,-0.453210405606245,-0.475792835474864,0.480426096877107,-0.193276139014679,0.36216997445932,0.652439703247823,1.89313918846739,0.332920735377237,-0.765369486703485,-0.134666433189856,-0.120784041674812,0.784516285664767
-0.587704557172194,1.53362571808816,-0.536286421125728,-0.0746565835401021,0.682589296852936,-0.565809589540323,0.910203973193099,-0.0619144992961485,-0.344891647876151,0.040600434379944,1.50611472256379,0.512062828088454,-0.418382920127661,0.137583246651969,-0.433293062148191,-0.8148825707208,-0.668446331955035,1.03994284064153
-2.20347338549524,-2.56758562411693,-2.9777801823867,-0.50635483165911,0.983290379748031,-0.98621365609231,-1.14400361791434,-0.130498168121111,-1.41629804313301,-0.217743535127996,-0.149981464461043,-0.98858773091724,-0.84376370786062,-1.49251364614735,-0.381876139559541,-0.625607185859049,-0.758015318464356,-1.21941827168662
-1.19633187843121,-0.746238344665105,-0.358852791915921,1.004388858768,0.722092093601139,-0.415685568027585,-1.35214340556026,-0.477569409264469,0.803700324742936,-0.393914493127673,-0.957279430851139,-0.346836976995593,-0.279578146766998,0.441100966321024,-0.0634664969852396,-0.955731651663182,-1.74470081113643,-0.326500162155714
0.879947708372746,-0.92033376615718,0.19930073593041,1.10529020056106,0.40099752123296,1.83766721676424,0.674681962815056,-1.77480161647407,1.14091926816896,0.678746375092973,0.532853014867568,1.29963770532942,0.40894011126705,0.0955418059376803,1.56852409250424,0.0249458731247713,-0.0528528367979064,-0.298499819592517
-0.427549515860569,-0.878724441077635,-0.147704472675336,-0.902233111075944,-0.552379560793019,-0.739525870938323,0.554238802545925,-0.423218722396818,-0.232553707696065,0.441657140089483,1.02088772312538,2.11794639884664,-1.44060540096012,1.24602983337501,0.229110231448752,0.115466173959567,-0.728884109879542,0.577844230238367
-0.972337799356312,-3.31629288364634,-1.82691155073572,0.140960017485378,-1.23307466115932,0.701487043718239,-0.501971013382973,0.308598416236207,-0.104368548950205,-0.764961805841165,-1.53323403863083,-0.719113098020024,0.864449232720599,-0.862306983026308,-0.631691505299793,-0.564473810163501,-0.744849759590398,0.321988734319007
-0.377727692241222,0.0419179844216503,0.0791652826374088,-1.58158219345168,-1.03559488259006,-0.553816500344554,0.47305295719229,0.547836448519773,-0.335438204823056,-2.75898785358121,-0.54056293862775,-0.62195531518677,-0.0803201036602066,-1.27990132447503,1.80440344751419,0.736933842925641,2.79174982679975,1.63579390600673
-0.0429499580985562,0.133629122303313,-0.0245201290254148,-1.05493492157764,0.175670312963848,0.0088222400659957,0.571262089661862,-1.76503591104302,0.085217809739105,-1.09943566792886,-1.26333332297954,0.855208429556069,-0.0896839023555749,-0.939213161363354,0.320095074483273,0.039260275697515,0.719605753472742,0.265569441703043
-0.450330305004619,1.52409031125025,-0.41227967530484,-1.43759969962666,-0.00975269223936487,-0.371868030614264,1.69614237492139,-1.30155175366562,-0.0182068892114484,-0.668406830001951,-0.120841624332845,-0.949683704302026,0.717376807281133,-0.443292647433821,-2.05113711656871,-0.430431782168876,-1.34497699474999,0.0908751483403909
-1.99301076314699,-0.660475572167468,-1.05419090677376,-0.947487802313715,-0.848678520557129,0.208003013409347,0.0734596040530944,-1.05219296592582,0.550868720785912,-1.99156165417692,-0.648662923363903,-0.164411753130533,-0.408472146688772,-1.47190049336252,0.150768762563207,0.444450340680042,-1.02768927508194,-0.415199017074376
0.430656488472753,0.760444635430428,0.367224273856,-0.205585958428835,-1.17181657548855,0.104028667178371,0.0555096013186771,-0.0409391297895882,-2.11538485831977,-0.316930531291532,0.0511310691222073,-0.672431598534404,-1.17163154358363,0.655394429695251,-0.904966088670367,-2.06318765447447,0.352804599783095,0.210425216974578
0.329331901358923,-0.583828615147154,-1.13401550629025,0.921129361742662,-1.55954981881534,-1.69021620643321,1.33963553492515,-0.649095064721033,0.775853857396723,-0.796478748433474,1.65026218065131,1.23763896684097,0.562710810945149,0.0169825182716879,1.08235579282137,0.214367825078416,-0.323088536048416,1.43365647665993
0.682100600907059,-0.612364314244549,-1.90808832967316,0.304727403516464,0.0932084371482017,0.0115674639413619,-1.19339998580783,0.141096393830261,-2.68258947511442,-0.378220904909953,1.42382352842361,0.804682480486934,1.29654004249726,1.9344305261666,-0.561031804291066,-0.0758914364853049,1.759950835227,0.940954572771565
-0.0149380061986684,1.01851642611059,0.935507001866453,1.16466013132676,2.68637360865398,2.96954536279962,1.47635468764602,0.736713819484128,1.3134323815897,0.499746431870985,0.973601433641659,0.0584731990181664,0.808314379656943,-1.00843986954805,0.111248392929627,2.19205870878188,1.24103046957878,0.283307164972915
-0.146065557268739,-0.851645456270126,-1.99583185141275,-0.447655515581364,-0.949163195622808,-0.356042545017904,0.51685470914282,-1.78719099066291,0.365406597608497,-1.92973177605533,-1.81104488382175,-1.65215897553063,2.08898486214179,0.0257839615725956,-1.76188355671826,-0.380748447153853,0.848984469253251,-1.9918903491171
0.755877514943285,-0.270002137409094,-1.71432447344668,0.484367259728014,1.65338652495415,-0.126516402034907,0.054466140570262,1.13020745418632,-0.00710915192577394,1.15623330431712,2.34957888296302,1.94335317779664,-0.688805050155209,-0.0865084260784817,-0.699871829538222,-2.54574686603134,-1.35410532449181,-1.19976136386347
0.603556205270843,-1.2801030552906,0.319886484251403,-0.90609690229825,0.555748043791126,0.781885830641113,-0.652233266499716,1.35121146506002,0.855440240374631,-0.696302169229283,-0.399222169852429,-0.0879805784348145,-0.932789217674697,0.357273793438381,-1.52480803694029,-2.04594124299559,-0.306987387664921,-0.606390554306763
1.73829308128991,0.4929188020296,0.746783508549752,0.602955553850894,1.22363029534509,0.945648545702053,0.197559219228903,-0.131595855373313,-0.838715056701964,0.457302490848659,0.67977570321117,0.204876956948508,-0.268520289356976,0.564976073231222,-0.274739097506147,-1.9407517335065,-1.13458487289322,-0.213870616061076
0.133427437973163,-0.27460852107258,0.781659951711324,0.300932287968747,0.964489965675488,0.48968527517188,-0.49900899348462,0.995636300134288,-0.314094869436553,1.44973078429932,-1.0447979214301,0.400809140126873,-1.20894367889139,-0.382895819446114,0.0957628610608841,-0.376746993650669,0.756232371285704,1.00262191511907
-0.956499083633201,0.443886297445821,-0.534734346082448,0.758230055436761,-0.260053783399339,-2.23698981366309,-0.76493130684731,-1.4941959432856,-1.3311527633176,-1.43384710031036,-0.849101467697511,-0.35760331550742,-0.615757312009136,0.333065883901257,0.635531393233011,-0.704081241889351,-1.89021010295059,-1.15818351938585
1.21467100943702,0.0972942852753869,-0.395810043267395,0.23375831896682,0.158144431365538,-0.661702891072076,1.05815692943784,-0.264524716873566,-0.0581521110777382,-0.4859351076371,-0.724143806545701,0.624107889339811,-1.29310516757109,-0.983116493664267,-0.156412675905531,0.707792292394686,0.938658632869588,0.897030587056907
0.729547556975321,1.08039561147559,1.42066970559463,1.70206492988333,1.0168978875511,0.374145555702153,1.61013384972757,1.01937546854779,0.72248092902832,0.524382579191547,-0.197635419108932,0.221524416068459,1.78125062688199,-0.641894292437353,-0.52282270992487,0.469047585327812,0.238887944681497,1.87102887083223
0.209321647720256,-0.303878728362758,-1.16952491738093,0.687694509253987,-0.0365062571598906,1.22242530405301,1.11764185715253,-2.19648423174681,-1.65138195470051,-1.00594211063024,-1.40037819554461,-1.58414943472621,-2.42062364114532,-1.9992038991421,-1.06953010746787,-1.22714102156929,0.414043276844161,-0.535017445290263
-0.845079751565281,-0.389077704014391,-0.257182991039655,-0.763849500260768,1.14683940926769,0.12361612834363,-1.77559610156682,-0.222915075837304,-0.650267321653966,-1.55393476581499,-0.245644754404869,-1.36116798613047,-1.01554422650828,-1.24483444502043,-1.16085559340088,-0.976435631824251,-1.58329556436337,0.193972235937704
1.28704503075084,-0.237458796912878,-0.241263424251085,0.705613507236872,-1.07121128333212,-1.58406819471864,0.204805270359733,0.814083650118004,0.830497168726065,2.01549674164223,0.834993542910385,1.64481897513989,-1.04020673556335,0.478436840148272,2.54379412574866,2.3827752081542,1.13999647765019,0.830676762197772
0.969183279952715,-0.749879877520947,1.09250027671103,0.119680386538666,0.00851156964306189,-0.747461372086183,0.72384362135819,-0.0537022653773532,0.3516796960072,0.0893036407733023,-0.498146348956635,-0.373763355778455,0.874270465710731,-0.137246198389797,0.43617424468484,0.103725928948427,-0.236609687598936,-1.75382610814626
-1.39996577385027,-0.0458036854910424,-0.310607163568534,1.67487799006427,0.773236271035196,0.420620720941701,-0.140320791488142,0.665675149454151,1.22214333805887,1.03385840452261,0.286800768865083,1.40692101743099,0.833341746782912,0.949550640950041,1.52131714485248,0.588096801953388,0.776564294234542,2.07530341997223
-1.12785870488278,-0.99935300018799,-1.70751562892294,-0.490001909603341,1.87526114802514,0.871896542471574,0.360170921099153,1.40594553645775,0.0406401329256889,1.05964284541034,1.40371627786136,0.600150962066473,1.72309616984483,1.58137807280673,-0.329705639504692,-0.441912071720206,-1.26297529954241,-0.327000176602308
2.24195616243518,1.0996265136735,-0.15422441384809,1.15039569353974,0.486175311466598,-0.0942479303660236,0.519415059677711,2.5606041259901,1.04370015988914,1.2625848938694,2.17497912321412,0.388796223251336,0.748169239550376,0.894366306244603,0.0643832400967203,-0.0658127218527307,1.39343617095255,0.349508596802826
-0.241624748617434,0.1140683585117,-1.17109799536061,-0.898583209893433,0.448806580707227,-0.327225190699168,-0.26572918278784,-0.183846709608826,0.485115025676698,1.05768834705036,-0.634984485653143,-0.195233876835666,0.17343159093994,-0.0178533338870642,0.936444023799756,0.381373487471173,0.301959795574669,-0.123504031994839
-0.887291219405953,-0.809837919805752,0.0565132157326305,0.924441702376066,-0.143287562368128,-1.12988953777529,-0.758769096745894,0.161278679436969,-0.190468012682953,1.83892595162464,-0.707715230682939,-0.221950736938941,-0.167842027415572,0.424216553043812,1.56350010683638,0.418380290325994,0.122956927396332,0.939255228730453
-0.079736279708845,2.78868017410187,1.40370831110768,0.557309110192788,-0.648453695592464,-1.74671812426886,0.929045186051565,1.5996708695793,1.07916707176488,0.68825991633131,-0.32302166143976,-0.120669249674176,-0.573547120526145,-0.0732665998440658,0.771474233358545,0.271368294180869,0.201209590886328,0.207774831886049
2.24156275897971,1.19329797842815,0.782377461144792,-0.0171872203752496,-0.626587245566629,-0.13639765830482,2.08348834902963,0.377098442635952,1.78779647242101,1.38307205543072,1.75478038574049,2.13791815201012,-0.324038429666757,0.275457725320474,1.35401376387067,1.27915593530765,2.37165835193053,2.26671091113963
-0.969424528109915,1.00755894425747,-0.104559510993029,-2.1030481828384,0.0719270417665625,0.512008434848091,0.339779549757293,0.280502522716784,-0.486048229744372,-2.04654650675202,-1.14191393731129,-0.504131326393914,-0.410964275105588,0.452692208697966,0.119201079200698,-1.45723525433141,0.0767989664215625,-0.737939160431108
-0.348436783518531,-0.610275181093024,-0.707543392710766,-0.830094977341158,-2.9048301374423,-0.502545405860443,0.934611485446074,-0.63864143148946,-1.96072619422153,-1.74487357900775,-1.9366853002987,0.09532386197263,-1.6294848178712,-0.474791291891802,-1.24608774501928,-1.08889766060917,-0.552088304869078,-0.651052086570111
0.310749473731695,-0.83460987814311,0.308134455927329,-1.80239697223286,-2.12648269804264,-0.212649008768088,-0.649871389239928,-1.18258557612917,-0.342759160886322,0.217001691222503,-0.839915150417068,-0.542787511384396,0.353425522084631,-1.30198871698207,-0.614707279723685,-0.283744124108085,0.359897016497593,0.200279674619621
-0.0152885274990026,1.09182111251717,0.739077235970983,0.452358549781766,0.191034401287648,-0.470865166073553,0.498606822936343,0.267113679907674,0.854486177417835,0.700852883714967,-0.349294851896774,-0.0152906019767416,-0.405710644943475,-0.0681170250683868,1.51468706284207,-0.350382810664575,-0.650462201175989,-0.84624576271605
1.64621377158385,0.209097593452327,-0.522527369692684,1.27677095650389,0.328133677605561,-0.977430737352436,0.364299421670574,0.96771813895657,0.499097621067367,1.23807125516078,-0.0393154977360438,0.775183342914203,1.31864247270058,0.394907355691762,-1.46121159932809,0.841957803030419,0.074474563094559,1.59584952248371
0.398806141334933,0.714100329226779,2.03698581787824,-2.80870970631987,-0.40948410603714,-0.23963072581495,0.950413407835349,-0.816225651178543,0.425455128697612,1.66669264994542,0.484295479672957,0.185948493762333,0.182105223300672,0.706472061164545,0.715787200356808,-0.654896901711668,0.83026584373329,-2.12447223336082
1.98772951459611,-0.486909640303575,-0.943692664787679,0.0475785270579192,0.7555213844018,-0.622180788868055,0.0245336804633889,2.00137547126781,0.0308143679634,0.42989875989172,0.146947147393306,-0.587535939604651,1.10546029844162,1.69172160665419,0.176375197574842,0.451315756176803,0.369637401686217,1.90253687001614
0.429038519348776,0.714602717664718,0.977031567718509,0.837015166323412,0.286655277272696,0.429923317943969,-0.213513661006992,0.888206992413629,0.305848779835268,0.37206632812773,0.888370857536436,0.496721690849173,0.556240784865142,0.126782428682747,0.441804481554097,-1.03220234548858,-0.574795588326039,-0.581529155614396
0.292976584915167,-1.39954060576923,-0.703913441614249,1.43722459233585,-0.193176710853545,0.641410502882508,-0.783837004244413,-0.305782864646589,0.446333955401516,-0.152430978540596,-0.26141475449447,1.34669855268569,0.927611226920965,-0.512225098492605,-1.36031090038881,-0.471501624398804,0.283849848501097,0.0549941391766273
0.132982258743091,0.255524191496313,-0.747986263260037,-1.63433425674999,-0.943012547032164,-0.944824358414262,-1.25609765777896,-0.0760639425062944,-0.723773411423461,-0.251345599442562,1.07044078392073,0.884224184489662,-0.460784539783616,-0.943661440518307,-1.74779946758925,-1.01159655642611,-1.5057981632078,-0.668543488447141
-1.58175122953416,-1.15582530144525,-0.0142852162204003,0.480231050089541,-1.22024725789519,0.509354425638153,-0.879232060195838,-1.43189956558455,0.371664943683839,-0.0714971854481684,-0.950739016443709,-1.27733818990676,-0.00807283619655886,1.12138792953694,0.631826185593379,-0.954059885514581,0.699232507355057,-1.07101858533926
0.551061976069788,-0.471445561501512,-0.0043415224662671,-0.215055762848044,0.577571026526199,0.00956779028682048,-0.555539134480893,0.708640281726419,-0.205030130089711,-0.531903729797235,-0.697545784622123,0.16592116976213,0.338566988676198,0.958332519287457,0.44280971949973,1.45759214584993,2.08059760591164,-0.418354457984715
0.577338719395308,0.620454023418057,-0.124918570732374,0.504096394941271,-0.222490699356496,-0.059747346688362,0.93094990958261,-0.430247569268958,-2.26032183062264,-1.75489319829542,-1.25869353719943,-1.60318683223113,-0.280174229075053,-0.8865251102807,-0.74707722027671,-1.19537117281224,-0.257849730266366,-0.803324228480688
-0.461965724651287,0.360455131459142,0.634377851373172,-1.2303081662222,0.173915029719221,0.709144502042816,0.308301480109205,0.656042079911337,0.36582072313186,-0.96105314168792,0.490694442403474,0.0613655247357033,-1.13970235773303,-0.410585930444259,-0.344488486806283,0.711689379790297,-0.91660729062457,-0.386840241255173
2.20919193111333,1.91534111704487,1.63825336387222,-0.456282995369212,1.95238763642045,1.78483031211131,1.5562252740357,1.41848098115443,0.587304951372257,2.27558942576395,1.20165247715016,1.14896705435866,1.34022714818107,0.939528900145864,2.10628597116611,-0.20367522656281,2.05766255043038,-0.270864140260568
1.0456610162321,0.972825163809722,0.959509765250301,1.04922920866761,1.05395196503924,1.40922404707038,0.38180419856821,0.793441338984215,1.19419419516077,1.12565389031073,1.6828851988245,0.520624404458238,-1.21394136478134,-1.79605221165732,-1.71548747030219,-1.30036936515665,0.842633777120954,-0.468188285413144
1.20695950377074,0.609227752601335,0.443302303018496,-0.498284144944064,-0.228254021034713,2.16487795246669,-0.668500520106131,-1.12850998870763,1.06077322653755,1.11598791110396,-0.408687459590898,2.18412699652164,0.263816544809175,-0.0831482524553642,1.86440973973013,0.633371949297271,1.53010120678798,1.21955107363873
0.3889240902236,-0.426750658786521,-1.65997807816458,1.31141909675665,1.15933270694828,0.931137928315353,-0.21835523374951,0.329324131075648,1.17242517053205,-0.147904025238694,-0.791281286163546,-0.633207186710334,-0.287883510104975,0.18943934621033,-0.92026791342517,-1.40392766628677,-1.61821331756657,0.560142083289418
-0.588235464990536,-0.563676421127431,0.675945390008204,-1.07792527050858,-0.0541133136365268,-0.272079485964868,0.441888590110537,0.827724371515826,0.147517473124948,0.931796964259614,1.27974155333035,1.82289838073982,-1.84598031399925,0.693602512649451,1.5727344203617,-0.343639610441023,-1.91361054607372,-1.50760925315128
-0.0832007301545711,0.761577635092696,1.72072751742665,-0.264843899855866,0.343587779301339,-0.191810851771988,0.892337371909976,1.09184094856516,1.28775975842395,-0.482319833842588,0.151807470636417,1.34875409441422,0.352336465219914,-0.705316962654558,-0.518066007264427,-0.0611630952654475,2.87619774541951,-1.19759884762541
-1.41687476254537,-2.2452135937314,-2.06340316285738,1.14629651629365,0.0258866757821746,-1.24649028187192,0.341913724202576,-0.771912430434193,-0.627966938137134,-0.745130319102091,-1.50050879300044,-0.731708540036492,1.34577862272435,1.08401555923577,0.0115872029668332,-0.237060642573744,0.815312128059708,-0.323280926989767
0.40555303608914,-0.0125769987704419,-0.261006921180859,1.53690896675051,0.410781155562397,0.738980516129319,0.478485740949321,0.0363843946399669,1.34699285231507,-0.186754879342423,0.211379063884793,-1.33332690934923,1.66866350071165,0.127465093798933,1.00301988904762,0.212889941295304,0.0524644398029699,0.783663424395467
1.68048814325106,0.464874196853535,-0.952362811855392,0.78722975693953,0.17573790359663,2.05818727561687,1.87693161383179,0.400206836851608,0.0396048263511769,0.841483139645183,1.40595604864176,0.564196911808222,-0.0594708782693369,2.03626951480603,0.84906648226362,-0.0822420315750395,0.836796260306244,0.961969636591755
-0.186494809474633,-0.364973512292395,-1.03816726225581,0.338054091871682,-0.349865567087641,0.248613730856894,-0.331686507321449,-0.310421401393211,0.414312897194373,-1.15520797940551,-1.53869616116525,-0.478656096027848,0.313292206180914,-0.486549262050028,0.0923990770496113,-0.160148003130263,-0.580450731631807,0.768906831821714
0.100966494408937,-0.423019624493522,0.7780916004399,-0.0406292505508189,-0.966042155921754,-0.336601502412639,0.62104765654718,0.0753002955504727,0.663186291998678,1.3077376066284,2.52836554098471,1.01675871072986,-0.433317888725998,0.535765539148826,1.32968212213365,0.33528606576055,0.919625843002687,-0.0955635662453611
0.353880738632463,-0.904914680669612,-0.0375632246978765,-0.792829986538406,1.17979542491839,0.056312338279936,0.936902300268472,-0.242085693662602,-0.0251275000557289,0.259063462456986,0.733520462912548,-0.0942840338948607,-0.676972871383176,0.0701421453285739,0.161857353119083,-0.0945105786839224,-0.03806100546004,0.318409493477381
1.12397243718047,0.758123299589464,0.58395830746067,0.426510910368042,1.78572449530341,0.297185293982833,0.180424306791205,-0.0640223512560205,0.758929565938561,0.511114489312793,1.34245778047205,-1.24595168448774,1.16970404117043,-1.52300182685493,1.16001383002207,1.20809849316803,1.14795398521367,1.6942205918546
-0.172569290058225,1.59177179257839,1.50196138072987,-0.636085081054835,1.50103835631504,0.405879114922421,-0.0908802167499248,0.279407322873386,-1.35291559774928,1.1192838582167,0.858701431218769,-0.161498873505849,0.66478301461107,-0.125814996300307,0.0692445538866097,-0.718761082272192,-0.586118289446046,-0.959547988222016
-1.25593124893745,-1.46704688512159,-1.78403370108396,1.54381693568207,-0.58029594709895,0.344504304916963,-2.04039106385657,-0.860327932386436,-1.29397616256235,-0.761898803016058,-0.0242460170293933,1.15316806364097,0.607413546049172,-1.48909076824738,0.492577827444295,-0.816150417905043,-0.345007842487153,0.785751898274571
-0.447836538272646,-0.682591992875493,-0.185139467549042,-0.533031151870936,-0.927832040370025,-0.336262405765634,-0.694703715505748,0.0278637768777066,-0.967815796354868,-0.867736794247724,-0.165360610470942,0.555160070498344,-0.0732248108022472,0.490502778027435,-0.561323992472845,0.212911459496932,-0.390227548440489,-0.442173355140554
0.997321182897183,0.585462993770547,1.14906642176735,-0.180866690925742,0.683603289306116,0.346330678118462,0.503551564470326,1.65252300473148,-0.247921335990753,1.06932256734692,-0.512087812110639,-0.137327680700506,0.261494650391063,1.54677707037646,0.884757149078542,0.162934667405323,0.791251926648648,2.58913291669203
1.76140897444543,1.27781201490824,0.785866818233359,-0.457199695280707,0.578344935879314,-0.0405102195577367,-0.542350203493028,1.46833962727718,-0.358177658886142,-0.460110541352407,1.17181012946011,0.78141020912274,0.111421264107661,1.19179991278823,1.52640012809119,0.509917894931925,1.75200351010573,0.877952754542607
0.0246876024448846,0.305203111579532,-0.75419572975934,-1.59563594895588,0.61418376371484,0.400334299571242,-0.0923131276061757,-1.55133009162484,-2.54496474249149,0.166980961195626,-0.61707185360705,-0.00903117784377191,-1.12647124010159,0.17552071419627,0.990346291339397,-1.90740700361757,0.565948147554971,-0.242464209347028
-0.726782222507697,0.470343123108353,-1.62089936547251,0.621358185893776,1.41184965698182,0.561041795798678,0.427004698955668,0.303663825756794,-1.46209737965043,0.485391999611876,0.0994053736941248,-1.95195176732713,-0.685192318744529,-0.158992092358969,-1.70826598059913,-1.96154717162377,-1.25904558646062,0.289727662991966
-1.27467205233329,-0.964053818316175,1.09021935423154,-2.18192899010618,-1.59204440792195,0.144573686639914,-1.36835606554186,-0.515659764247047,-1.84274882200913,-0.735865939930596,0.484335004104698,-0.632356571394443,1.06679388106846,0.00107681201010242,0.602922015506239,-1.38130615424899,0.333698847193619,-1.00751581596393
-1.42807982683063,-1.9513006314283,-0.737452198204,0.843482767775445,-1.08052258458871,2.1203153370728,-1.93349170178793,-0.0618401125526017,1.0926574340335,-1.02797178218045,-0.628240200329785,-1.08679766939885,2.09937775345657,1.11816617594675,0.0933972596179215,-0.971932320729656,-1.02603494926397,-1.27230869965561
0.712392992693342,-0.344613296521584,0.501520885833929,0.629940834870524,0.00484767878551769,0.469185532745659,-0.650769241856171,0.0322142160970558,-0.504838740648301,1.36976132196878,0.378184205438108,0.395692870778057,-1.15683711281043,0.636728896567081,-1.64359137645845,-1.15812718353333,-0.886666940399217,0.230149034090784
0.197535758606117,-0.992893386809885,-1.60934131610762,-0.2053091854212,0.795477214357714,0.241802510440817,0.838170823901875,-0.352728774106057,0.1859066280371,-1.75921393933089,0.208290671671223,0.10083323932804,-0.0808122045592917,-1.42731203904092,-3.03905732011489,-0.616604712247053,-1.0842373682554,-1.02965783523944
1.14788872170062,0.408391348268089,0.352794522432467,-0.702325856619538,1.59032980233554,0.877253294897762,-0.224542936406608,2.46005347276445,-0.201581139677071,0.230307673389924,-0.0583961598107764,0.367789861847077,-0.311749851516859,0.0936761906388139,-0.724322958185181,1.59679199025383,-0.0415526828456235,0.148322974372792
0.218336021397203,1.34921944852225,-0.266351979206451,0.0466211399224154,-0.0207811938687326,0.423194934928457,0.796526677187166,1.43827325206489,0.118170192470632,-1.20830563674435,-1.0401832275513,0.0216026570294828,0.252131526356899,0.414074623026742,-0.251320690699286,-1.29360282066261,0.860615834460195,-0.371290686081317
-1.48001334106665,-1.29691925965287,-1.04147551948245,-0.68598716173185,0.603830290486031,-1.25202110668813,0.759405339391213,-0.266506925042663,1.54871934215764,-0.069974319131736,0.556643029681107,0.93553258524864,-0.377944015402254,-1.3196697267156,-1.01638306486129,-1.43274991555387,0.450708631110317,-1.7812864561674
-0.01100859755243,-0.416683554502811,-0.837988661556855,-0.719828041098518,-0.988203264708389,-0.352882349078788,0.201949358147038,-0.811548666265575,1.97984290555656,-1.27025086435492,-0.190791571186887,0.284536005687686,-1.28628705247779,1.51296459705669,0.762339211626962,0.533949597757011,0.795556974144791,-0.435947755326383
-1.38158350386686,-0.717333965315244,-1.97603944311984,-0.239304544458174,0.396902024730561,-0.0593611878366629,0.393188308721406,-0.734092819557275,-0.394264281417107,-1.56408436340634,-0.208799872960902,0.727945246875462,-0.694700463436743,0.364874327016465,0.255268018493494,-0.0652192660151764,-1.78504830582352,1.14091127354885
0.678573614720527,0.00834960714457205,-0.86123905739893,-0.269630808430458,0.129716419162779,0.98835453855031,0.258657006982373,0.000770107445352199,-1.03309455058976,1.17312380752632,-0.833496790418608,-0.0998037565247882,0.0704673244659605,-0.672038352960359,-2.26364726026115,-0.121274032278006,-0.25381074457446,-0.603887634809943
