"ComputationTime"
1326.834
