"Fitness"
9696.23037604581
