"y1","y2","y3","y4","y5","y6","y7","y8","y9","y10","y11","y12","y13","y14","y15","y16","y17","y18"
2.29458630319968,1.04049603727964,0.608723117632921,1.17977223315223,-0.708014444953256,-0.215201933028391,-0.0873758185386188,1.06994482590656,1.13174316736193,0.232483418180719,0.939466169626233,-0.941653147085759,-0.140377497259028,0.385394654369468,0.550843141325526,0.621224203609769,0.863249054447446,0.0681127075785465
-1.00432442877346,-1.80242080507255,-0.784202529011255,-1.33470533958899,-0.359362248097802,0.892101396362164,-0.436195496550382,0.0625998618774704,-0.964302901766429,-2.29392124679971,-1.00174953653979,-2.15861708071979,-0.508470140024842,-1.4622527836009,-1.83504305547394,-0.8857758180845,-3.15291803931932,0.500948760295449
-1.3024795454617,0.724316646611901,-0.728104293007004,0.166854487859918,0.62282961166241,0.484170369546108,-0.285593699094166,0.743468987908775,-0.509184447581194,-1.38896505735002,-0.446931249297835,-1.15163678075918,-0.538435681663656,-1.35700888288303,-1.47291708683839,-1.75273004515001,-0.790363661089908,-0.486225687898441
-2.07105746636074,-1.22830220407127,-2.27318732269826,0.473409769239448,0.508007006213629,0.660428306727813,-0.571650154615958,-0.477321489997521,0.083322461271441,0.713332445769526,0.70711867769673,0.449907875715653,0.374032360840029,-1.57676560822291,0.356650662045989,0.477663946655227,-1.11668086305994,0.0273371673853563
2.37102049728599,0.931017331491658,1.45037730872398,-2.24572597403325,-0.771985448820806,0.113758589195561,1.75956045661744,-0.87343237112401,1.27569541040712,1.03209853841129,1.21527455639694,0.416119629834668,-2.15418417767446,-0.317109092481564,2.30796374804266,2.22866022362108,-0.0618054034451569,0.0911711709650982
1.46612082591707,-0.0362182525349584,-0.190515497398514,-0.56962466789065,0.27150502431805,-1.33486816140907,-1.79918598038548,-0.385259580055778,-0.360215858250919,0.293025176848322,0.486589499198639,0.375813708153727,-0.27108672474517,1.10572495772031,0.408684614749134,1.58200654120124,0.933108642206948,0.372043760884921
-0.300343427623833,-0.786984072712617,-0.437032802675964,2.29858717268587,1.29362379177358,0.246348846870792,0.610980008938055,0.330667864341536,-0.835903583813922,0.211982292387946,0.961582945844317,1.36116286585976,0.203882427861884,0.718178710237802,-0.199532344451859,1.88254725353054,0.459282070156934,-0.0132351223021967
0.180219362852337,1.81574582014872,3.18298525318676,-1.02061806360074,0.193210046847606,0.822549307837149,0.159704763792944,0.0277927794346642,0.709441068590436,0.224323562514552,0.908557456531504,-0.732639746855181,1.14195876957479,0.665021956880379,0.0340545183186005,0.371050691255957,0.109139520752314,-0.26864026138143
0.211316706130625,0.850531634374477,-0.62449214844052,-0.486716285630023,0.56158187323062,0.547938903132207,1.39646845404088,0.445522348741018,-0.638710443183331,-0.372846773741871,-0.533276610490899,0.18333281227788,0.0227981862939738,0.175479594036099,0.413860449649786,0.739909056643138,0.16280036754781,-0.348215931734546
0.495863267701253,-0.178724366230451,0.178096947065586,-0.0688962884639518,0.532714547513929,-0.061171950042628,0.304064716838717,-0.549001466006495,0.516162100678205,-1.26370234399709,0.971428938274332,1.38714213201957,-0.18215505599725,0.787682244433658,-0.527578487153294,0.572678446424876,0.635411365414812,-0.192932367576078
-1.39955055457488,-0.207918616530268,0.506901221967515,-1.44199734652202,0.405941797129171,1.86882186658896,0.448638181970317,-0.718404201095765,-0.480392153027478,1.34452715377572,-0.942381928739732,-1.04670205379142,-0.130277462988558,0.785610662272602,0.881938300528151,0.362634516009039,-0.563725314488878,0.882805085164198
-0.780553375523197,0.637910219556297,-0.451284161869548,0.818777853896736,-1.46692545233222,-2.83046554205031,0.234945048804021,-0.965495562282763,-0.549504139171582,0.0628057787685416,-0.589335576863756,0.534074269736243,-0.293227252692903,-0.0635344177981723,-0.13770288277525,0.384725647664262,-0.00177817952039327,0.0693956246940986
-0.507230832930283,0.0604231773055984,-1.67088125117726,2.20156917439043,1.36146138049293,-0.0275597105259272,1.03323104854774,1.88181451283145,-0.204327563542838,0.0266107587602326,0.035798394824532,-0.370675505859085,0.487365956118694,-0.305459995101378,1.1735592465605,0.347855082419335,1.12148228808911,-0.974894654883709
-1.97995495191608,-1.25507604001723,-0.832992015423857,-1.26255632492698,-0.729367890360464,0.202461154391244,-1.41254198678041,0.396154822959795,-0.508918249156277,-1.64147667536282,-0.78049692498182,-1.13841122339599,-0.0870621818949144,-1.60105396845987,-2.31627113804786,-0.25889580944931,-2.94685895392768,0.867761319016021
-0.508086893892831,0.975434881824204,1.22303578463358,-0.070135228219946,0.909451922458184,2.06700394483948,0.021405932526829,0.785380006622884,0.568011077543647,-0.101589909156806,-0.244264833829599,0.756345324257681,1.0738349690169,-0.702343360644358,-0.0817399657056175,1.5591093572045,1.03987692582301,-0.0350491854463029
0.548314609301077,-1.3769531421509,-0.565231403040813,1.55508122374113,0.658497090020879,0.26946006522438,-0.124658970178905,-0.457661758633787,-0.279967266820805,-0.0249582876242591,-0.0103862686038172,0.225990406843697,0.836178618061864,0.164561885456397,-0.63153569126852,0.169873473336108,-0.742446528574427,-0.220965470928711
0.167080505176604,-0.539802531600469,-1.49566139693908,-1.21213530056795,-1.31128229926975,0.239346303962611,-1.20416586352337,-1.51853680288828,0.48365701476378,0.0760639520515048,-0.031975087961463,0.752565778978826,-0.22048992144116,0.889510021377456,-1.30128795542305,0.269842817015552,-2.10513074776436,0.600403762618498
-0.386543143401844,1.27554015524488,0.663929675785239,-0.0675493832217067,0.258596775956448,0.5799290036728,0.781269561367735,1.49353992519606,-0.333804189804455,1.27928497716103,1.38634093987849,1.44536977103957,-0.434147286212808,2.53514132666311,0.877279226994933,1.05294591393532,1.54502848739352,1.06895841823003
1.83673000454718,1.19839824922397,1.47102628106236,-0.767069097407537,0.555385130493183,0.173335698044186,-0.719929323953187,-1.18779377309491,0.525079024716573,1.28895868411869,0.533429842879236,0.176854721921807,-0.502748465723505,-0.837341797997869,-0.0167850459871718,-1.08080100747678,-0.121743856108734,1.23735572246682
-0.551161548482984,-0.487559657010882,-0.585667215703544,-1.02148625356673,-1.40997417063215,-0.748105761896162,-0.62237922486883,-0.0962465488770884,-0.624719933107085,1.24525948200757,0.239522850084579,0.450476526672844,0.896871537456362,-0.764968977572472,-0.209888130778444,0.900727811839893,-0.193727875609808,0.863676615097489
-0.219613264135089,-1.00792541594649,0.787025487892784,0.677583922715,-0.424862080049197,1.93870564595315,-0.482968519749805,0.789524245397755,-1.27088473414229,-0.221692939261013,0.807298982191495,-0.190822163918244,-1.48419404775535,0.439868079064525,1.21131708499313,0.0236809287562954,0.9538636868796,-1.04038108692148
-0.0369067944682353,-0.114593155699576,-1.30299279987315,0.839811628088958,-0.364721577495786,1.18585593435389,0.694925821606542,0.464859273889901,0.32364185033804,1.11234583921505,-0.495892040764715,0.957992216559852,1.29250209109191,-0.00164111823602407,0.166024118650423,0.649368787506472,1.75139690098698,0.563445489423137
0.998288876558926,1.43980748114376,0.360900647996178,-0.276457143004583,2.07592933725621,1.05482551142797,0.124504924222509,0.551038117541056,0.86603151146396,2.19167589904634,1.06294326104974,1.71646501288891,1.26784615525057,1.88184875461177,0.579361911306066,1.59689902679164,3.47455993514575,0.839562339419853
0.481361812771293,0.735715904326108,-0.395737571537102,0.0935297466688881,-0.870451537155444,-1.30712662398377,1.31539379124091,0.650470183083176,0.232097134714044,-0.64436112610851,-1.35665483020219,-1.01915880048945,0.27894821837022,-0.431250359809798,0.379650261337844,1.05193655467078,-0.439029959550991,-0.586033892607023
-1.37084360610115,0.0738401632286304,1.49297448933985,0.912891869438833,-0.0377579550814179,-0.77384719042527,-2.15082902384322,-0.453542145639922,0.398002639247268,0.885656317361353,-1.02808842729133,1.14045602559436,0.337075914816766,-0.37762107918807,0.420806826044415,-0.225751977278694,-0.784182712354291,0.586700554839126
0.609572295200767,-1.12393950205863,0.237517554995623,0.50352495036534,0.0275026349834978,1.03497486498496,-0.443481063774315,-0.975951444049304,-1.05960748872086,0.0582106368604887,-0.686443645963719,-1.23312657919898,-0.253431864163518,-0.559874592812948,-0.0276404989654081,-0.432112722934729,-1.60757708787478,-1.23684930137614
0.237873755308996,-0.666097300732488,0.673947373995936,-1.55656965837809,-1.06121284347617,-0.673591163892517,-1.38358774080629,0.812936710946847,-1.40049980585965,-1.6090748898887,-0.999860607085465,-2.11628464964339,0.611588507103301,-1.85526927246068,-2.33258446483547,0.0417855036925104,-1.47850807479384,-1.5237883244889
-0.209009984877337,-0.0995653720688439,0.728558556469221,0.267985318845667,-0.938607386240779,-0.0970643895704608,0.818807058236384,-0.160375511514135,-0.550145911074063,0.424406827509917,-0.218046129838473,0.34475175645904,0.414876010591887,1.11443029215501,-1.08066472892822,1.39817160078284,-0.754114322050642,1.35396094374279
0.0977577753185104,-1.06753567940577,1.08751350782178,1.28076942274301,-0.276622848725381,-0.52295188097942,-0.061333254820805,0.187679519747775,-0.157950077879868,-0.333465444587215,0.939760770346108,-0.710679362585197,-0.032986652297544,0.101763275211418,-0.185033020981955,-0.349097475864731,-0.984889353208409,0.00070016791783941
0.443804870094015,-0.392835382416894,-0.513923982205444,0.971821724854808,0.191341371119982,-1.4429923277381,1.1729307841163,0.881074429534842,-1.13180521135678,-0.642448647552976,-0.155349019296587,-1.37650099838405,0.766109041732704,-0.730039572041023,0.0788292662174545,-0.0175546213279721,-0.809857728062622,-0.656578271049806
0.919846443711284,1.56305244628503,0.958783535909348,-0.233136726036369,1.23718530136418,2.27138265539492,1.45255046314518,1.00546215974736,0.720442547301215,1.05738183614286,2.16508694953665,0.0797133866034403,0.874358634464033,2.05318051400492,-0.436149258701636,-0.261724119916359,-0.202272334475347,1.39315503796732
0.655932606497918,-0.0808164911799893,-1.03116275679746,0.98957592196817,-0.374824812604499,0.830885048686434,-0.219662295946692,0.471662702576674,0.00572275675177982,-1.12149914176004,0.470783693275708,0.165639276134934,-1.01229580350272,-1.68833827248872,-1.30815223694177,-1.43205943838926,-0.279273779670082,0.782248970757081
-1.02108214476932,-0.246130373587717,-0.982600367973081,0.486177283051919,-1.60096523738782,-1.02653219311124,-0.633018156637307,-0.261348480621712,-0.077308813722397,0.31497670157646,1.06640766616837,2.73680573830506,-0.449102433467913,0.252448390017091,-0.717044208176714,-0.158884410991282,-0.850480640741532,-0.466576638754918
0.117375445348166,0.405618944563086,0.0870575245107967,0.6446403422434,-0.908518880620855,-0.485741022143344,0.818117838020543,-0.942527800102801,1.09170331566558,-1.48864360746546,-0.0415435503297042,-1.217332429696,-1.68579876179205,-0.145280459807946,0.250113539667552,-1.36832059604619,-0.795296041454167,-0.235675506037447
0.509893131669116,0.474086022367548,0.239829814300462,0.1289721938097,0.109262975013399,0.0735326142154769,-0.645472690223986,0.591963457444707,-0.652887427116073,-0.0357007190036704,-1.20348063061942,1.60541166126919,-0.508835652370939,-0.840487291391001,-0.745240657179674,-0.65849501235363,-1.36657671817294,-1.95331822519052
0.767290252841415,-0.116706844697909,0.421270133843244,3.10351728474156,0.61074418866053,0.2460032089225,0.188318619624559,-0.344263174811231,0.298630366277274,0.8132153195236,0.736976493100183,1.1610180576578,2.6469632323305,0.293693270019623,-0.0277239844802162,0.5090906369224,0.576876671397357,0.0199409550145918
0.701121053818216,-0.619430014534332,0.719453208654434,-1.86967156706474,-0.30523432736116,-1.55138108623746,-0.737062679797882,0.638663077301044,-0.836191223532679,-0.895413060594692,-0.698668792664704,0.766435967350751,1.34052308756725,0.320768108758615,0.450906225951089,-1.31843995224718,-0.520227618980318,0.282118363592318
0.299400383467595,0.316335500882327,1.00245640127779,-0.671232247442375,0.191160110034031,0.749789352217711,-0.180735868804004,0.800878704618198,1.00595964474277,0.333587942425084,-1.71358737796148,-0.241163397885701,-0.980024626539607,-0.0964674737887081,0.129302863990132,0.844724241727963,0.706008907633675,0.659710322747
0.367186111685039,1.32820543782177,2.05305244013021,0.803034667516482,2.55010994778509,1.45634459553937,1.86322323580527,2.25414988365731,1.52635425558579,1.15827294976354,1.91029712495826,2.2821670269323,1.23496345092054,1.60574081799426,1.33409354289993,1.68494729079918,1.37585699284017,0.951659766592112
-0.506406123134487,1.23051489776446,0.479678390895639,-0.0127281675965322,-0.77381291856452,-0.558063520792066,0.63015958715445,-0.449192835111892,0.288399045897348,1.03350604024214,0.539037287666947,-0.912007380100254,0.486921210775259,-0.46022044652895,-0.929400359149034,-0.162713400873748,-1.09937818056859,-0.517058482148402
-0.699536551896399,2.22259447610524,-1.39589289892505,0.184148546134232,0.315246398748985,1.2624356292425,-0.395943324946286,-0.12090921433516,-1.28553327271401,0.955172157254931,-0.213279086675754,0.145338894682242,0.243103238206365,-0.300001841050445,-0.0374114297500665,-0.916832013171637,1.24561282997671,0.711655847350902
-0.0839329687378141,-0.560044362701487,1.17123743328322,0.76758722450211,1.88895243624627,1.45351862064985,-0.132153636381473,0.822930695419559,0.500414546703609,0.52038069719453,0.650753348197823,-0.242043427358732,-0.528771710909874,-0.350025471739719,-0.499517445886628,-2.5407641250347,-0.0047191413536456,-0.794253444712016
1.48607167783254,0.426205366939415,1.7077409312827,-0.67258605647972,1.06169774909416,1.38261672537105,0.33957028511921,1.42866036828713,-0.166221508781846,-0.273148671095388,0.331533319782539,1.38091819578914,-0.730789169172815,-0.317415631247399,0.968564862455466,0.862894179251445,-0.0857572481439101,0.964775890799921
-0.334546628419057,-0.0585294739742365,2.00368443746468,-1.7389300040097,-1.23243758187818,-1.24329989377677,-0.166551868922816,0.541580158963648,-0.0788368741266951,-0.411625845444685,-1.41581508595938,-0.24104683858334,0.401196715261234,-0.0172649757526004,-0.756532442173025,0.210357812874589,-2.52799870976113,-0.0962158544401986
-0.04161561137618,0.372095440013561,-0.0809804122672483,-1.20919547767435,-0.478980410082117,-1.12773275999641,0.408931741181365,1.24423896656258,1.4067731843894,-0.677374764327276,-0.134200138147988,1.27166345958923,1.32645126022063,-1.38759428642535,-1.41681305226738,0.487968866091317,0.968635496026741,-1.55340728295562
1.76659158952364,0.206668481232836,-0.0423956204890428,0.989071891234345,-0.134184289644477,1.84230319134795,-0.136009147430091,0.778610591617557,-0.286577458998744,0.092080788063786,-0.298556822708272,0.169740804532649,0.689326490528277,0.947562050018595,1.3291376666903,1.43862156332164,1.03884894602761,-0.725811395584539
0.700905321515544,0.235499809915813,0.220094402132558,0.318619765333084,-0.498919756395839,-0.379449652119448,-0.438664384166445,-0.771055610021964,-0.265168621999474,1.24992171105178,-1.22116674358931,1.05895127162926,-3.59222350692985,0.0986834023972555,1.21287732538035,1.57273198171886,-1.07150020954875,2.24079836430037
0.00538903947166159,-0.371158976872855,-0.570434126785094,0.629399772833946,-1.31906097213377,-0.463633932810584,1.08591543733766,1.21792110988248,-0.774746231488098,-1.78331825642426,-1.44037085575473,-1.55287129955009,-0.0819612170765989,-1.04551796134794,-0.937858579737432,-1.35495271967776,-0.7572284601223,-0.694909969943543
0.318219155623802,0.480540102107294,-0.414146752032056,1.66453494183031,1.67037726453861,0.668663881280337,-1.33177335117904,0.504600548636831,-1.24992181955477,0.0142805092308649,-1.22839177345961,-2.20289958442923,-1.94527642227889,0.365646753334801,0.827095845482543,1.00593156096978,0.278421066165144,0.125835993494069
1.43736782739855,2.58430907588191,0.309078699786353,-0.00719060350017525,-0.239922205404397,0.852420443455946,-0.521021134631443,2.01373745429897,1.40838737592219,0.555584975794617,0.374825406413605,1.16550281126777,-0.404154906720273,0.27881348275135,0.335054260779692,0.27721343016903,-0.269847587937955,0.83484175868992
0.666792480910346,0.809345264576571,0.702833589335226,0.948609042201008,-1.56436756609393,0.202259285385573,-0.876702392303062,-0.871919844158462,0.681579589447304,-0.190959125211268,-0.444704384004934,-0.662354902779442,0.2515241773927,-0.353637000463891,0.881085000268956,-0.249487191677844,-0.269213510833249,-0.260216718544195
1.47675069941931,1.41658802535624,2.2089304265673,0.166099237438228,-0.628903573780902,-0.00235643605181693,-0.244929483260229,-0.409502849418001,-0.269077214216349,0.344831988119662,0.281533869961373,1.16698095173903,-0.798990292721292,-0.634802978410505,1.44309802134295,-0.496384479870189,0.891069781904305,-0.354667059339753
0.266790105013636,1.15789594497169,-0.0418228962307174,0.0813281730241369,0.74928051495654,-0.635570137782632,-0.184382094533526,-1.03326219485844,0.688048372880219,0.393883120081424,2.16273053617737,1.13582618214313,-0.624693983958635,0.713720947876826,1.46135185295822,1.64553015553702,-0.959789485005174,0.62843491698008
-1.78286474399157,-1.32517064274716,-0.428871019349787,-2.14908900321923,-1.8135472107916,-0.102240853529405,-0.313132933636526,-1.5343782930818,-0.326080956769723,-2.36150762578657,-1.5302467756186,-1.0585272202069,-1.3184578600031,-0.778147273111224,-1.50094600557911,-1.50933434620601,-0.200936080670489,-2.02891056970254
1.0351813161406,0.390723226250795,-1.2120996234419,1.45975464231466,1.89715776100202,-0.792136625507597,-0.145009142557329,0.513405556581053,0.423565616953454,-0.183655477605155,-1.17990763137539,-0.639471176643808,0.750706612843523,0.218600085467434,-1.10114065257528,1.90728408930579,-0.613605169912256,0.758267493290625
-0.30639928079762,-0.0702810553726287,-0.417540826916856,1.10373566771261,-0.760164464121923,0.0842044201160111,-0.953788593055483,0.250782044782152,-0.060347576959766,0.363961838806582,0.33375325355615,-0.260089204531235,-0.360646539156263,-0.815202998613369,-1.24497919270935,-0.0672925869788221,0.0338287381066686,-0.167198785192715
-0.246853866918772,1.00674235075551,0.0132056259498195,0.940565514299214,-0.613903149846719,-1.94363934234023,1.02943021745913,-1.55820249405898,0.813970956420686,-0.678331235239357,-1.04255595794811,-0.39033618530832,-1.75916822113141,-1.40560423671581,-0.383131020279873,-0.400020791871416,-1.39540786343361,-1.37030170621054
0.142428402170948,1.90473684888303,-0.464282424734131,1.51804879961505,0.596313550410366,-0.212352808172246,1.66228684768546,1.60805234188445,0.568190627360886,-0.348361479120651,-0.810732329499758,-0.220709876200155,0.763929504571659,1.20275340075868,-0.39055715760614,0.54766095988959,0.187096091402433,0.169706882418351
-0.878454183936294,-1.44511752822386,-0.00298835205569151,-0.763704633285467,-0.41955549600819,-1.30091293106311,0.850109928089238,0.146585468533881,-0.00783163194329707,0.295582031071531,0.168441979983396,1.96838121359183,-1.31906797490858,-1.27955800177707,1.36463100116375,1.30110910577238,0.437235318010127,-0.22670489091099
-1.39323442157314,-2.30206736512655,-1.68836731063988,0.359896405645389,-0.160081840281765,0.266167179066049,-0.157895389762871,0.740033317439898,-1.79000645392177,-2.626640670239,-0.585949724370807,0.0850625305251787,-0.432965697867672,-0.826171184357392,-0.972723676319476,0.0615208745856577,-0.48824648727564,0.246494878881717
0.733606905282221,0.341754154272566,1.4677893449353,0.126522478720238,1.28563204727251,1.47159730293617,-0.277200662410948,1.15192162817348,0.0606342410138374,1.41253420035026,1.09144253684239,2.63944263312797,0.624047130291809,0.576547395526912,0.560287001375072,0.948322551882992,2.23598233502324,-0.159330658133927
-0.24652352078379,-1.13106905137233,-0.271382613401037,-0.319327693335202,-0.141073784808731,-1.51040410369008,0.276222761576153,-0.663685678049532,1.71905689830339,0.559218835517849,-0.83436134501123,0.0556937347167805,-0.545881916952171,-0.022992782513799,-0.333365455780185,-0.0440371038633382,-0.733415806566402,-0.0834023746808296
-2.55651190458121,-2.72362254135993,0.674037690561784,0.930915942281764,-0.194945893182553,-0.325859891121354,-0.164134683051275,-1.8330146720737,-0.541469101915633,-1.0241460049852,-1.82038508224861,-2.67540419418603,0.430489593107848,-0.715732222678759,-1.18980823326499,-0.317133364347779,-1.37763396000624,-0.808414600721316
1.37394474237369,-0.722626271792474,-0.744722325524204,-0.59912096531313,-0.103201729969465,-0.281995056795118,-1.68630712942001,-0.784666027755169,-0.485248850577995,0.0209884281179043,-0.789604854229458,-1.48962669834496,-0.80928106029108,-1.43065463228442,-0.0517820972554819,-0.56810770655386,-0.234129862831732,-0.40675928591739
0.907827268773095,-0.300422137000151,-0.534286668017914,0.469247061126436,-1.54721176711291,-1.28142682090288,0.571240778855043,0.521248939611067,-0.45641850790135,-0.34191776903934,0.684733729737371,-0.56470765227313,-0.0348113289991642,-0.423021683977537,0.180585082363964,1.58431717943796,-0.867739289085471,-0.488077811900666
1.54315402091921,0.656276405813805,-0.049799670413154,-0.365859371447906,-0.630106054977172,0.824401864593664,-1.4761905231129,0.362385872754942,0.888875720943239,0.421149588926034,0.173437143592814,1.25899202082623,-0.0825963913400612,1.35017635653793,1.19705802540107,0.401420300120299,1.49609344864926,0.435461636257904
-0.19354168893698,-1.03092586540509,-0.880575279257519,-0.432439650099818,-0.992631802900618,0.215983932198046,-0.692627994429341,-1.07066485737562,-0.254329879765248,0.0157873894005291,-0.0903697214864196,-0.620226628171088,-0.402371680587284,1.03361989822868,0.244567970139627,-0.466231384529959,1.61747583724269,0.191625177042169
0.851963687554293,0.413081965436885,-0.895441299414486,0.020524829800526,1.32770913205121,0.502807647741244,0.264503767434332,-0.773156537258402,0.344264420486936,1.49558591562455,0.0292576230476234,0.316261879762727,-1.2833922553845,1.00475503170568,0.486804004779047,-0.543729750318016,0.524803264076702,1.13035311769422
-1.39070184584789,-0.368206322425898,-1.08300898523512,0.068419756821887,-0.232919699765572,0.952094762265693,0.137225396935636,-0.201679102983505,0.111643485780226,-0.114149096909042,0.818185399371946,0.363894200946259,0.141545543651273,-0.247814161385822,0.44805527263406,0.0328717577527651,-0.232981772457871,-0.519911822106602
0.129776625795517,0.244026121574948,0.226596920508284,-0.319386173706165,0.364144325062471,1.05995072179887,0.188250081187829,1.25381525506973,1.01221127163633,-0.110414730126979,0.215999747943571,-0.216518829415387,0.794373395926152,-0.00823066814353735,1.00475320641646,-0.60545277060628,0.0839864161861066,0.705158270989127
-0.229652037393489,0.196523216232209,-0.818317462851835,0.060686671163425,0.284921872116925,0.509997876066781,-0.457426972308189,-1.21840041453151,0.934573858162677,0.500480285292093,0.234656583723466,1.25635073307108,0.361191372802848,-0.194896071470782,-0.436377982854249,-0.578081777090717,1.02546942998543,-0.659771844128923
-0.718897150053707,-0.0542595504479895,-1.92453540110444,1.04041602533466,-0.492570257605516,-1.76340365233106,-0.871039925603871,0.803326801073546,-1.27250064336287,-0.0704733987538536,0.0544917733929443,1.33935694568457,-1.17718147880939,-0.577771007965154,0.954574836767819,-0.42650380083223,0.0136386223824416,0.455012966928329
-0.453624176440289,-1.13099504691804,-0.410692090091721,-0.17412204620962,1.17453439548927,-0.0965569169131933,-0.566533257083818,0.855668780612808,-0.441474898211904,-0.121764211426337,-1.49052966463362,-1.11087951213953,-1.2278652488311,0.259342689330371,-1.00503881905509,-0.547194837339476,0.283821811411915,-0.771541928685856
1.3895874258391,1.27024876035363,1.02358296386651,0.233016941638561,0.233230326197821,0.908918358917037,-0.171524953643256,0.685910092604061,1.26506536190577,-1.40354744716515,-0.382863093513095,0.832404201337938,-1.32127702599344,0.0947677766399509,1.21265625909475,1.30031133518509,1.14382984894925,-0.421521450003966
-2.01605954147334,-1.07367140710591,-1.02956012617163,0.891044672531496,0.82749899638602,-0.390405022105341,-0.961226212611444,-0.871369877479059,-0.660149929226624,-1.50883661359819,0.97788842912437,0.000572222705087741,0.0939786902163128,-0.137181705350904,-0.376802814722517,-0.203761821790075,-0.420216455522816,-0.560814664298509
1.02360153516236,0.423466278851413,0.113480082273826,1.28016177546687,-0.161624278433795,0.486323854971444,0.524365791590026,0.804406667063894,0.8752371920795,0.261534056280695,0.634997424657884,-0.591657864318079,0.122324731530828,0.457479735695326,0.346208443635348,0.861046197074504,-0.304933320090569,2.08338119683887
-0.461373942165952,-1.0657778338858,-0.188703410463098,-0.825832553581685,-0.684043677465631,-1.03015038357258,-0.764880180237225,-1.11425325138359,-0.997975524778124,-0.490641696855528,-0.0218154186374389,-0.563923990652776,-0.529094605627578,-0.313213971195548,-1.47528041099685,-0.0215157481412667,-0.349956729439046,-0.0639185766979093
0.886317111190341,0.944630454642599,1.2674206194884,1.77151314680356,0.963070475744745,0.417044698291114,2.97848749506293,1.40882771891104,2.7606382070219,1.40348278719962,0.721030697551349,1.83096131864198,0.0396164891663353,0.764429248166626,0.566761979893437,0.945649042285584,-0.364357284281439,0.52093532606747
0.47186689575155,0.149225974761684,-0.731321405360089,1.35708972985193,-0.500970863086466,-0.686778260620298,-1.62130242721983,0.067469818042352,-0.499775781158417,-0.47091484472086,-1.08705005077371,-1.76856867843714,0.407057532816216,-0.644809224874755,-1.26072533548833,-1.28510939440796,0.136651429701803,-0.67670112219462
0.234801644072416,1.19642567382068,-1.08318656727616,0.0472430445314371,0.0826872728974028,0.0629682033626968,-0.250690660514983,-0.314192431891417,0.409095983111658,1.00540303775788,-0.400158459930519,-0.644570263491288,-1.19422843603054,-0.475299943752976,0.0523113548937102,-0.36056374831563,0.191885402595927,-0.1910094849376
0.607902820432376,2.30770230789789,0.3300901012511,-0.533744307541879,0.45562881778725,1.13117665720742,0.805525420463816,-0.222188048621777,-0.560802994179153,0.648773863965262,1.9862285049146,0.287130824557932,-1.44587815317289,0.67416886538318,1.36728955657277,-0.152979414685456,-0.043579098226926,-0.471799866188409
0.215753871138803,-0.817767257148969,0.447929052869133,-0.411494813153711,0.34541020821502,-1.03860173448662,-0.215219113342204,-1.66940568862159,0.374975837047551,-0.901955222673686,-1.1256077019228,-2.71649274408152,-0.365215791475067,-0.942734756141825,-1.09877553002909,-2.21661433189039,-0.808162589026169,-0.367669764211412
1.09391036660615,-0.81857295464893,2.24233630584586,-1.80208452452344,-0.37571715774888,1.82425753614139,-0.176905638485424,1.34670157450423,-0.222954683611961,0.637867919534303,0.0971338607981385,0.372194047080589,0.0136094512203426,0.421786900051258,-0.292057229745038,0.493660423562357,0.354559553741672,0.677279002398452
-0.606036588054731,-0.431359297684288,0.308296162603429,0.140938527713613,-0.672579860012277,0.38689923460099,-1.2385205640775,-1.22938255342134,0.16162313114271,-0.791140694329647,-1.71891421836155,-1.29739397902695,1.33590927986983,-2.17410077800533,-1.85520712215445,-1.10766334845953,-1.11209146706731,0.68647818564268
-0.871021369413336,-0.459565567639069,-1.7033117323155,0.289292626644119,1.39715891419277,-1.36850465089248,-0.436537810873741,-1.12043660567262,-0.874659759162871,-0.536419888417803,-2.28795888008371,-1.66019223211522,-2.02436101797781,-0.876128894589577,1.34553875813052,-2.10713874938792,0.968009735020295,-1.40552763490106
-0.987450160383736,-0.96063370839037,0.00645016553572406,0.107939706514794,-1.50838429866217,0.486495934163186,-0.585074987200909,0.113267881222472,0.000724580089900675,-0.700993314875401,-1.78741483770997,0.469286499688437,-0.454413454904549,-0.75829158871314,-1.78094894892412,-0.38528601632707,-1.06560420786133,-1.22507476737323
0.382792542193975,1.13034127678963,1.00505366200106,0.352223036232384,1.13903483854979,-1.09258525710939,0.78880732201881,0.0999675908263491,0.304954598542256,0.911103239073254,0.402167813029723,1.34772472490955,-1.13017755088358,0.205357352569218,-0.364907234225547,-0.148058831449721,-0.495974369845862,0.357331875687345
-0.607008927544339,-0.344465795661621,-0.859404528876353,-0.366535279632207,-0.622903735627112,0.562826177159757,-1.42289859256013,-1.3003381911119,0.518681956992516,-0.382804356073013,-1.50922695545588,-0.690668006589684,0.136948645573132,-2.22839680006525,-2.88553424700961,-0.364992997952001,-0.517077878282558,0.400698823378547
-0.044358049320198,0.349966822230541,0.412789979641042,-2.13183025481095,-1.53267558716257,0.382558728499994,-2.33004772076361,0.318162654859806,-1.12099702416562,-0.516442673969325,-1.55286573003551,-1.21578430512579,0.788023725018946,-1.16182501973012,0.6717176105643,0.0839690317773343,-0.464733500566881,-0.968742890385978
1.96665664425656,1.12122775157686,0.788048597597808,-0.318080277646038,1.15840976409701,-1.22256339154509,0.275785236192022,0.656632501367534,-0.43912902502526,0.524569127070506,1.20165731142156,0.7317398310827,0.0275160036548875,0.551793103924177,0.972991525792135,0.511408557003612,0.748429676432663,0.385475008466733
-0.104541190146234,-0.228849832480357,-1.43282474687107,0.600626064044803,-1.17593200900692,-0.0407589986547228,-1.38268181601249,0.259295576270724,-0.162085247929653,-0.202135499666618,-0.0204280689875805,0.110608047900516,0.0503085506718099,-1.04755970223096,-0.574423606657272,-0.630703603512883,-0.146725695854092,0.394153715402123
1.93687445512584,2.4107894528734,1.85074308505151,0.311232627575853,0.473663288068736,1.12427406202201,1.57471572982677,1.17192355296372,3.60937518651687,1.44223752014059,1.2870219970467,0.96784664590613,0.859128139099979,1.70388558380501,0.819158026146781,1.10883118893864,-0.293316834556189,2.20903258758408
0.666190005861409,-0.318494435792429,-1.51763182029993,-0.480348626261138,1.18363984738753,0.0628827956492748,-1.08686365808006,-0.849199628201482,-2.47386306024817,-1.13119179438368,-1.06234291162273,-2.33559959353869,0.751990467469059,-0.665969044638281,-0.020800138931431,-1.87704630925759,0.293724921407649,-0.88883670716757
-0.303301215409729,0.372856475289884,-1.16807675285273,0.362223828770569,-0.682540945038968,2.24735115061332,-0.205373124820898,0.646983549906481,-1.38695038011266,-0.0959566118860398,-0.0622783472926955,-0.185367662298101,-0.288965485811454,-0.0722340763190117,-0.397025282168848,-0.553292131662877,1.09672388930549,-1.03870167466731
-1.51840612349401,-0.797505389171147,-0.870214022386179,-0.76239103150061,-2.30907419798587,-1.43081865948054,0.0140344402803812,-1.83465729302439,0.348127130072241,-0.252797866689462,-0.29472957104715,0.505634353865785,-1.59224261291432,-1.60383488164802,0.193354287922363,-1.03157089755697,-1.28482309948932,-0.224125269938099
-0.584319603928066,-0.142500828756253,-0.146537940166276,-1.68001398832481,-0.92593466566389,-0.160251638076365,-0.862093041071588,-2.0804032970658,-1.76573888068345,-1.18114905865367,-1.04631698166799,-1.18696498278566,0.178670401245414,-0.332035839390916,-0.620799584957873,-0.741309554997068,-0.855586054503234,-0.980551969246741
0.918999534362651,0.937364399090084,0.448366099535246,-0.796106757035721,-0.133574583044058,0.904751572447593,-0.0653993666985196,-0.0141019647007742,0.893466232660376,0.50451543538705,-0.145343818424311,1.34290603815784,0.0479394315390163,-0.130861310975562,0.56363250015179,0.00372287260202751,1.67224900231401,-0.728362932230075
-0.318712203923732,-0.327234166007568,0.352382928700194,-1.28033466566345,-0.017018809341573,0.799867023170572,2.16364172539349,0.435155046607352,0.218606437067749,0.173270301997591,1.39584945055101,0.487563529157824,0.625705738578473,-0.870621541792566,-0.362617552990122,0.503819087625414,-0.643321718308877,-0.043190563025111
-0.770705294669235,-1.18115528384255,0.563020637799008,-0.676446392692405,-0.229284301830425,1.13002374923191,-0.231106611840851,1.87654387609466,-0.119771672296653,-0.491144869452504,-0.448328762020294,-0.638225763080789,1.08901741508868,-0.575686681592004,-1.1555941339187,-0.926603497238694,0.393394418445413,-0.723773737149699
0.237754820535459,0.319081696181418,-0.745002558794226,-0.177994451022294,-0.541494911607744,-0.227973703448316,-0.859204500643445,-1.41353540540131,-2.02432970593569,-0.881046702464925,-1.44672240392257,-0.224515057069862,0.13894330476194,-1.51328708518954,0.383565790537957,-0.819745897794446,-0.476420110638248,0.40323683040952
-3.08377015792064,-2.16948765001107,-1.97019888345276,-0.0109406512302827,-1.20455232669422,-1.02468896738002,-2.94545159130579,-1.32440329948242,-2.35070039995724,-0.0905428122286449,-0.103158989862971,-0.952854878138547,-1.17103098147786,-1.87414475873443,-0.337507296335504,-0.278863722118709,-1.46650669541492,-1.34640187452724
-0.71861950834872,-0.108272380909726,0.929400099385319,0.163575939854099,1.54853144156591,2.09098568139048,0.0890713476286263,-0.251979847095295,1.10298973749903,1.16195553163612,-0.0848392579118156,0.31782314770872,-1.21191955073527,0.11178430973787,-0.341130182795143,0.102630075566276,0.201897714142586,0.381451386120128
0.739078758893851,0.613888105605202,-1.15099840644963,-0.651756030366183,-0.276931187769121,-0.0430790361519727,1.05577145851353,1.37321754622878,-0.823212391599428,-0.179345145630878,-0.223871365862228,-0.64608415705097,-1.34248221997599,-1.0313343005537,1.26532599672851,0.898755617984669,-1.10628095246654,-0.740439849189825
0.155210124770235,-0.949637964638969,-0.1191650908875,0.640879150437491,-0.260909128336351,0.163362092099158,0.367855243046191,-0.343690701586288,0.559723917801707,-0.836671987783782,-0.109436086790995,-2.05263673881471,0.738435196811669,1.01471095706492,-0.0749579004818224,0.714652037309868,-0.148046845133858,1.51804034468347
1.04366688652991,2.26542226825278,1.57590558243331,1.38720582744818,-0.635747833291794,-0.155141765564458,0.765112933473832,1.02698514850971,0.258038078336864,1.89354960325286,0.40135403033992,0.362803746860899,-0.207385526450475,0.158644860245746,0.1043163564233,0.0243685881151731,0.719804658671221,0.206118012621597
-0.0613419352650334,0.0787228549933383,0.277717086424855,-0.749539010630039,-0.845966744531077,-0.287665471821808,-0.816656366980319,0.450873555539052,-0.514032247921811,-0.632405208707432,0.155482329815172,-0.118388422733845,-0.270523450516106,-0.560327352061169,2.19522525044477,-1.2186549957401,-0.880842645353936,-0.431930516932076
-0.168709396928486,0.579696793723301,0.829154887706906,1.23835244111042,0.34032910288045,-0.709652958461935,0.569913375878866,0.0892468561018153,-0.148823563578675,0.600839427154325,0.282604768381089,-0.348624672634326,1.76638160295609,-0.321515984416145,0.388427162195497,-0.78594600645666,0.473141403343696,0.0535420534154216
-0.961519667869474,0.391548059307643,-0.0623080607960041,-0.877711682028378,0.831595179089986,-0.634382071782678,-1.06907230707156,1.32377873887238,-0.622958196986142,1.03857834533,0.728042495579445,0.5032288713124,-1.56704627718136,-0.631005455894023,-0.0219043400400644,-1.50626125690114,-0.00610397253333828,0.570098852935237
1.49687141797882,-0.537508126038215,0.703773030173625,1.05054451965964,-1.13826968111036,0.799737441330361,-0.100086914204631,-0.0308364398499293,0.881254487386338,-0.263192138067479,0.86050930519026,-0.0789361203208293,0.183032809676331,0.270576283229404,0.37559106421761,-0.516721562445133,-0.428814396357953,1.38763199173498
-0.136949358450644,1.00661682244366,-0.836875653453441,-0.634869391094125,0.125882012689683,-0.162276798528008,1.17334689538837,2.93535343777906,1.28713617840786,2.0011112681182,1.79634450312747,1.91537327660514,1.13094704317757,0.318369426635501,2.71341470468029,1.09048979021838,1.0731909684017,1.33064672861112
0.580806001490037,1.31394669677164,0.118944961305711,-0.83804787188874,0.679181177446622,0.820922374207413,-1.00195161018418,-1.26888386388159,1.53630222759358,-0.495538364348246,0.0116767571516859,-0.154840229860102,-0.748537382623887,-1.04323966169818,0.22360147533643,0.247040861112048,0.181979603454136,-0.0688498081761809
1.67687633578696,1.94302328888493,1.44683991545664,1.21452587730219,-0.862770921574284,0.712627318945149,-0.0556396383404322,1.09184595682172,0.748607225988991,2.11197474304045,0.493062579582468,0.491895097866652,0.881303306748623,1.62824704275965,-0.00302063487965383,0.0497548204530645,1.73313108804007,-0.322932513550035
0.699143021412997,0.10198876604105,-0.234057600727787,-1.01418451722962,-0.765948491617586,0.703227579894801,0.711178230755079,0.730819783746011,-0.211309738182931,1.18153367556573,1.96092723548358,0.0495825148429946,0.511379392576613,1.94308903463038,-0.362011117108396,0.946543506299209,0.855921117394822,1.37235305465369
-0.127701697727987,1.40184651193748,0.179184935943667,-0.0101330507086267,0.640445299871585,1.31815917998169,0.12028092504064,1.25200422478269,-0.310989540877218,-0.0412379288464722,0.623729505101269,0.635082087110615,0.723205169731568,1.22672962916567,0.599439648459102,0.393389174890129,2.74499138064726,0.90170768063124
-0.574660975239819,-0.0822596251646308,0.935610159089552,1.15515238993183,0.127069426759169,0.786417189246653,-1.29673154089639,0.0352111600026947,0.318212102781099,1.34793181113666,0.283883480356354,-0.239581618281571,1.81732816855804,0.906728018623828,0.471200143671012,0.628306943592357,1.19341719700452,0.856487240975258
-0.656732480528834,0.409696974690651,0.776697215189517,-1.29078604598349,-0.147771724024122,0.9409688906635,1.03436237958287,-1.66676554066135,-0.588643776809894,0.402020175636885,1.47312917251295,0.897906524814699,1.71102116217232,0.230745740293242,0.256336962404397,2.18137043567319,1.83559092449964,1.08134322955503
0.43605999533255,0.768950699081812,0.140617568662943,0.280574009120553,0.667519278740615,-1.71858947818653,-0.0231326261409214,0.381681383961727,-0.491966510104989,-0.156791822127937,0.170411351470298,0.91010509030128,0.0850343989510743,0.0367706456811912,-0.0177132850722629,0.413963908778988,-0.0304761060937193,-1.74174912020149
-1.00137013751566,-1.04575848363138,-1.43984511984007,-0.164434694234571,-1.79746921385402,-0.811501710281711,0.0469194987008447,-0.60075350871476,-1.27962599076507,-0.0224102797484979,0.170295932867398,-0.449949121533236,-1.17149517404219,-0.774723738408427,0.658319365087768,-1.17981815069955,-1.05277944704393,-0.884768047474482
-1.9999833877199,-2.64699019620052,-1.10247174723917,0.0556283729177545,-1.22986853203795,0.277120020944668,-0.390513582751725,-0.441988508333344,-0.981327983885353,-1.57504298975243,-0.865471793154801,-0.419317489674935,-0.821295644986923,-1.00519350361802,-1.42741242049171,-0.374695342872271,-0.321186156716252,-1.944985330505
0.835689144125329,0.35256633414028,-1.66152620650869,-0.0564690756429671,-0.167456273704149,0.13338822897944,0.952561303096587,0.564888737903909,-1.95770838813336,-0.286065018109963,-0.127644608175758,-0.474856160468859,-0.739406591135821,-1.76989184924216,-0.712142678639798,-0.344085344056251,0.223675802815522,0.643392393691203
-0.810618496480883,-0.793115395094139,-1.40191990989724,1.76414414955447,-0.0752508644074691,-1.33796549674049,0.730230268239473,-0.446476267971817,0.956635496110082,-1.13364367401449,-0.214937583565985,-1.86307368251068,-1.62375476296087,-0.593984646543879,-0.360683639044766,-1.24362645331426,0.594675983063835,-0.844348622801257
0.756193405466561,1.08035136346103,0.511740627134831,-1.27061382819717,0.627583171167429,-0.0518752721659947,-0.598926822260374,-0.440008467990868,-0.60815628895775,-0.102529004056925,0.70177952597362,1.02241183615429,1.06856520407949,1.8634021967844,1.25682370371819,0.565178630483888,-0.318811556295149,1.37464587252816
1.7632408766954,0.909548004457071,1.17072069269969,-0.391052597629725,0.584743358214334,0.759511892222983,0.0988678747036963,0.976146373260299,-0.0404226174795367,-0.282569428801788,2.5348008476754,-0.382425324582024,-0.00847767292098714,-0.354204449729949,1.14849130964685,1.54507528325001,-0.0794072637541595,0.97212654829114
1.01207602294483,0.780358942805027,1.10460031784327,0.135193508594019,1.3562007640945,0.141042943848274,-0.191941486333966,-0.673458062291194,0.0158694890873556,0.451097324377489,0.618316804280765,0.490880778201015,-0.891338076373951,0.28400704902084,0.808320235882085,0.55235056412285,0.00282026239963599,-0.0542125134246467
2.08141569776314,1.77131190831846,2.14693141332872,-0.164528454327601,-0.421842412186181,0.800524940429072,0.0693520494736627,-0.431140384849824,0.132315764146138,0.703651641089492,1.00152361093618,1.02326745145397,0.974389492445028,-0.172468385282505,-1.00097368330613,1.7128060200908,0.440735066353642,0.183257122911884
-0.0424029375865164,0.478791572665542,-0.633834078735156,-1.56726287924803,0.373549579843411,1.20783503324406,-0.964194838248323,-0.805468269111219,0.0450555580304937,-0.13672378848354,-0.0162249560655007,0.262453433604748,0.599650662058014,-0.35468958380054,0.550882077192686,0.510856138727462,0.255151930545917,-0.17523706275051
-0.170497395825863,0.441809106305097,0.594690277717592,0.595433515134761,0.239478543045913,-0.919738164216039,-1.7328346380385,0.346651036650335,-0.805367332083998,-1.1617466384437,-2.62582786856882,-0.630968871895178,0.700596044111585,-3.02446836018825,-1.01683566695551,0.545927324033985,-1.63341638199577,-1.58050433531441
-0.392598458736014,-0.0538081423416307,0.335238378177153,2.01016823615233,0.156309477365508,1.17553525222614,-1.29789818720181,-1.17712022746246,-1.00342966016368,0.603237417388937,0.218830378414352,2.30347016528638,-0.158183575787417,-0.0357550515744454,-0.0331325047650865,1.04452030117058,0.603770401260173,0.0278807519704558
0.203976367380058,0.572842410210992,-0.262894833220156,-0.0672524392748134,0.128804992366786,-0.0168546069343263,-0.445098940032261,-0.0629614902879234,0.649953491832158,0.638921636407754,0.785396098528113,-0.875524077710686,1.54259816290006,-0.336074051360389,0.567518970098428,0.00225763125240774,-0.955374471344998,0.100318080863002
0.4597563336831,0.959104250420937,0.733424784468682,-0.375962300081597,-1.50337550454751,-0.720303738733281,0.432119378319261,0.348254483901314,0.561185983102942,0.178551717489229,0.0161976886839501,0.396274933878754,0.0190957027152805,0.635202956886731,-0.819447231805898,-0.86880581429222,1.14727194176797,0.409127774947819
2.08540169569826,1.61034000147956,1.98678641139079,-0.0649193032785422,0.230521033200168,-0.470666375417199,0.265710329224556,0.848700696925952,-0.606536312181284,-0.358102665771419,-0.58665644873069,1.04285291662055,0.415935465305197,0.268356556338362,-1.10106748823933,-1.723204316658,-2.2548468991116,-0.36711364952017
-1.10839159831682,-1.57531279249768,-1.47911885324596,-1.43334036767467,1.05579929702577,-1.34225673309647,-0.0720036540522665,-0.237650441004849,0.513734253402807,-2.11016533356912,-1.0137118352193,0.772397896454535,2.07039142426844,-0.0835682661529585,-1.17670257339545,-0.930680234705686,-0.807261513263188,-1.22224454814607
1.679872743828,-0.435220363519228,2.29328758642566,-1.81768608317061,-2.26956279471394,-0.746383979564998,0.790946054985558,-0.775742217870947,0.234423347984435,0.00128654353175585,-0.241496463946594,0.375410791962737,-1.92432372075352,-0.070170027778159,-0.526497535236943,0.980546979869166,-0.598937824276078,0.0472120219493111
0.0225048220131668,0.425108937358034,0.600694562474336,-0.977896838395867,-1.89160660780608,-0.64061885521799,-0.631845170432359,0.173119129755984,-0.584276143813105,0.41874482538247,1.68503388059468,1.00264342038227,-1.72980851283623,1.38406280353865,0.0833607942539738,0.43320014245546,0.0267781306041153,-0.483113547472672
0.710341233768971,0.0353778644659394,0.532191577843681,0.125496523438697,-0.291537550989592,1.57328880162931,-0.0114426919000242,-0.974332082374421,1.12126021129923,0.274332304177292,0.588299877584318,1.05968575076274,-1.25660976678445,1.30006512749263,0.244579869344455,-0.326758761392157,-1.00439285008139,1.17362712133997
0.16587634409434,-0.112687642318333,0.230754919133569,-0.373224216024046,0.301300409090923,0.407643443487641,-0.0816972507961659,-0.0240951908217022,-1.4228614371107,-0.224269086428698,-1.68163437630344,-0.0146565801814229,-0.526348695417695,0.0229039053479552,-0.174275403202815,-1.72751064003505,-0.817959136528916,-1.36543677623006
-1.10319624061146,-1.55771209436371,-1.14173737928685,-0.993340444884405,-1.16663546459397,-0.638338944380392,-0.453552033844975,-0.697115732257066,-0.862811702562759,-1.4339577129589,-0.816736603494597,-1.13136886131183,0.420575906822167,-1.0062054352186,-1.74247274702077,-0.778508806005359,-1.33708346693849,-1.78084583796209
0.0209656885960748,0.954120039812175,1.5002055369603,1.06824960991909,1.24138013966362,0.0355755574914327,0.78558856758189,0.0218413538918796,0.787282455295967,0.570557737912206,-0.329513119178534,0.825649613447961,-0.174741289997608,1.15307651006574,-0.419093946227357,1.24237858143329,0.60300477296536,1.21470793750157
0.362063069444403,1.94018568943093,1.18425527146243,-1.45548884656733,1.06002057963513,0.620360685012698,-0.406418385149519,0.473350614467308,0.793710198255819,1.42942282691126,-0.192292180047385,-1.26279895569218,-1.39158043846926,0.711162377408008,0.0299801981236068,1.10740473587984,0.908854519710497,0.786053688660142
0.547414686565666,0.35751425199113,0.158034848140387,-1.74246579593239,-0.47448632124399,-0.22834422249016,1.63572710207069,-0.570732512885593,-0.684660407800523,0.292906973193129,1.35143113398169,-0.0658454674476335,1.27379400096007,0.342189570661667,-0.737130497356159,0.833656766289581,-0.277507730649937,0.421373692311809
0.872527713882776,0.936244925540493,0.771710755770293,-0.533684031591418,0.718232224186327,0.15046842344646,0.89933882451928,-1.30654750069561,0.449868269974602,0.490925276190315,0.290513583204212,-0.275510695508329,0.50770654735618,0.652092186898406,-1.28475877582357,-1.22181001940908,0.940468942745991,-0.702515804450577
0.340704882798584,2.4696118523164,1.21040754449488,-0.454346103886477,1.04444816829027,0.711590110419939,0.519139073355745,-1.60222736788708,0.517164867294509,-0.644392031790756,0.248003362457085,-0.937155130092625,0.371028221218892,0.14914618241715,-0.443248254356006,-1.3451805266512,-0.400917812164518,-2.1119501317122
2.08045000011573,1.03050082524351,1.51011144426556,0.854918660962901,-0.0471961148960365,0.869882315302062,0.0899689734130104,-0.493200420783915,0.567156472031191,0.0877780438755515,-0.266386387331939,1.1446162732672,-0.533452654238483,1.54246795009681,0.173121197152699,0.513226570138672,1.45088107955743,-0.343059596311043
-1.61391104545915,-1.77439630181703,-0.175836612137799,-1.78101157720511,0.608950886010026,0.827369019883366,-0.951292447682427,-1.91506384048519,-1.31526934576974,-1.70106044135341,-0.972174743462034,-0.434296274074358,0.386388788650763,-1.01365551359079,-0.371543529743455,-0.677803229025609,-1.44377218294056,-1.36257104620092
1.76255571205706,1.4587791185203,0.125372516977997,-0.982782203418745,1.49877397990589,2.60991617417953,1.68173533717732,1.50414676404795,1.64732106504464,0.934669202004792,1.91099237176214,0.211922155770439,1.17638322545072,1.45276144203639,0.527438403596614,1.32609853965482,1.46219204725013,0.251284787626556
0.498753420964446,-0.0422247575944922,-0.284054391605554,2.22601915354543,-0.458785937839903,-0.575596683835172,-0.840333954220141,-1.11859848353357,-0.597977753298903,-0.0720183001842959,0.191882198199226,0.0719432319439085,1.23189200163021,0.710011475044353,-0.728401360926437,-1.02446214629322,0.54422690398256,-1.74668431370539
-0.0774515480067648,-0.82543628034631,-0.719279908344766,-0.883541606092085,-1.3696376652185,-1.0427449354271,-0.400226715500984,-0.273472387748883,-2.44771208570762,-0.968014452630114,-1.07841814634332,0.0438014867309722,0.1046922535106,-1.6845652976187,-1.65917796725122,-0.702404252684769,0.892442423911691,0.0390818109825544
0.231661232034856,0.710191653476391,-0.564882570920223,0.127573919450048,0.834837994575584,0.169707255715672,0.469460752239431,0.454855382592386,1.30610080725746,1.32531430589389,0.505927974403977,1.1875691046871,0.684264201083667,0.897305876144814,-0.92950326395823,0.472906273132233,1.07712793208269,0.226045473149354
0.810106477878072,0.233701022008608,0.683614848008245,-0.856269501770965,0.226172310305117,-0.59069089043714,1.92723871957212,-0.0700836970798777,0.972916134941593,0.189720176770575,0.282954603048666,0.309960406991944,-1.34398181171747,-0.655025512283324,-0.714420899319579,-0.77979901155078,-0.412045645026417,0.802672157916357
-0.331305596572876,0.26285273179951,-0.788230932547571,-1.87782956116827,-0.921020078616123,0.0321831401143319,-0.816735197238387,0.651135309621631,-0.793611966384576,0.495936645598016,-1.11342027327338,-0.946424660665696,0.470903206674283,0.409522362613571,-2.18246165078906,-0.238228249855004,-1.54766452303379,-0.562366245269973
0.898036507098249,0.304153793628565,0.52441737436486,-0.205916946814075,0.0635101503865855,0.0387533783054363,0.397955892542447,0.804013578877011,-0.288657900864896,-0.511765842464285,-1.03757779868146,-0.356531484639453,0.964342870572549,-1.35047525628112,-0.911266270401904,-0.306970817639187,-0.183874498554721,-0.914020273644753
-0.45977150902271,0.962185657161255,-0.330599557526784,0.753182226832703,-0.441471660652846,0.260435892375948,0.164433699970741,1.45592748194393,-0.691875946678661,0.235022582136225,0.90642128607216,0.568973006166472,0.526993173990246,-1.09281943400355,-0.895992777135894,0.938605634451423,-0.537608993748232,0.868032460841241
0.164961593722948,-0.0882256681187586,-1.89815477687519,1.88350913593882,1.01408107260261,-1.24213595460897,-0.817549122649967,-0.600600236147045,0.0074526152955848,0.274754287822653,0.44258552597846,-0.463526752175088,0.385767174816532,-1.13388955695714,-0.0515936199301478,0.996468810864204,-0.0963908367233113,-0.445078293964076
0.572146166435295,-0.428818958480015,0.553330300446112,1.0545028892182,0.706119930839562,1.32214008761982,1.0514434537291,1.67176997414385,2.37419797879433,-0.773835064484924,0.320002110746985,-0.460480696005154,0.66802467584834,-0.93205442445303,0.199809939052027,-0.165182950293122,-0.476118063497199,-0.498259049585108
-1.34637797388657,0.184261830039357,0.883820248348175,-0.0952715912282317,-0.252818117752751,-0.847422916800127,0.203349932596727,-0.360458777405015,0.0531788840337679,-0.434582429129083,-3.5858349614261,-1.30541180567532,-0.317796016978182,-0.569077229070533,-0.134272883467902,-0.316607357814577,-1.27392592768475,-1.06094605448288
0.935674470658142,0.66123586509717,0.299558762868147,0.489886221820467,1.04233763465028,-0.645230234669326,0.548080481864279,0.57303575392961,0.774430054479038,-1.88431823257905,-1.00461020964774,-0.914361394619448,-1.04670065909611,-0.468267496917249,-0.570398306270795,0.274350926261648,-0.72416306303209,0.40269071932593
0.381925692288233,-0.270746291313096,-0.620322591978371,0.211482818118753,0.338929788010148,-0.283278237378902,-1.75984695538026,-1.11693795507364,-0.0626338446756512,0.440250724450748,-1.02368418207168,-1.23135434806769,0.00124418563114096,-0.412491965554081,0.276543633152921,0.453598720351143,1.69138698729106,-0.178303941564038
-0.974581839260832,-2.04813302963764,-2.7474323441915,1.0825547316406,2.23844964029907,-0.588610032333151,-1.63680929615258,-1.07678146803111,-1.78312904603071,-0.6784787633497,-0.676812556059786,-0.684195487606113,1.6918527360593,-0.929872699242579,-0.74042193509427,0.449497978785931,-2.25947032780769,0.568029497886726
-0.188884834116886,0.55165609645878,1.47930279960336,-0.0757635698759842,0.791416748267201,-0.535028265887747,-0.206018429242098,1.12068354472488,1.36210744057745,0.291268647305487,0.410818091506099,0.340343765848245,0.973751973606366,1.78104395780701,-0.315931322932975,-0.942600224441704,0.486364544135881,0.77620084780138
0.231579770832851,-0.26613008780689,0.174320348620598,0.184374589324715,-0.921131163724532,-0.155563064719759,0.0103919804258486,-0.299070441696516,-1.75502087738542,-1.46747418455685,-2.20553246160135,-0.325392491018806,-0.136227475844981,-2.3460364623991,-1.19741684373753,0.892792232392338,-1.15604980507709,0.0787064853473315
1.19371957332761,-1.09400740584332,-0.0341960493530493,-0.0697002589933678,0.680221079692578,-0.223207928841361,0.793600330971785,0.00273308654502673,0.58110455776608,-0.0339093223229771,0.181630590516151,-0.723061769098847,1.97449060833799,1.0908519859525,-1.4083665180277,-0.524720830427266,1.87401673875371,-0.535826248962518
0.548855459898145,0.914889550462303,0.598678011008177,0.678096135903009,1.39551078409789,0.841126429899346,1.60651214698756,-0.313473850001313,2.25484135468698,0.705658481378727,-0.541494059256085,1.04717062957919,0.421587256552807,-1.07508711527011,0.693889948675726,0.498955405795385,0.0511017089601637,0.859136221609183
-1.13775878461281,-0.778849659694873,0.84824839400297,0.381048363822731,1.98252654891417,-0.604280170025431,1.14297483437352,0.493604272941033,-0.138229969203053,0.699748664004093,-0.592606994253118,0.243277787959033,1.28284695080882,1.70711273122169,0.661319936631918,1.8812691003482,0.104459372919427,-0.000849273884858809
-0.124822558817623,-0.133732813189377,-0.75795068132266,-0.534514072564982,-0.8725814662412,-1.97709442835452,-0.70443601398296,-1.91776663272385,0.367011676138009,-0.548476479993774,-0.978583311330505,-0.241133029296824,1.57116317241558,-0.0405417485989935,-1.0517185311003,-1.2438694037704,1.0917984363558,-0.51702433952179
-0.775254543556312,-0.245883253759217,0.130123700318215,-0.964145980918971,-0.80165234181059,-0.906530101137384,0.974984929423079,-1.44921714312782,-0.674877009701999,-1.50386677044767,-1.30110512179784,-0.902210441647807,-1.15290725821295,-0.49826781644132,1.03126852680123,-1.44413367545779,-0.276994493284217,-0.571361093652345
-0.441492734626128,-0.759034947337112,-1.2598497864766,0.0263423318721081,-0.884445949079041,-0.822381917986352,1.62728353049717,-0.54357141064413,1.37849626317799,-0.318334692464729,0.217785414632873,-0.0866390325906351,0.557134169672562,-0.0109232246039132,-0.720330633927956,0.510321061909447,0.184071508463019,-0.633896152523771
-0.419495307939704,0.475328212995092,0.691113346303463,0.192803781549223,0.515091039796842,0.266079670091188,-1.89768376294148,1.14548318775499,0.176503570627638,0.395556450456092,0.31642056406094,0.784610188322948,2.07953538149881,-0.060075970410599,-0.0542992305499052,-0.486418972938549,-0.374762524131867,-0.473059202576507
-0.32371140990699,0.338544225909247,1.27815656707945,0.686689195405551,0.220060687621107,1.23287098389472,-0.733848550287774,0.491438875987611,-0.477290009457093,0.429070864906657,0.259347351947793,0.22807146962659,0.477860439760326,1.24953102488257,-1.04496993765474,0.929118717303606,1.53034949647951,1.27216353651172
2.03459789983083,0.948087248176095,1.22238496383277,0.281949467479876,-0.467949381155524,-0.157882668665084,0.38514364987596,-1.1707963870724,-0.971189409091141,1.14291570043645,0.53324626670207,2.71160695132476,0.762200101194475,1.17122006915307,1.3575717646914,-0.592183607956425,0.184967410331098,0.514485172083404
0.778631646055614,0.694243597893752,0.905957802907386,0.782211167640875,1.13206112857475,0.540774077716358,2.36373657746006,0.250821060919321,0.38932041341349,-0.938689047983182,0.345820058189889,-0.681524774873806,1.22495600195595,0.528013499595717,-1.46317036195486,1.75831861263336,0.583738757541702,-0.105159369259179
-0.572449616287049,-1.13813653312854,0.0809676714607872,2.27699793990706,-1.07166750528125,-1.55376457980938,1.16795416496742,0.536262587282052,-0.827151717956203,0.0403533765570111,-1.03760326420313,-0.0155909634430517,-0.0478441052376664,0.0396954065594689,-0.182453068363302,-1.47829415940868,-0.392951628942299,-1.3515316754798
-0.17631515073321,-0.503857856863025,0.0526167305706724,1.89741731154329,0.532239994758692,0.0244589227383688,0.604549470575588,-0.351172154036853,-1.64228365149354,-0.187803450592177,1.99547943362702,0.50470450365217,0.538458314618348,0.817833556218318,-0.682311277051981,0.208911432357413,1.39505231141215,0.693051863533345
-0.445823011368281,-0.59503216861694,-1.0853939396565,-0.735792528454333,-0.862636530836308,-0.356909228861113,-0.430521323135491,-1.39865330091648,-1.63255147283374,-1.26185246355619,-0.0216898955339394,-0.38388833941164,0.695307993633571,-0.30648770250018,-0.102296161675167,-0.630214772731007,-0.310664161478614,-0.720370579420117
-0.836428866686687,1.17988420097345,0.960876102980375,-1.92917344942742,0.148262539715769,1.94370571572727,-1.18500688524355,-0.118510559151308,-1.59168904531919,-0.43673633499672,-0.727425469019952,-0.382366083537252,0.510792426467613,-0.372668512174344,-1.19700419543974,0.593344559840821,0.708538570364044,0.351457090888579
-1.45624200298536,-2.39510704151671,0.125455623734991,-0.353704134026193,-0.199869505144,0.230900645108836,-0.578171574941182,-0.369144641294792,-0.117760977474794,-0.798476601072267,1.82113629730167,-1.23263399539077,0.0873894815948068,-1.06214275576705,0.258317809890657,-0.171970723922067,-0.738699797701378,0.379970588010767
0.796588782545977,-0.543247368903116,0.0216870505018038,-0.176685391178711,1.24769535175075,1.21414131082078,0.688419884368926,1.13006537074815,0.165618512848019,2.1207096352756,0.132942999427005,0.42823403024447,0.316891476732372,0.0823923344677053,0.0800972993350333,0.37118006431474,1.64328993294806,0.615380497301477
-2.42311358617616,-1.46896601150241,-1.54994267871847,-0.665141168661679,-0.403937831321979,-0.341488841564867,-2.3851799983856,-0.700966649976356,-2.47965561797147,-1.87442468022519,-0.928720713344408,-0.419622472025625,1.14440877265434,-0.514225602223212,-0.725655717919003,0.318294882935038,-0.0477902685424454,-1.82291751969749
0.994978435051451,0.035340020010692,0.974752081788308,0.854886038944218,-0.228019986734027,-0.842665305538104,0.814867091064992,-0.478686486279579,1.67215673740061,-0.141751212691007,1.03866983645344,1.31399862301475,0.597302186759494,1.41376320234461,-1.27375396854753,0.131670530674648,0.904215587121388,-1.11597861031376
0.554126873241875,-0.751582149990424,0.433995362559858,-1.27597265822035,-0.234824671215912,0.0570768501842973,-0.664126514619546,0.7041100502708,0.302844666302216,-1.33783025918965,-0.498082788930817,0.548884534851768,1.16854713279584,-0.0946229605984373,-0.647473706584487,0.758526277382013,-0.259529587530178,0.510061808105684
0.864786800816489,1.47100012027516,0.8220595348496,-0.868556250299024,-0.799208015710014,0.457741672081187,1.81079844386359,0.349106504706545,0.668564236084113,0.204651873882542,-0.652808491243797,0.901606905948008,0.254904258414023,1.48419062664643,1.37014674402134,0.279480859057477,-1.79171201416848,0.94671659484311
-0.512890499147164,-2.45388389727619,-0.808968126671639,0.222340631932139,-0.260671926010998,0.33315978112179,-0.440514486060312,-0.212977256959984,-1.21603274938089,-0.463493600002986,0.475188744415745,0.15782309284323,0.567559328894285,-0.264657715902942,0.302562580644583,1.2423454393611,1.23158143100178,0.303810019872232
-1.16839524296689,-0.831391942276706,-0.540792798308237,0.0204570990631066,-1.49520937184262,-0.0481549642248223,-0.267807363588074,-0.930776439588543,-2.22042288855097,-0.289875683278955,0.949450339836949,-0.625753865304942,0.534471787180393,-0.808372027512117,-0.964062757645612,-1.36899941260927,-1.54507005638548,-2.05088120381641
-0.250712083637205,-0.37495253665234,-1.17067560434008,-0.0922242905153703,-1.04727355238248,1.26998966346296,0.384010589528297,0.0392379201737347,1.18665722571325,2.21131248199079,1.19734648804706,1.28172558662263,0.832929368929702,1.83828857975716,0.246933063259867,0.989604539440219,0.832370570957619,0.515492203055128
1.23137250413239,2.36156616950904,0.734388837988189,0.370867899007168,1.14914820140105,2.08721022490726,1.86736268537767,0.336569279449171,3.3753029362753,1.53755532478009,1.32218085986106,1.92649664708772,2.16116570320852,1.35849498171597,1.98912870356929,1.3634042408631,1.85928066518117,1.57964637220606
1.83670990688661,1.62133444626786,1.83806163558986,1.41988544029417,0.504800007079052,-1.23396564027739,-0.871054547009574,1.91518237978053,0.326764168255301,3.1605232994638,0.880472665758876,2.09381515780627,1.58453873704288,1.63007349395767,1.47748577081735,0.377083549730506,-0.190866354191376,2.63335365950167
-0.316001581694736,-1.2960822228215,0.253968549908938,-0.523615190668018,-0.404073414027259,-0.618371613709949,0.0998234486148491,-0.0762630554889692,0.597866840062106,0.395343365986383,-1.56303732085356,-1.04326763521596,-0.887170482744693,-1.16748561013109,-0.678128588550777,0.365813015659035,0.409905764869654,-0.17412933227398
-0.707836307444368,-0.830427880353862,-0.231002559754161,-1.10501775661212,-1.24677303363141,1.302802392877,-0.524944828089103,0.352968495615718,-2.06517516779863,2.06423447385301,0.227074454764637,1.30307396208774,1.30670067902546,1.49476138993192,-0.0860767786063507,-1.81381568241509,0.925601991513961,-0.869790883091733
-0.771701448871454,-0.347223128560359,-1.46318319977736,-0.754652891506538,-0.529622008265042,-0.587695346689479,-0.694517349199375,-0.251272081607916,-2.20231322948487,-0.867836541674808,0.136700893648769,0.195860046836607,-1.97235033317638,0.527616824528371,0.947147993102203,0.27561442654273,0.0378608542737021,-0.96981781095689
0.683319471610535,0.979625284143522,1.54283826031178,0.746125289009046,0.0999985397589482,-0.526685150793323,0.976667159914879,-0.749347066312011,-1.24821748627837,0.191083931068509,-0.804756743566769,0.0915010164267468,-0.661274167655612,0.0976804327810612,-0.192644321781374,-0.68499214911295,0.525089299022789,-0.568383820374938
-1.20941069635014,-1.48307666005555,-1.35801019769864,0.381400478963155,-0.586419200019522,-0.290715375943781,-0.200661653496687,-0.499873752795209,-0.331916612375426,-1.44931746358895,-0.652664571777918,-0.593719506331056,-0.800247648322633,-0.210104473484831,1.54882824212519,-0.386000507472749,-1.01862715175809,-0.377956249336277
0.49013626715532,0.185059663437452,-0.0335227467129605,0.474422885791232,-0.019540245317462,0.102214037086363,-0.592596387524633,-0.409781076242937,1.01575149898024,0.198469127748404,-0.697503208978576,-0.401324738995308,-0.45014556556372,0.2338968166944,1.14781090799042,0.637931740665721,-0.0844719346197887,0.613480173369786
1.12538127006516,-0.468153407205736,1.37083135506163,0.546928230390232,-0.0400648494589873,0.708697201850105,0.76219483381895,-1.45477927144045,0.729464165337838,1.21137571229996,-0.856506808776439,-0.19898604931596,0.45916014929595,-0.0717800545485685,-1.38625257059725,1.57618146264887,0.119033264368764,0.600568374476302
-0.0203112810451015,0.761425673463877,0.213402813387853,0.970583902305627,0.669598223192024,0.436256611336207,1.88762856364997,1.91417437171513,0.924290976404742,-0.665052727955432,0.616087762713154,0.179796638655734,0.116301536967571,0.0995997730890417,0.609530204561561,1.31495574867283,0.226659194753248,1.77505415080333
0.350541567193524,-0.480949078437096,0.00882251635147035,0.55010096651239,-1.04613222822907,-0.737851849598319,-0.542435850377994,-0.240378694121603,0.789433393376167,-0.0677896211497503,-0.740121181629268,-0.0951321480674946,-1.13814711299444,0.623269766760026,0.570989542534859,-0.383561745229905,1.16896202604397,-0.743306591250459
1.34303910976225,-0.663326788349874,1.00144473869919,1.02714074811709,-0.256422720093724,-0.839651022895245,-0.292367202037248,0.184286848376497,-0.148148859253989,0.711899782782533,-0.100027974440846,-0.183092337528416,0.759622838742808,0.128616344975422,-1.16671086919047,0.210830297746764,0.757944769134244,-0.883766670779355
-1.26260700143609,1.40689005134992,-0.840146612579746,1.33088338717593,-1.19856623332406,-3.12871149479863,-1.7401151299881,-1.84527792948811,0.133165174926536,-2.15452535808465,-0.253902426605768,-1.17197566695974,-1.17611084622863,-1.03401782704222,-1.01785239642341,0.458261813322191,0.666499546465819,-0.72224136181346
0.580358780949339,0.273731326869537,-0.801022268033655,0.710695850796938,-0.815995757351978,0.367422581191614,0.37182020400713,0.620376824202187,-0.486312079505952,-0.560343818420365,0.0394432404220746,0.241335679784957,-0.82509855388156,-0.311736182637909,0.480973380922848,-0.524692363385453,-0.340453550346959,-0.269578973278346
-0.0671472428056406,-0.940437224354391,0.58973993307408,-0.835911076383024,0.165866648061802,0.462980876011049,1.90788602163756,0.934263259794865,-1.24962915534105,0.575289832469998,-0.0870284742862016,-1.16624564504111,0.859410919036559,0.672014933089918,-0.632392436716511,-0.771577377156116,-0.475569148204905,0.816146371906052
-0.204275675116686,-1.18521043595728,-0.583112892548008,-0.957808796998869,-0.134557343757145,-0.272472221305047,0.33997819780339,-0.740492935463116,0.541381112289881,0.277320091732338,1.20692276400222,0.71936707815532,-0.639632513365782,1.21667672930123,0.849142019887627,0.691277567733457,-0.394801949425658,0.932895369749866
-0.891366622366261,-2.18619239904603,-2.06993331222857,1.02282174501821,-1.17379247420424,-0.832380439007833,0.586710712661341,-0.904757235811963,-0.211759459322404,-0.875833810427468,-0.584466768540015,0.176842151219035,0.16381810481233,-0.800143603225773,-2.50698007278342,-0.19559566222702,0.672155524576447,-0.868482996166487
