"ComputationTime"
2821.21300000002
