"Fitness"
9627.04883658909
