"y1","y2","y3","y4","y5","y6","y7","y8","y9","y10","y11","y12","y13","y14","y15","y16","y17","y18"
0.989576737149615,1.20091909274887,0.388754173592229,-0.939584792068829,-0.0389177093367599,0.277203812307016,-0.0833693013518791,0.300786830900909,-0.526682976366867,-0.508945610952182,1.01542928442361,0.415084995059381,-0.227585914849766,0.661585791709082,0.930082517629876,0.631845601745003,-0.162354115354759,0.784531696661476
0.859933279378679,1.44747686939585,0.833910788195472,-0.235139924160588,0.275117799459625,0.60490057613039,1.59476310382713,0.218899147411546,3.8294512595342,1.40273990986523,0.437395793339241,0.589216633624627,-0.0495874533746697,1.26688188377553,0.752471099174955,1.87031914889176,1.40543105933966,1.08719542430914
0.954180074125864,1.57391264966113,1.9303516613007,2.19358045244617,0.166872800370889,-0.640450512116642,1.93081998888688,0.605233696451887,0.859857610065746,1.22715860964496,1.04747706183841,0.796002926394833,-2.1405036070756,1.84659804435671,1.38954152176898,1.93427234399216,-0.349025759448247,2.28969640984788
-0.0440845098030331,0.555555561366869,-0.239725674914107,-1.47076690783168,1.07695970766411,0.556856133425219,0.951186453186728,-0.544373789971543,1.47923008661516,0.714836728559728,-0.419789421970083,0.00714548544099961,0.942813708347253,-0.795403201970688,-1.47432452312474,-0.667689984095436,0.448663927364248,-0.361314315901766
-0.0862111657412767,0.477135132324546,0.654281265189477,1.03209826858829,-0.635390897955846,-0.131075096507326,0.22530168966515,1.14849097646887,-2.49276908224263,0.068473383403661,0.157932768768592,-0.642063641140108,1.17450355307546,-0.167649402772117,-0.426906489390142,-0.368172959991113,0.491373198111446,-0.28842771527673
1.94201321707623,-0.775780813824292,0.105865128851402,2.20016486520912,-0.76205095178439,-1.09514281693418,-0.0721905461590414,-0.0701119577717497,-0.162276869980759,-0.614284147299225,1.30134491807631,-0.377522673564499,-0.623656032850017,0.875441806427053,0.256448582633234,0.327204516240368,0.685926152731474,-0.0887182667406017
-1.31671799775995,-1.35555040992393,-0.629296299166894,1.24394175851763,0.711661031169987,0.0344666741170729,-0.205757852002004,-0.734517487968131,-0.137374304972722,-0.00666904066850112,0.115083872252566,0.559184098627013,0.547746330409723,-0.665152181767063,0.214042597451037,-1.66275061455885,-0.0852339053452786,-0.636615082618033
0.368955239950564,0.533025234121983,0.335752582721156,-0.449882484277833,0.699719454113625,-0.235304109672655,1.71646345755099,0.207667938210872,-0.197978771617299,0.561978373624617,-0.283141858683087,-0.354330663851503,-0.724290874947394,0.977639222642267,0.779741837022867,-0.964834489174236,0.581280310823903,1.54067500344573
2.21320039949209,0.538629302252186,1.0310270500103,0.670759057932472,-0.0719842702842112,-1.004686886128,1.15043011601353,1.20774550207404,0.32244513122174,0.129596015653347,1.37664453877912,0.447024623740684,-0.916618593089858,1.15234765095561,0.837510299403133,1.06276284520006,1.49799138074278,0.204475649900261
-0.316076602871153,0.566779040313091,-1.32388133690956,0.660668764242506,1.32802917435575,-1.03854712539807,-0.21853023585603,1.4625325569219,-1.42264159946325,0.517240625307514,0.0451963424916356,-0.474315573187652,-0.589959156185449,0.646268162171292,0.523807679244413,0.894784324380562,-2.00120661377434,1.20857441490866
0.205506993235984,0.421456076024577,0.569828797805909,1.35876812425222,-0.706994894957518,0.575889737481485,-0.356970304333691,0.790190977450224,1.20921946392333,0.805099273596471,0.681042615915407,0.874917465063482,1.0340497183854,0.557104564849321,1.03312926129492,0.0030793558090202,0.954091902588257,1.36464186308036
-1.01461749581991,-1.07277896804239,-1.23201644113806,-0.602834959008559,-2.1700024746782,-0.546281946019514,-2.43929025486386,-1.98062281429371,-0.859261653699545,-2.30860123511691,-0.621397151799135,-1.15973401918894,-2.03301780627944,-0.812897377370605,-0.883555691469482,-1.52398444437431,-0.816468684405946,-1.86214624135756
-0.11180277173128,0.129782044528618,0.967306666544896,-0.23277501654937,1.91007956553236,0.117913298184987,0.815854656922313,1.61453383522626,0.0955621098028652,0.610553272800885,0.142159266212079,0.399526941962351,0.883347687257766,-0.0965065241834098,0.230762874377758,0.806600828888326,-0.129880070532101,0.446748774178328
-1.10717545101371,-2.27361752548813,-0.175371358152105,0.578337471966933,-1.93374834941682,-1.26136478697506,-0.745563866311725,-0.358182462232064,0.397519942026948,-1.33282581499125,-1.01543071845581,-0.683331392561062,-0.11570014552632,-1.38069406241943,-0.626128907140922,0.660738650370614,-2.51422853227492,-1.21769300766317
-0.288506755718492,-0.724883597944125,-1.20036775419567,-0.0426070460917104,-0.13652558597793,0.878553038382408,1.34624684772086,-0.974020392081401,0.109061791347025,0.266511126188206,0.973357487982727,-1.12164398250569,1.0723737785986,0.13119147833971,1.15209061048711,0.720813103650203,0.63742798494985,-0.47785809305606
1.04150231661393,1.66193378009913,1.28970956946055,1.23008669024536,0.551671713016999,0.180180751031517,0.834392722122545,-1.35302092467581,1.07975910239588,0.756705495260491,1.30861898844582,1.58902517449386,0.482594944300698,0.554774617457928,0.869646599832491,1.25941838483124,0.714572883759107,0.541770044982324
-0.564191367966006,-0.689497249963718,-0.21039627131211,-2.32980773866945,-0.942738872988375,-1.11879162919227,0.176089978702325,-1.76897397333742,-0.732158113551791,-0.978486585509439,-0.749487147604627,-1.61180979738055,-0.674310031598117,0.473065750393848,-0.428567091489368,-0.436166299172386,-0.0570244073675279,-1.06118256399048
-1.13805025519507,-1.44705596785759,-0.846134468269424,-0.92010408355344,-0.972964580569008,0.570484079660387,0.805600997556981,-0.346503253134883,-1.01288919913419,-0.566917713887939,-0.346507458174438,-1.19615828389182,0.399749126567468,-1.12630585499312,-0.434496805015037,-0.794901503729144,-0.571620611461615,-0.914850790828845
-1.33129822338682,-0.571262838205002,-1.24284306436895,-0.846559047803904,1.16348180047227,0.125009734070744,1.2476871868098,-1.74103863587912,-1.47230367814235,-0.898778713014775,-0.75643582021534,0.938816084663547,-0.193088919244427,-0.53499065998507,-0.383097074925564,-0.335688453605869,-1.90513122479114,-0.0404535541361013
1.19930266760846,2.05310507391153,1.52974586342046,-0.736688512448237,0.429900493573263,-0.817584517155565,0.72025813273364,0.848766312337194,-0.164240245729186,0.803114435184941,-0.171142381420594,1.86479829248432,-0.0654414451337381,2.05565689145578,0.650416168179276,1.28025007390732,0.376300414640257,2.09257737294608
0.879002386237311,1.81149649328316,0.430851973807585,-0.388426976995415,1.11928502703977,1.95342646366148,0.851038427788308,0.630484865931514,1.70495174035585,1.54018778317457,1.2136401854753,1.04973427208024,1.06973486762996,0.394550439917287,2.51215939677893,1.78989587045127,1.71612109128177,1.08811532826444
-1.17397966022517,-1.04571174676627,0.243162539216377,1.23842824842945,0.399443772165432,0.0842558547872215,-0.813865351391475,-0.636447906442242,-1.83040575273677,-0.992287268404532,-0.418928713711682,-0.21851253877444,-0.474555369968974,0.28266337629599,0.583041147654721,-0.742315484115205,-0.40293778653554,-0.0900759485668821
0.587231385333858,-0.912531011459009,0.414893963699322,-0.38377456603316,-1.16741004674869,-1.39371235999826,-1.80175091040488,-0.955166911750405,-1.86483800462069,-2.65265826858214,-1.23729343701799,-0.313638716919261,-1.45456253157497,-1.1955582321714,-0.795807126449069,-0.864479766889552,-0.810300514197491,-1.4989854141248
-0.0359687751912319,1.99090519161067,-0.539786657866228,-0.292402502512554,0.224969056259835,-0.536894547670704,0.361440769441927,0.926404231679261,0.62830148705519,1.31040918721342,0.530246712122113,-0.861627875618599,0.605412659384396,-0.195966412103622,1.01747931739236,0.506562189638689,0.48137108437921,1.39437221030361
-1.49469363621799,0.615528245246062,-0.273772664264492,-1.61591713448058,0.0287770138789548,0.0577596844555105,0.179138965546723,-0.127565689074484,0.849192224448597,0.0715525743555005,-0.470959400803973,0.0620023620952974,-1.89794222156458,0.496060993541927,0.819502902424295,0.210945573505482,-0.873547453878466,0.274748456769418
0.120528445339021,-1.22552599020188,-0.916219515936019,-0.0790880456216945,0.880564927448189,1.31454135528689,2.09003045172641,0.533244122634164,1.86432892641913,1.01892640256336,1.59093342335659,0.60792231014404,0.962191454573735,0.98601844574399,0.268140747580788,0.370283867875367,0.426544009272715,1.09572768819874
-0.682081842797075,-1.24127268979175,-0.131036547964555,1.38589391179047,-0.244061246199051,-0.456553223611104,0.189380571484013,-0.0957074302517179,-0.643714835715969,-0.41350247935725,0.977690501455675,-0.0421691155882453,0.793499234411163,-0.722823177710271,-0.635589091311964,-1.26360586156532,-0.13801472345533,-0.154283996657454
0.677694331524808,0.421751326367155,0.355054262337058,0.793854183571465,-1.30987733360278,-1.58574637728934,1.47613534406434,0.240840468956974,1.55772542573764,0.656801458993501,0.145703825183624,-1.1706968635309,-1.75707940347947,0.635033296194991,0.87249206211725,0.201081511555151,0.768374609765856,1.05718572800823
-1.17324499469247,-0.0633779374925768,0.280485578288821,-1.07581199392582,-1.36209251547478,-0.499407525552627,-1.13244188849012,-1.03587195464574,-0.485875273390811,0.104876460409494,-2.08605893719527,-1.68228318018509,-1.76880197420717,0.827919476184272,-1.89214683213766,-1.24914975081623,-0.876365114190678,-0.61427405833787
-1.09649493383653,-1.36470394098952,-1.38491783370967,-1.36832278878057,-0.487850792446963,-1.48014548768786,-1.06173247362304,-0.697000402957213,-1.80997334972371,-1.33557089179803,-1.13899521322405,-0.665886690095114,-1.22830724902854,-1.38953024176543,-1.33773664221406,-1.91253577643178,-1.10520654618673,-2.41297980227229
0.379450812880361,1.02817917977443,1.20299365155702,0.0397859395825557,1.58709795955162,0.245330596417174,-0.639251795007218,0.849482730858032,0.605993531822189,0.334593755127494,1.21930907540407,1.51002210571847,-0.91969564163688,0.669973939429004,1.54956625666199,0.538635655990909,-0.142200881840897,1.49830405368873
-0.453948381810084,-0.0820374507574988,-0.785381540064618,0.673210631094657,-0.466102502003205,0.848448637057754,-1.44856147610398,0.463118823040484,-0.953880893944894,-1.03088695806015,-0.748784646863801,-1.05188990048537,-1.15233305753636,-0.484588154516553,-0.868746666629575,-0.746882631360474,-1.22184251145662,-0.288637091520346
-0.573678226678868,-0.826048790728778,-1.12441361937226,0.295505167319207,1.09316575754268,-0.956945567078729,-0.533326794279288,-0.290323701514633,-0.253061447800562,0.0620703347822421,-0.082585690147308,-1.4254493476501,-0.0872321595148028,0.152636730614965,0.426936975090133,-0.3213539222872,-0.473055165310931,0.00915331507229716
1.98954048698455,1.02453006207736,1.5546845410156,0.890966391555391,0.36216570429972,0.0305827861731263,-1.01991113276539,0.380939610747625,-0.124752025037437,0.366793368450096,1.38276060493379,-0.452961475576948,-0.865198388323454,1.08207300799268,-0.477174139197728,0.90973431160446,0.71729535038436,0.386514394059828
-0.149886089546451,-0.924753342458359,-1.34246262174226,-0.858104495163207,-0.652312278474874,0.820982009553452,-0.0957668426647532,-1.16624058313995,-0.970757304855512,-1.15747153283865,-0.25675492933241,0.049408884408491,2.08217589218234,-1.20008430438395,-1.62509266724744,-1.51085871103606,0.222664866013664,-1.70665934411145
-0.842602144354139,1.05188901664865,1.19956786281334,-0.44290717915059,0.178590551292886,-0.0871250124186135,0.316999336448325,-0.0156673301722883,-0.483564661471943,-0.283600079699317,-0.465371472278134,0.43854803941392,0.487565026493678,-1.68896122684512,-0.473013264330516,-0.236008718202791,0.0610777387360462,-0.747334085313126
0.0562501001965429,-0.05456624443737,-1.31412022052975,-0.617255439606688,0.657885959816562,1.6300900941382,-0.570129387637117,0.77901514151093,-0.80352153767999,0.912493018762073,-0.24748615921756,-0.273813533537683,1.76321804592436,0.0467001906600315,0.876159539849822,0.0265382579005654,0.007193481408754,0.64306993576636
-0.972819369293511,-0.254125827219143,-1.02512640933794,0.292916781493317,-3.76147959831556,-1.04165673309934,0.441033834971089,-0.427087817380209,-1.97710438442302,-2.25606643181613,0.0547860415137173,-0.224224242303725,-1.98417576696846,-1.93184728710172,-0.307364416188108,-2.10383736279646,-0.355612405141524,-1.12307131995983
0.871806658123239,1.93002224833787,2.06250414688441,0.74441600141056,-0.233266868767371,1.62777217969861,-0.41354916521965,0.587570027841511,1.93768967113702,0.680998290383118,1.33571664547057,1.82726602406527,0.59744150363564,-0.237012958754697,1.31143590285232,1.35623814748687,-0.173928590925955,1.55965886020434
0.179841678716653,0.959104459147964,0.272576045637548,-0.440948508744153,-1.16096697820777,-0.524573106434982,-0.619000452260929,-0.021747212431173,1.55617541055223,0.455478166014351,-0.867865819599829,0.138380270172711,0.441254692409039,-1.22634246142641,-0.186729889867506,1.38649234193782,-1.17430740658792,0.0163707366238113
0.108141258403382,0.0844594842675399,0.3818756691153,-0.0115199614194736,-0.327387944078848,0.510161191770612,0.849562639268123,1.26729031662056,0.00948071253365809,0.956636997405579,-0.791018671598144,1.42192196559174,1.55062173011383,1.35895714433336,0.0968974104748063,0.794228032001637,0.687210387009391,0.230032455429732
-1.14787205346945,-0.541313891944231,-0.723055163851259,-0.530819797199446,0.806121345123481,1.5832076821989,1.17341957797877,0.0331000519063422,1.47105458051333,0.898194602465542,0.0947709814460237,1.33956939251445,1.74780984589175,1.54770781040151,0.121725613309058,0.773595894232453,0.407137968906096,0.176192563337278
0.786802620070756,1.05869647927354,-0.434529651230943,0.641320662890343,1.44001530274926,0.949239141567962,-0.326408149230212,-0.442352749153691,0.629423476931152,0.218970013545539,0.00923499736289693,0.535105220092121,-0.292451863857775,0.0679587461113665,-0.597472995821695,-0.556452401538725,-0.406346071153197,0.99498514702361
-1.37432427564544,-1.66729213118307,-1.53521553754781,-2.36064318465099,0.4112628789722,0.54424443101976,-1.79546459848877,-0.991300584917282,-0.0721756507002202,-1.15276030913821,-1.38126547734255,-1.28933074242896,-0.439531685916179,-0.0635929200686403,-0.351786557034633,-1.5304774905039,-1.59056391537244,0.260105719766221
0.109692585581208,-0.310150858446311,0.365267094630376,0.937470748295718,-0.106927237796756,0.24803721962872,0.161488155025366,-0.260561769774156,0.475266227451915,-0.215734107617516,0.103758581946519,0.327963227090359,-0.217701990153146,1.88491713152253,-0.393785474415507,-0.172011977284764,0.532094464410755,0.0164481325456296
-0.552765681516011,-1.03307711082003,-0.2406330940487,-1.41259623300103,-1.57112276967102,0.439154707497642,-1.06662558402978,0.970752980783178,-0.189138186658746,0.518330592559076,-0.853141333326247,-0.372578942422117,0.780007955285953,1.78996714890911,-0.209154746968952,1.2221867200663,-0.154945238810607,-0.0690374524634912
-0.126822540319242,0.71365935908506,0.198782468674578,-0.804315818173903,1.33689810280179,-0.811796341854255,-1.91816105522391,1.81894229393633,-1.7653801593755,-0.355678304999597,-0.996438128535385,0.616258024878359,-0.0771366222624443,-0.0581318487486522,-0.273749683372914,0.445442757692751,-0.895398191331676,0.200210007537598
-1.00718588435297,-1.05133367489117,-1.39729964542812,-0.670121781087412,0.967371273368467,-1.13019347913926,0.830422613106914,-0.722580289534784,0.594234432590891,0.0734216603565528,0.188135639828386,0.511469196720648,-0.56686086649123,-0.10463538273507,0.503515296518037,-0.571447645225073,0.0522013840751632,-0.458724150889843
-0.442952893974462,-0.790464105241814,-1.11450688091281,1.01273376722722,0.964450935104278,-0.308644323709878,0.735942468802348,0.102216739960852,0.82198894156691,-0.961910436197569,0.91217287344444,-0.696408470403711,1.00051004872572,-0.0849973388934162,0.762519533621587,0.419920255279711,1.45588089831631,-0.38593033359355
-0.163440866640884,0.675516310647929,-0.764814585285332,-0.147598834205236,-0.416101427572056,0.593614445228424,0.785838249904891,0.0009365070964929,-0.746010607721193,-0.346258850760635,-0.721414264627322,-0.454563944212086,0.185240736168943,0.76046807870551,-1.06400170255962,0.203925109006061,-0.405953549141277,0.0630195242865561
-0.411023213673177,-2.48459021846795,-0.431865592144185,1.38721746144546,0.907906576391615,-0.0655707316930997,1.26667293505496,0.976971213997726,-0.975577439143853,0.982906912306556,-0.745029126971444,0.426384224448515,-0.5037978629035,2.15645917339563,-0.101240300463302,-1.21568823222472,-1.41705781413341,1.70726317800898
-1.88436616161307,-1.45199340713263,-2.39014298820565,-1.10190328224162,-0.517874633342669,0.0253065414122705,0.0256415561651292,-2.75107710120145,-1.87899244668098,-2.51873620580291,-1.41774556389325,-1.63797740236574,-1.79930704149881,-2.30792378254827,-0.785253119888668,-1.16100115202032,-1.96382265325262,-2.58761382303713
-0.230385654714645,0.0478987478492927,-0.359528447835635,0.300914587105753,-1.66515249455342,-1.02069363230912,-2.06748536852546,-0.396587488076358,-0.666667682319322,-1.23848132399165,-1.07065672770474,-0.978526848539282,-0.512191794033337,-0.66904933507901,-1.45511522810716,-0.34245976257312,-0.646756310231519,-1.46048543869076
1.68524184776208,-0.307615608817682,0.137064902934719,0.0276982376183945,1.08690085335215,1.61582712647602,-0.175639392491286,1.00385836642006,-0.539574196445932,1.13644026241358,-0.534277259032311,1.61351815302937,-0.419389464388012,0.385786331279795,1.04152704882561,1.31057142800343,1.30285827976459,-0.553840169929265
-1.58793280991551,-1.35761909829753,-1.50396433266515,-0.254309171911133,-1.30538816297691,-1.08025467149614,-1.66254071634719,0.196822288923746,-1.74734865759465,-0.437823221635003,-0.972123418460742,-1.01981301833857,0.281122327098588,0.914857697342873,1.15418878004456,-0.700038139638217,0.636288046352549,-1.18840842553094
0.558428142142237,-1.57169829735913,0.016235829726794,0.0352408543124573,0.441264025241576,-1.00707881516716,-0.198669587388215,0.631878997163698,-0.987011520923664,-0.0170204730103766,-0.220144040134182,0.831165549539467,-1.46927138558525,0.228521323172282,1.6548517876202,-0.223060736420523,-0.368068986394561,1.25456209766979
0.0115485628806923,0.379977530984127,-1.06180023411843,0.0233988750656314,-0.770550964930935,0.855157230509292,1.09695413144432,1.85627995595171,-0.0914691798241363,1.5425046623575,-0.717074276149653,-0.536003034605893,-0.366865964715842,0.232856617676911,-1.15579330380571,0.434619130645462,-0.510845603237215,0.213722254049319
-0.736036415511541,0.708915725156949,-0.0130961975354377,0.0224017867173704,-0.218611184068322,0.00273694751881434,-0.461170436379642,0.793557827507191,-0.967369596744329,0.616889333208194,-0.276860181389901,0.884820219499482,1.94653328286133,1.15812073424388,0.0836887757249628,0.36545269176907,0.326117912112912,0.398449181660918
-0.343878983530703,-0.503582545448729,-0.311358936910356,0.0297033751755204,1.26879488435135,1.06183784199897,-2.19550609686469,0.899240595378333,-1.47405977040985,0.298333379216768,-0.482043116031027,-0.645010159599405,-1.27526416979137,-1.0252914815012,0.885239418739129,-1.36467445250301,0.946086612277803,-1.36320193220115
-0.0247789241693865,-0.568068348475099,-0.249399712008147,0.31612217702857,-0.00651882605490263,-0.295429003667629,0.0928306602351896,0.658594811324761,0.385044642210663,-0.01664712932508,1.23260822955145,0.501206060777948,-1.26500777554866,-0.445817317276106,-0.128088678992993,-0.833484753427222,-1.10393251079011,1.07562116173147
-1.0123608728712,1.01397796573091,-1.02212403789331,-0.432084565079104,-0.409356368732881,0.0848587102250721,1.13175222721797,1.44898462581363,0.446495158487622,0.421703810906913,-0.158802447827707,0.376760489050957,0.56938465272152,0.486086598673265,0.982960180351731,-0.196306825339511,0.91228792117191,0.659863224956006
-0.0461605836812321,0.519734991782601,0.901524574314591,-0.873737047462617,-0.900454715404571,0.706156844700464,-0.503588794145714,0.292119621488256,-0.180933713645816,0.0464097392440129,1.18393791820275,0.034597821691852,-0.990126627385584,0.0512213965597506,1.29128112104007,0.785997021139195,0.463952470224658,-0.655770056201207
-0.81113528884569,-0.495686046239638,0.244780768838538,0.865036899448081,-1.12295682340625,-0.806336577595136,0.771568923133961,0.623121182825091,-0.855102869217096,0.0156769545918362,-0.433582619824668,-0.971405601965136,0.0280220319211632,1.45528186790257,-1.11519774060618,-0.913326746030099,-1.00116882644235,0.607461496883232
0.98184277309504,1.7843048710452,1.71672240195297,0.216843644001099,0.183393041493185,1.42840447683981,2.12787096554779,-0.319014769505499,1.79730279486332,2.81357533931091,0.435619488195973,0.973979325959987,-0.00146477530856257,2.01013665891803,1.25676944363377,1.76362942647352,0.564944235894429,1.78770328102286
-0.468032561799028,-1.36768479591236,0.852466209176857,0.164195535653979,0.484659109713591,1.56535951757865,-0.3493605058026,0.966689679088371,1.60720785412922,0.206262965284033,0.644337654184238,1.82588648792827,1.42730671097837,1.52135977794638,-0.299870607727996,1.55090972675294,-0.0442836343162953,-0.0552997477369651
0.823285350523792,-0.411481631439121,-1.23932725626078,-1.48271552302128,-0.817082217045196,0.381018865027126,-0.481306941827055,-0.489146297712198,0.18157554228062,0.482379616264021,-1.53571291396407,-1.69797959342241,-1.91010339821509,-0.363769438902266,-0.357292560351582,-0.826216572148064,-0.128078733400837,-0.523364756610389
-0.810991691181905,-0.523911784420096,0.170853133609856,-1.59296941075402,1.0592605965783,-1.06497686125323,0.673374073422002,-1.16324319893329,0.589250849775675,-0.542783122037408,1.33850872812713,-1.66130327168328,0.157018727409542,-0.717288010299871,-1.45911918021542,-0.35138709500009,-1.47390112597872,0.160381451798017
-1.53939645205237,-1.16177383038451,-1.53658465051026,0.416134619886478,-0.211855644746924,-0.656150749753724,0.29383722789689,0.775573495340287,1.62579231184311,-0.866030285186326,1.0298118242679,-0.0391347384282024,0.0266605543966171,-1.16801201117842,-0.231944573636984,0.765307996044508,-2.09762532423394,-0.17516407949808
1.07000915508429,0.277184172352796,-0.180027493897878,-0.231240920686111,0.333202372863749,-1.24670985979849,-1.73333454968119,-0.741892040159752,-0.624114221391679,0.06104602485728,-1.01598611539996,-1.87702385435478,-0.853228408297208,-0.178081357824069,0.646635409150784,-0.0244169403698716,-1.06420773664143,0.779148406851952
0.99190228656465,1.15760846858232,1.53714261609111,-0.923984474671141,-0.179385356780236,-1.64556306349655,1.19456801378029,1.82225505012642,0.426150217952177,-0.0328892150607477,0.237446648934566,-1.1556152842856,-0.740923618943318,-0.922095092364705,-0.719355385406059,0.671126380535383,0.679808722227521,-0.41927457079361
-1.29454857794778,-0.897601253820541,-2.38394049029125,0.133063654328331,-3.30767937210631,-1.20824918589428,-0.950982352999542,0.955321977749973,-1.12771390311197,-2.59392280313693,-0.648777005859893,-0.485860812591064,0.300171744063224,-0.600633559077801,-1.59530950005582,-0.95188538165986,-0.597137354285198,-1.13040470939352
0.822761667392755,1.89273244693639,1.29207893869825,-1.05450618378821,-1.47111905880648,1.37380067585836,0.112457077677002,-1.8175644821247,0.61350140831281,0.226189105981888,0.365834715999341,-0.866971940640806,0.427398421819454,0.103358149415078,0.618996046995021,-0.045949574834621,0.441818786596234,0.945740305666238
-0.547170558518958,-2.54249848540568,-0.878380302364659,-0.471193320319701,0.458631768970904,1.14032646401142,-0.58232322865925,-0.577325634012245,-1.87478113826227,-0.829875323517666,-0.844715125636403,1.14137724984764,1.29967462781357,-0.367772899194631,-1.39155719176475,-2.00250237523878,-1.00943612824065,-0.0638223308974146
-0.645143071148997,0.0142608799659924,-0.228910900396143,-0.225534664108318,-0.182274216183897,-0.316077747485884,0.0623946897952024,-1.40461261606417,-1.36241510402914,-0.580797931667935,-1.69478989416054,-0.694268861592584,-1.21283793259417,-0.860456237058876,-1.13017980274075,-0.441506861442397,-0.796779563764338,-1.3441965900614
1.50187672713882,0.244201307228746,0.00190059459740663,-0.455873834290871,-0.457876804010435,-0.268512667604972,-0.141487553498781,1.27605418487336,0.800666685463154,-0.246307751158313,-0.123187058677161,-0.734621519096672,-0.147629192039918,-0.410013218433807,1.63811871187181,-0.435575379384246,-0.12713133112488,2.10499986592626
-0.529190428731474,-0.457941876743567,0.417371704095014,-0.531834629294722,0.6678301376764,1.63678412908561,1.23684718531199,-0.120447496111563,0.139554685300514,0.216613912515693,0.854447826421158,0.479450721908169,-1.12516239053104,1.42503110074337,1.18806380880727,0.623761905912046,0.877605568927348,-0.249998604181564
1.00520881638781,-0.445611734269545,-0.0732720471399351,1.18790787780555,-1.13007799783163,-1.15365188435756,0.431444694479471,-0.445030385949693,1.03742955113742,-0.875127326451967,0.578874843341776,0.289863563819217,1.09183365940822,-1.49018625482321,-1.35194909309334,-0.383695510899737,0.674264441784095,-0.92769093649229
0.780299711538238,0.755432902033107,0.859919298903246,-0.0540130567890395,0.0320940472696569,-0.100725694515201,-0.297860037521307,2.12526783128697,-1.65772232902318,0.189582436302577,0.987961055095215,-1.02601439301998,0.0291409947635912,0.814380419001371,0.561980190211714,1.74292305724125,0.0623288502898641,0.287813118081389
0.124068962250931,-1.23723904310023,-0.302533506826253,-0.971794768015154,-0.652376980952956,-0.387325442715435,-0.880851091132733,0.701217091286289,0.939701426536333,-0.260167993059638,0.583564962551866,-1.52778373895561,-0.243078851595526,-0.856003103862264,0.216097085324922,-0.0473372524623111,-0.559795595410917,0.00297813789746498
-1.52528574607403,-0.681408785347906,-0.726322783041569,0.233713072778869,-0.703321436411449,0.00487876094776498,0.11988809217904,-0.0441769261808072,0.172141160921843,-0.611760132919956,-0.267634025488346,-0.376038962521143,-0.824197395383692,-1.17076611429573,-0.410535887842263,-0.0590700431413573,-0.752245464291417,-1.66496473464823
0.684653602565711,-0.140329684226925,-0.412418687220432,-1.56210043296347,-2.64175142716945,-0.359743347564723,0.756896656836064,-1.7037653850915,0.764838447193097,-1.76440877169184,-0.481970644031488,-0.325380539525828,-1.25069749343925,-0.0749611840196966,-1.08187430237606,-1.36324095241665,-0.208422423236827,0.720725665901196
0.307790519706852,0.885488643897903,1.11397140928127,0.303995811033349,1.07477711272319,-0.765052539334937,-0.993113332938529,-0.0466976198799442,-1.46509097649372,-1.34822301732683,0.570843709574966,0.969125012137571,-0.145967151761543,-0.731755150182592,0.188041104932618,0.028935640341558,0.639496620506155,-0.585270309187254
0.498357638479664,1.17888481318079,1.03699761583128,-0.426431670523811,-0.454576007616417,0.469674979038224,0.266779718313787,-0.226424268735083,-1.18721317290662,0.0810863305498073,-0.935271675954911,-0.654311093392823,-1.57311817829749,0.0417963172105514,-0.0105980078806573,0.788869729474092,0.0987786735673176,-0.94635951291802
-1.22153146192457,-0.104858411042535,0.428705583524531,-2.05691142391667,0.32316435120583,-0.194504140976188,1.37407120309319,0.993129595142737,-0.181954307868519,-0.0893890377351785,0.251227315828432,-0.404471449636353,0.11381432979644,-1.08201454443813,1.03072820344157,-0.146969034353919,-0.246969399879613,0.617393180058715
-0.18271630643172,0.737265169055994,0.61681783950955,0.703043004765883,0.745870794230564,0.43309464826493,0.206895015303409,1.35285568576134,0.431458563149821,1.72414126463537,0.444225128479486,2.30171075581715,1.55256744720458,-0.553830309421065,2.48847816663,0.906457144434208,0.886832753105586,1.03476588623232
1.11640785650045,-0.163964619011184,0.56326011092599,1.34772387639996,-0.30617522548973,-0.709913474037884,0.669085070694829,-0.100279245415339,-0.607747323927948,-0.252453617712495,-0.0770759667167505,-0.14418538020817,1.06578800791508,0.110960903905146,0.170839813433891,1.75909295115068,-0.573178634186462,0.3017721980174
-0.873845800450829,-1.82707097388381,0.378815302259084,1.12925675498425,1.26255414461361,0.68304885131264,-0.113274382092385,-0.14302825396521,0.377816232064152,1.3384556868706,-0.135741991478106,0.0220899545508723,1.53101675288435,-0.215226754152435,-1.20219947852058,-0.67411692845775,-0.967341787469713,-0.0284247399941474
-0.823753470970774,-0.858144932241249,-1.33612232696087,-0.0692241716077349,1.70524589220377,0.183061592211303,0.531599468935487,-0.233460861178355,1.6842084274182,0.998175989667009,-0.691025414034856,-0.521559936939312,2.49818385097595,-1.57555326411929,-0.946436961012389,-1.64253723480385,1.13561321299761,-0.821091429367435
-1.86631407818324,-2.9035557610609,-2.95021769876428,-0.994081908122868,-0.355401921192697,-1.3790231040995,0.123264741511852,-0.589585198696462,-0.762433320622117,-1.20202567321498,-2.2879151758312,-1.66516597700433,1.29393505938197,-1.29723532317419,-0.606869029899892,-1.21662396566325,-1.53446145092035,-0.79524946031752
-0.943295965040817,-0.922226199362668,-1.80053102823052,0.127509403641412,-1.58709837946869,-1.81557384650378,-1.30714230127639,-0.414219821683586,-1.29225289561543,-2.11618728563386,-1.25439850466214,-1.36844735114096,-1.46615311554226,-2.08283640275186,0.0561674264838846,-0.703056309619431,-1.46934971938635,-1.5981644739427
-1.43126366666907,-0.156425377494438,-0.805973538776503,-1.01969031218292,0.324161465817142,0.209856161443452,-0.747331420395726,-1.39122173630281,-0.0240754448646274,-0.52690337739744,-0.644445876595341,0.289694750822928,1.27237446673095,-0.0272845420277614,-0.270254255992956,-0.855308929326695,0.368871327248764,-0.65602867028611
-0.401096768398176,-0.539238364143439,-1.16092377941829,0.802167565134394,1.34594084073633,-0.284119104558495,0.61536601387185,-0.620551506709636,0.0571322184556525,-0.0432436008511263,0.628091941467381,-0.217794343277681,-0.323207688094347,0.181312091625207,0.439527181108467,0.266887851514418,-0.358616119434196,-0.427228161640561
-0.728981039431615,-1.32003967554531,-0.686776704311106,-1.10702589921932,-0.104360432822661,-1.60456669704655,-0.51994475461275,-2.31082630118741,-0.0969633952395774,-1.38238165994747,-1.41718759669633,-2.46059629975877,0.0985272419580244,-2.42393298164132,-2.73237323277361,-1.17637726845461,-1.86751756303153,-1.70858996253649
1.29869799470365,1.36084122684477,1.12768045286165,0.661931867721622,1.64193374510867,2.45312988799206,0.689249692907593,1.55812016046312,1.45567791128886,0.948767868009991,2.29430432262733,1.51171749180055,1.43000779527519,1.35577427391888,1.03287381247773,1.88591343090822,2.41520518165318,0.410620774032891
-0.190611549871523,0.10112810305954,0.0122606760050215,0.457825720364619,-0.287460709234212,-0.553125358626024,0.74069064619807,-2.46922865654887,1.25376435693907,0.285943041773992,0.112227836842378,-1.75073080086879,0.187474031960989,-0.769735064616481,-0.451690789981696,-0.908427441312564,0.370586401172398,-0.216863637415813
0.478154949019654,2.46196866319931,-0.411122487960181,0.689395988476604,0.0116198870424498,0.817955884541428,0.679717049051923,0.154902494345593,-0.0851323130003211,0.325890456963547,1.12017244114821,1.11623292157674,-1.30700922218728,0.629314658277671,0.326199751596387,1.28951925486753,-0.0667045545147884,0.101695102866192
-2.2576052615613,-0.955007955549562,-0.923454756161763,-1.66024324951173,-0.432467928795448,0.0561301620833707,0.373757384297377,1.22403773084585,-0.538825724450246,-1.03216103703624,-0.229830169937113,-0.247913046461177,-0.654788715033402,-1.56485482552642,-0.098397055867492,-1.54389676105579,-0.669239765738743,-0.750257989337036
0.283337927707007,0.0261163906230115,0.500159834544744,1.42724231377336,-0.578713363350533,-0.362945657678869,-1.91572831706686,0.288832156517762,-0.228597441640576,0.231524097994421,-0.198314319270999,-0.284707023651821,-0.476212416339688,-0.17004236600053,0.226739713353045,-0.363788051278705,0.264141599697081,-0.384724716209177
2.68060600782382,0.833219901297239,1.4862722798312,-0.376428414621674,-0.423198926123326,0.515250770437969,0.205715433878028,1.4319573025662,0.661158576725846,0.783336456285001,1.95741902145342,-0.216534345363195,1.06222161699893,0.635399826926884,1.32706477570211,2.09422433236786,1.40163496637183,0.667939531840372
-1.53750174081719,0.680103819350483,-1.84314404915645,-0.140668216505724,-1.70348492556856,-0.727795665158531,-0.832854382904634,-0.139700684888861,-0.70081917292939,-0.0666944446687834,-0.765779894708961,-1.74692110310457,-1.14476025770859,-0.959247732949874,-1.26793811486728,-0.596930266304937,-2.10878160333018,-0.426700651927016
-0.330473232440072,0.197789201562907,-1.4590458110622,-0.805656796818526,-1.19748967344138,-1.24904652505369,-2.67886057209884,0.35847149444708,0.545482648352322,-1.55882779722028,0.35376796866483,-0.735708049991316,0.0117822494901454,-1.75538229834039,-0.667133408125237,0.0277980011037201,-1.19266081681631,-0.533712461601187
-0.710484320650957,0.0334684239694313,-1.11945095619738,0.866213866275388,0.617607116083712,0.0424751624399217,0.567632024999068,1.0711245125421,-0.284412754938561,0.311593893171415,1.04692786299998,0.955174711321735,2.30925498795507,1.2148109861875,0.607406816353079,0.690755215298633,0.521614306358863,0.656152625865316
1.30469102999514,0.934559660201757,-0.0827079216557027,0.796173901435768,-0.986346479668651,-0.153412097624771,0.0948546159272617,-1.46305346251701,-0.482864563430022,-0.975285740103629,0.156178613109613,-0.284266256170782,-0.918586366696307,-0.892992237031441,-0.156908834726761,-0.981643383264005,-0.547616500341009,0.572026597049575
-1.29610690120982,-1.11495226922696,-1.7111434830199,0.270035877390687,1.9260469712725,1.84969335842643,1.55689107218623,0.0299999599831206,0.0260954727144247,0.585315508043476,1.61888438178908,0.22158641566319,1.2567740874144,1.01593826117126,0.233583322504105,-0.160934307677567,-0.197618933553122,0.364719658145179
-0.546395680381037,-1.51129528056858,-0.288002084933136,-0.919194417954423,-0.753745725259767,-0.539910478010446,-0.460933216249184,0.0883251226885865,-1.34915299037003,-0.778426264661428,-0.534296758767503,-1.18159406142603,-2.08181723894636,-0.461554651370466,0.277940422159495,0.217163590879635,-1.87490106699591,0.0979693792913786
-0.733099899209174,0.089560425655952,-1.02382464246148,-0.468754807044116,1.12513816480732,1.62062927368119,0.950129687612468,0.236168839773361,0.937996194766994,2.03387815812266,0.990019178284015,0.737167442025467,0.185065686122093,2.42519095354716,0.569247384635724,0.852400600359463,0.448028264856992,0.0738526309163514
0.362803952767083,-0.786120907553901,0.236782360592732,-0.947134188584719,-1.67141116476278,-1.00552066086846,-0.301282298945915,-1.5485250991482,-0.277522314575123,-2.66146828310351,-0.334376996783727,-0.0821240085253572,-0.882448804421082,-0.684473623141976,-0.0517718038467061,-0.270815202089064,-0.752628425391484,0.0229764012538844
1.57715671042167,1.08815511350663,0.893859308021499,-0.888348166536521,-0.818775880424115,-1.4325400554086,0.923315874829966,-1.06922048941306,-0.189923383431891,-0.422931960591666,-0.497981538533074,-1.54061904235562,-0.641272545713932,0.66025776631566,-0.360833848763276,0.210782188567711,1.13922587795759,0.121275887304735
-2.10610759333212,-1.42332010170363,-1.54740001440672,0.933122209240975,-0.851978924711181,-0.383744505258087,-0.849191997748151,-1.61703879150874,0.62239565524086,-1.49468266939086,0.0649893016840266,-1.17771901762184,0.287642363502669,-0.528287568390666,-1.11171889288043,-2.68665173734782,-1.49038035705577,0.295919397635457
1.73119313773315,0.512125994556368,0.834240353419286,1.66101720528092,0.606199342832732,0.248525660110433,0.873741150203972,-0.785439306198629,0.538954495939455,-0.295606364530302,0.850057471159096,0.238568514131082,2.23224695861668,-0.370793870377308,0.284566160490734,0.724465564365998,0.892710332348944,0.0942084418098125
-0.0613680932850361,0.125400976258815,-0.34967214127105,-0.581300240168394,-1.58456316660739,-0.411526224097293,-0.927394158939618,1.66030906432169,-2.84450280438159,-1.13951908044794,-0.149028348681076,0.319426728480921,-1.1743833164919,-0.62480496627831,-0.49426043836354,-0.444249772238221,-0.748639360216333,-0.545849149160135
-0.35442856485231,0.620170290026973,1.31924262702272,0.296934817169824,0.972693718014871,-2.36862815081969,-1.06269999702563,0.94475962533626,-0.892491993401069,-0.0306763993221885,-0.596641887204772,1.255390648088,-2.82834873787377,-1.56581559804761,-0.149017585352004,-1.17548852977894,0.394274543804302,-1.14854538621879
0.612940466768395,1.66013789913125,1.97872311634863,-0.300289437798848,1.30526886758395,0.597904972475093,-0.254611703760967,-0.889298265103041,1.04149309898572,0.923641180012588,0.0332729725743134,0.443821564761891,0.658970034196374,1.56293213462461,-0.322026134817505,-0.236867694091385,1.87624841872862,0.274487242550244
-0.61842913269462,-2.09015071470569,-1.05278254447879,-1.25571605002346,-0.0512105952536429,0.160453568229239,-0.853508955225681,-1.15927295841779,-1.17571014340378,-0.465212329153536,-0.958841058856104,-2.41416459452076,-0.318075780480534,0.0352909143265469,-1.62741867387676,-1.56390068808306,-0.438176372124159,-1.99965669024869
-1.4775401202994,-1.16801631104387,-1.88975752847178,-0.469556787201217,-1.90853809532175,-1.30647044800216,-1.05530158269129,-1.50112014594986,-0.461688367558013,-2.05146246620091,-1.05269095708493,-1.80274802715551,-2.60293563522157,-0.854750769461389,0.0840220723511111,-2.0611531925218,-0.0863056699208373,-1.9964334598678
1.70744540691041,0.150672870514567,0.970805819169823,0.280197977825179,-1.89409350179636,-1.40492293431175,1.60215566775581,0.707228654707039,-0.236156106913469,-0.324668621480252,-0.843482496850699,0.693786204401161,-2.33679400895838,-0.0435931811419371,0.924496374611304,0.589725318424235,0.308349972640246,0.788093941280721
-0.115270462412561,0.0940935456515183,-0.705920387660796,0.0426036059967695,0.523830057231514,0.238336731897333,1.36740706246529,-1.58489110900254,1.70691597577454,0.551697167484429,-0.353689025978557,0.47222075258836,2.42776202571211,-0.890156469694667,-0.394315243091266,-0.550188517381686,0.470751005747557,0.313501999494971
-1.21662008963221,0.382899176472401,0.411149610611137,0.316153395579194,-0.0808376607949918,-1.08740019743341,0.965539133227342,-0.424379640575354,0.969848324348915,-0.294615220148223,0.628851950061468,0.591289025365635,-0.16715197649217,1.39186619050527,1.2660559844559,0.347991165044853,0.35188921809991,0.844100719512423
-0.93908747099162,-1.50338006120115,-1.70006915760783,-0.942060536295424,-1.22802304423122,-0.959093406117812,-1.40523776875961,-0.372893383522386,-0.338824058707436,-1.57121490668068,-0.613494578436332,-1.8824680148332,-1.0242779750427,-0.226081050296313,-1.4684550105344,-1.0335641394061,-1.84331360531848,-0.314818006467967
0.914084873565076,-1.01734565448385,0.284781387694415,0.580202743981445,-1.37198414749578,0.203684164204427,-1.38963360574367,1.42679226541569,-0.67260409244108,-0.22652385188397,0.654987029754305,0.160545186028886,-0.676873220104858,-0.17725408977136,0.819177568947139,0.429994357378467,0.0582349681842466,-0.34396686151818
-1.01147175170219,-0.398330422161086,-1.35234559007486,1.37601180487028,0.368850123524143,0.517064355327564,-0.969059118252824,-0.804762695625276,-1.98565460753817,-0.652827157052678,-0.544600231332014,-0.374901221827329,0.779753630456773,-1.64776382275747,-1.65899831518789,-2.50310452985603,-0.995085109182924,-0.592755661870109
-0.387681398077516,0.711827604864121,0.625960983214866,-0.852460732892988,0.613721390442078,0.539923418345482,2.00942756893719,1.38731970861273,0.0932866880441662,1.24453067486084,0.961187082468419,-0.303600537053773,-1.01474333504482,1.12166108610761,0.645784911761507,1.35341636942771,-0.325574462199004,0.370468273249077
-1.41769364228417,0.398287922441226,0.67028877031389,-0.0867628601217848,-0.118999233933593,1.89991429295376,-1.12651466200156,-0.708258500200732,0.00814510021752599,0.213780149652237,-0.203006575239202,0.0255927275160298,0.247747247661867,1.07930822914748,0.0634981434517729,0.388416699997936,-0.725612480673464,0.0768319607976961
0.330557903852367,-0.244997996519879,-1.41294627006358,-0.0498736181683373,-0.790468341188993,-0.219977119283722,-1.30008178634381,0.816070717961906,-1.30448014906208,-0.106838542564087,-0.751747175891241,-0.694032580746408,0.147489303722127,-0.897856424618432,0.253918336170951,-0.334217630921551,-0.221884906946495,-0.524055474771455
-0.945535571307557,-0.842102809485406,-1.00995472446764,2.35038791355328,-0.627290513216504,-1.25518894202868,0.966677638807619,0.333701092122663,0.757041529766776,0.0795866502403793,-0.178177315392162,-0.247028715863967,-0.438196190417736,0.365330920636855,1.52783799950712,0.786357539557196,0.310355080645166,0.233272207214551
-0.589996333740368,0.148252133844824,0.259270491085125,-0.0436288400909216,-1.69122789430948,0.271966997628559,0.947189578017503,-0.889374414962166,0.0119064056937457,-0.579677463024453,-0.683930601220422,-0.419616941833914,0.106571178566321,0.0422409934287212,0.428922934393586,1.42191202459824,-0.703306354000545,-0.385595003231975
0.859984727349143,1.08176457620417,1.35512831438745,1.21684061857207,1.484390239105,1.30870528666859,1.45306980247173,1.86138130391428,1.09770120131028,1.24739159750396,2.49871467207411,1.06046231261499,-1.22018224389068,2.25608396877206,0.749641424048738,-0.622820435819421,1.78588516353757,1.84947935827734
-0.0106448424549565,-0.686369483071308,1.06305737007634,-1.11653372865683,0.166052280402923,0.146856886985393,0.656711252047574,0.0607368591270991,-0.117384038895148,-0.514546865009547,0.734579511372586,0.937197884799915,1.45310996319547,-0.35480090270061,-0.206324706924738,0.95119273849501,0.408633666506281,-1.29752178664179
-0.0191009835447733,1.0247330888743,-0.736522086363458,1.75878540030407,0.0469554840434901,-0.225102893366445,-2.63903396597047,-1.96198725353252,-1.88641541138999,-0.00479393887715749,-2.28706537772722,-1.65436350358905,-0.934081048018872,-1.54974805209507,-1.30774939795778,-0.252722411545856,-1.61961282570944,-1.07056259459608
0.766142291292845,1.13567433551128,1.71805528155189,1.46773297090405,0.85953497916001,1.00429900902732,1.20308295867809,0.551329786715997,1.27107071614549,1.86112950794415,2.17845525233185,0.996997491104127,0.203600067958901,1.06981712460918,1.62253837740146,1.49446182263816,1.29666983083806,0.355832593966529
-0.173082142902601,0.907261096583888,-1.02565670856543,-1.44483496924797,-0.29698640898622,0.896448024768395,0.672145445267061,0.641671673125057,-0.471481983939383,-0.204713624535169,0.306581924118016,1.21924652620484,-0.773779552308588,0.0985213328392592,0.947949628860391,-0.397855755262415,-0.4819001262249,1.33414103215123
-0.276014778300917,-1.021309491087,-0.666898324016307,-0.520809612920923,-0.331445342773896,-0.534574354760455,0.0195169243053672,-0.264202420288821,1.52858806386335,-0.942150590212407,-0.923772454531589,1.11057454322757,-0.611754441209505,-1.00280940056304,0.0834078956713603,-0.803070924767573,-0.146510406529547,-0.048246977356482
0.270364709579983,-0.494880583778688,-0.878085959004702,-0.405253098485266,0.307389230516111,0.561849203102716,0.491241201632966,2.29989445435185,0.428861788155008,0.310003429362033,0.0270970535155946,-0.072621180279501,-0.603829859359921,0.1096291927684,-0.386558298770623,0.810378443604105,0.320466987330899,-0.671758409156843
-0.273534646210626,-0.625187800179545,0.225784120480993,0.048541457748832,1.30745292382262,-0.0292486758196776,-0.260846384820596,0.552051318020139,-0.787919938022335,0.0629428113760351,0.223085796516695,-0.619098183422237,0.0393289801551617,1.25304327593679,-0.755427428544938,0.189281891399394,0.227904494040971,-0.379864364624559
-0.25563128700253,-1.07531053944177,0.160736210971292,0.188590460460218,0.212094341351291,-0.0195363531267812,-0.125767688060741,-0.444856370298625,-0.492120191464315,-0.286831316575684,-0.0358790159066582,0.142465983768266,0.544804746898502,-0.999423519137756,0.171851678551306,0.138651277346916,-1.66546086191376,0.473482345215578
2.35383217628385,1.75559465400897,0.258237466745652,-1.57480924650713,-0.571213027873009,-0.364350562259601,-0.401695089621371,0.592416445372805,0.915066948965079,0.493084803096803,1.04796556977834,0.45517717246869,-1.19170792198045,0.0823136462646181,0.86086820408481,0.804515757387609,-0.0720600208389099,1.64954669118864
0.88698129121342,0.329736661017545,-0.341946259502021,2.87497355876394,1.00650762874653,0.233310951728587,1.07283772772187,2.7843257190366,0.301925840448356,0.326285008707753,2.66703598845558,1.39593516650821,1.58880208341243,0.985592736090934,1.62014178173107,1.34181448392761,1.63311636164644,0.695772573859074
-0.289671139039431,0.16799972129254,-0.405845555769334,-0.466832405672518,-1.0736919103709,-0.324177723525361,0.17580289866716,-0.304777582186078,-0.535188145555127,-0.316306954349055,-0.351263957265214,-1.42674590835876,-0.117111145957995,-1.21994128922537,-0.257704068361652,-0.783590516031278,-0.37710751225024,-0.709703350989671
0.440686349532518,1.32757545557033,0.548585256412969,-0.762715818958156,0.430845161145632,-0.124520392169427,-0.828287811684862,0.844738714197033,0.31991581166483,-0.398408356112869,0.0383663963120637,-0.594465811983572,0.601430578792645,0.24712022331538,-1.73403315901159,-0.708248244830517,0.20573883921305,0.719105060243302
0.210757112174597,1.25777504967314,0.197338813364112,-0.719805422174244,-0.722566786289386,-0.481680128690587,-1.39355292141196,0.432768582867912,-0.0968361051904407,0.164434239653622,-1.04019179398517,0.141900011011553,-0.924217274199305,-0.00934902440816515,0.113975113571313,0.765595111662749,-0.35261448125335,-0.13262163425267
0.543547270744986,-0.138854236582137,-1.11740191689552,-0.067834622476361,-0.442741749044498,0.118543979028709,-1.61487112381116,0.132816439903504,-0.556199969189539,-0.769630964411791,-1.22839682224786,-0.518329260519472,1.70803580747144,0.360235162215184,-1.53423310736935,-0.704978454809576,-0.603906941300698,0.761061464567395
-0.143517124399979,-1.22147866600901,0.570617925212636,-0.887328337015204,1.22626842904298,1.26491610070684,1.85150214873869,-1.03811705921951,1.08328345213437,-0.0615525656472712,1.94313987436652,0.113532642678595,0.636689633012992,-1.21331037240138,0.140765039493736,0.427040993543908,0.00120747471501075,-0.444948519784371
1.58177508314888,-0.179482084706328,0.443895329283133,-1.47555896011336,-0.572904157344436,-0.763881284734334,1.00726438192719,1.11269733134353,-1.80164003878639,0.108339967860486,-0.376570410487776,0.0995768480930954,0.707114991895355,0.494634683094791,-0.038173695245825,0.534058393028589,0.263729938970719,0.550844911559163
-1.04569001532377,-1.12006446966562,-0.976982651913662,-0.585818404770532,-1.87432524757953,-1.63205684116922,-2.28857166853724,-1.46825112644315,-1.66788677326061,-2.72271884562571,-0.405641834193746,-2.01971173605162,-1.65373071825605,-1.51259930647264,-0.156590450667893,-0.383080556474835,-1.17035952346573,-2.49834867703107
0.00377657121455443,0.0139032117978117,-0.0893832562283815,0.530153548025837,-0.451308004937523,1.0872531446666,0.497174967508705,-0.446030352626159,0.573280992120943,0.423104316108536,0.145019825454965,0.309040897194285,1.70982756642539,0.593362867096265,-0.0432574566439909,1.20853925977599,-0.0773921276679522,-0.361930120596772
-1.76007582942428,-0.636153611609356,-0.814713395354004,-1.14943661349451,-0.33926753683212,-0.155560696778298,-2.23779035792743,-1.22252578335074,-1.02900911166302,-1.60870101506845,-1.12801080987892,0.0944394557132732,-0.519049570498375,-0.392451303971463,-0.421919287776162,-1.54752706026331,-1.04805872551126,-0.634847679197557
0.647405341570062,-0.083843568961078,1.40418027076164,-0.0468083810166259,-1.6434645642146,-0.455823428430262,0.290009625774059,-0.293612073579043,-0.258763734934191,-0.792306880417168,-1.4895162088419,-0.108608791877373,0.867175609463175,0.146299800932971,-0.532744979626491,-0.759557023234513,0.117339639530835,0.637523288023641
0.920632105960767,2.0278702891802,0.290592005383025,-0.294089121049124,-0.332158371404213,1.1441920225832,1.29175857068681,0.807794962152434,-0.700961890836957,0.461991265023717,0.352213432478296,1.64024957486945,0.856662544451516,0.836879970082355,0.0509948213117848,0.954945888427025,0.0461229966580917,1.01015202988939
0.114238647215335,0.74959431439465,0.684879059972301,1.10869823236635,0.367453046667054,-0.1656311788838,-0.156979542458141,0.740446454146551,1.62062020080193,0.15690209993136,0.929120042133112,1.55570080341293,0.00888387788641192,0.277552654606997,-0.799165496268984,0.82563300362276,-0.583735021631547,0.502874493040719
-0.264718083727524,-0.172527461912071,1.33847391056261,1.6570948199222,1.764519155377,0.414769489839039,0.224812874255733,-0.160470699684082,0.948064273082387,0.665568784963981,1.92544483295845,0.20957068512469,2.0779462774723,-0.324122684561971,0.212539881887974,0.128652809014799,0.905304923661073,-0.0266947379546996
-0.325858827779898,-0.281323726978036,-0.142880660062609,0.0860011828956778,1.52447216631303,0.65094457291291,1.55245485780332,-0.729057232943329,0.421204512458153,0.321244540888175,0.512731939036591,0.438864255075099,-0.432422753094006,0.086874228402088,0.567017275910103,0.19927939192364,0.50038603499201,-0.835286879176315
0.26788806996493,0.675754004703052,-0.926352796395584,-0.473977088703484,0.613308506203547,-0.459292398753007,-0.523782669184075,0.358503213290196,-1.41883866235316,0.1758983158828,-1.03098228714642,-1.51675233873909,0.888592495018145,-0.210466777469201,-0.207271553662483,-1.10049719793403,0.153441173627702,0.506022473325687
0.0148934585500091,-0.409126285218281,0.829381640123529,-1.21204965367078,-0.497597522040439,-1.64443157343044,0.92482779459072,-0.83042900645308,0.467139494839246,-0.680022752507884,-0.921514443118221,-0.965172191681677,0.421774039914748,-0.264487299015117,-2.42827196621088,-1.80404746423546,-0.478849491928821,0.55487908640604
-0.19551637394749,-0.555266627000594,0.231959825127503,1.68865529553081,1.69257765073066,1.69011585895627,0.725837964031444,-0.17593257356883,0.310081885003622,0.631749088675734,0.848859883286895,0.0979078679830174,0.278132753292178,1.52919202698725,-1.02947752524529,-0.0113921512114729,0.836703314786498,-0.233482589793164
-0.135898860436829,0.886997694825939,-0.879014792240238,-0.886875965460001,-0.0540863823120511,-0.866932507042195,-0.136000189812648,-0.321831913451528,-0.763263473460648,-1.90143705189775,0.649353551120862,-0.288933153483183,-0.609012177722689,-1.77965415185081,0.453160428803036,0.721877437717844,-0.633139461879589,-0.914811233268219
-1.05264359509175,-0.401721728189794,-0.516950387662861,0.442996932342191,-0.933630878581771,-1.71888892279845,-1.06603600476611,0.0953910017292342,-1.59765271377136,-0.607253038166946,-0.816961098503517,-2.54970458689952,-0.822544652416334,-0.0404962771486156,-1.0201651297952,-0.839718009828596,0.331352630365488,-1.81650896834561
-0.0665256679561377,-1.26414504533286,-0.694714426883821,1.61928961661638,-0.787078094348177,0.817421079954411,0.241303818478199,0.624155183973536,0.419966156727779,0.795364217436923,0.52698781301586,1.0172126260452,-0.0807357940281598,0.505240466020238,0.813938836750549,0.349367227639099,-1.31457158397395,1.0807340685591
-0.69606053153295,-0.313183652119302,-1.69145122257574,1.0236082515252,1.34947015794369,0.373753361486249,0.541671399313026,1.59233481575521,-0.762534994508977,0.536583117129657,0.456748977117964,1.37192944809044,1.75985503103794,1.19946194600486,-0.207221939157587,0.847827718649983,0.554341121870755,-0.554162808245462
-0.131402702185045,2.02075214666056,0.484959254903478,-2.40646445804709,-0.425651097613334,1.31776714691174,-0.235343154300465,0.148884409671309,-0.141988020159652,0.389457364789382,1.27412229867532,1.55366993892536,-0.0802048605710739,1.71489200645972,1.39324088621893,0.715406230400313,1.20538317375531,0.467426885270771
-0.15836886879619,0.254663131286128,1.06036396543609,-0.396535305621056,0.777623958213294,-2.25299422858424,1.70091697950244,1.32363928169383,0.202910420360143,-0.515999023679322,-0.538982514388861,1.09919165631745,0.467441529481115,0.107934608769034,0.000646044302998752,0.00140116472273789,1.09110331702774,0.368258958222399
0.153639211509539,1.16307190155471,0.859039098702974,-1.48182344631278,-0.178441729204616,-0.408669142152725,-1.16933976208869,-1.82022431175323,-0.844229778804048,-0.76159130255742,-0.844911579434811,-0.115961446209194,-1.38396842706995,-0.642111245278291,-1.13684495962571,-0.147831390062439,-1.03720210977115,-1.27853864247334
1.00510850812857,-0.917862587920712,-0.430784281397313,1.70253673751588,0.629438817874161,1.2387770618913,-0.466302679242389,1.77743058007222,0.636458486595831,1.16563003017409,0.763970844920091,0.482755781645059,1.30631043170504,0.276681190606656,0.113952646787303,-0.42594647976539,1.04980557162231,0.165574846687101
-0.208055893486136,-0.656970867982097,0.350501570326839,-0.325930993660341,-0.209056120665,0.070555695120172,2.09968840056977,0.592137005634274,1.36096619646185,0.351297089222594,0.928955313792571,0.13552430458835,0.396314353401291,-0.882418500569207,-0.0372548578628913,-0.514753218835584,-0.606425590953258,1.21810053867716
-1.982805197702,-0.683657877102976,-0.153148182142602,-0.617336185637269,-1.30469355260939,-0.0570202673055972,-0.665310885728821,-0.971524576764969,0.476527273965736,-0.352536475848282,-2.42412306446357,-1.65248841771716,-0.898091341549056,-0.120865103060996,-2.28080607417099,-1.91052063338203,-1.26687264266047,-0.540335131894136
-0.594967586802576,-0.677247348510668,0.288401859476497,0.156750042265559,-1.153931734701,0.411875317218439,0.377402408847839,-0.14926542846837,-1.07219165146734,-0.970812067727353,0.354644247069876,-0.251136647919385,0.0768846494097073,-0.198437364959209,-0.632529611177697,0.10302254013239,-0.620012391499905,-0.372559754277352
0.97822387193526,-0.0673809235086064,0.212179494722976,-0.415561583932012,1.3864345191964,-0.619978801679234,-0.325930925658683,0.85233225436788,-0.815316399392908,1.11714554126526,-0.824528934924816,-0.294967033370062,2.98893922779826,0.167261826268179,0.682240717662731,1.55828402568942,-0.169412929569837,0.654332535751535
-0.924243313780667,-2.63208213820067,-2.04666949127246,-1.52212511478532,0.216897211697908,0.523190410443679,-1.70387039623552,-1.01770295629682,-0.312149789538819,-1.95766598919165,0.353515893861786,-0.667528712316903,-1.25929891827145,-0.427872797000944,-0.134071356580285,-0.962449903264015,-1.65247581074859,-1.24026766732741
0.046350357818756,0.543861206321513,1.09223634510011,0.336510528782956,-1.40706004927737,-1.22342484594063,-0.0715716687392816,2.1735851792923,-0.515457206265008,0.343240284786614,-0.277048505785435,-0.757429389401119,0.137163539287845,1.49456967922671,0.247935433056126,1.07540684851586,-0.856803962555665,2.24498747706916
0.660648248491022,-0.222394139669362,0.120931434654942,-0.586817020489978,-1.69409633085682,-0.164871892693085,0.624964160164598,-0.181152438481528,-1.08205485989881,0.136216062561882,-0.343425277491699,-0.472614541405666,-0.522430908570723,-1.38522492661343,1.41118145785467,-0.322976217063761,0.0460843232637222,0.253659481857481
0.444682123904953,-0.503217433766549,-0.763754477899822,0.961490238123772,0.404993771516504,0.0661622262700436,0.130128479979972,-1.98863271629583,-0.138311091928605,-0.907426508647482,1.3416849465941,1.05692164434303,-1.01578912979842,-0.195458699460826,1.34606853279911,0.734428966862276,0.0212862221625784,-0.990426632775076
-0.860090800983208,0.21811985372848,-0.450732217955547,-1.23406850232243,-1.64956262132219,-1.02741385278471,0.803656155543592,0.6692862326971,-0.728561771963839,-1.43920824801594,-0.900018347916669,-0.687660835094397,-0.631506184122504,-0.726893905056809,0.0400405187606947,0.502933258163049,-1.0258702333785,-0.309563127017664
1.53731277373633,-0.0710346208622116,1.2293959198151,0.348043663972231,0.746203550695858,0.889122704658199,1.55839139911226,0.9831826706908,0.455401047866099,1.17459757988646,0.798400735517997,0.0333174541195087,2.22139052781056,0.3352749610385,0.829287500856691,1.35654462035844,1.26148211505772,0.849963974443545
-0.827926739906916,-0.351297771620363,-1.03964644692878,-0.743218285219131,-0.785493123680846,0.0686972536051374,1.05329223733774,0.144611432320174,-0.508076742054285,-1.01773905035071,-0.0669988832385939,-0.527293141315162,0.0287961751542204,-1.5356903597213,-0.569036272312146,-0.247216023942812,-1.69397844148345,0.032528976085764
-0.0482605649290947,0.907827888988178,-0.684036745265918,0.705110452940805,-0.654899579828919,-0.517138949618466,-1.08576440297364,-1.25156476195264,-0.693771837662888,-0.709733302674576,0.407492817896122,-0.0400234597489314,-0.528638647656581,1.02476626463677,0.0669023830092368,0.5205812916238,0.407072272369774,-1.10832486917833
-0.185505006767614,-0.841856604753964,0.24474283949923,0.970260756302279,1.24117994067233,0.739294590603229,-0.0524953466636801,1.80496106963581,-0.487516794254566,1.26128156172472,0.972838508764147,0.638760072032317,1.01902848689356,1.06350299005383,0.829683260803415,0.108128859201083,0.996511475389859,0.423940155784032
-0.642722146824726,0.759221277122428,0.0315357726144019,1.330977382001,1.53975063229068,1.09280775484415,-0.228697512099923,0.264204377416259,-0.567702842131615,1.13151921506131,0.202857569564872,0.0627809376321017,0.0985144294602938,-0.862759455763942,0.0249847408780502,0.0207028317705682,0.325185003486799,-0.604912715667014
-0.193361315999407,1.09993899526878,-0.618318512884857,1.94390932274339,2.72105958100662,0.00712354153795926,-0.42747144168019,0.502502835072925,0.174767607997615,0.748798270533894,1.55234161533319,0.172610691361434,0.747258638468668,0.5453218722169,0.797699797355785,-0.0140859009650266,-0.124855965834303,1.24018757867907
1.60815751621701,-0.273748720302152,0.552060788156464,-1.23504898238846,-1.29327546384682,1.10620686313006,0.470905889598302,0.513087198275039,1.49588540190017,-0.491242292342327,-0.232034953328035,0.324269369430878,0.463187749574627,-0.00179562183242076,0.124790625176436,-0.204956045880548,1.68756240188112,-0.146549646683272
1.40019217288488,0.603354965512533,1.32806418319533,0.769229360403401,1.46481847430165,1.03269818536709,-0.510109601792903,0.322503656939467,0.395794624887318,1.38609383074543,0.371723425419859,1.34064073645215,0.785620189949971,-0.114315425522798,-0.476830829015831,0.86234397377917,0.210378868691448,0.482530021971916
1.85679026277859,0.185755768625175,1.34818207424683,0.265394970371384,0.609955500011413,1.05454204232581,-0.105464892845131,1.69992310242936,-0.662071568374603,0.564354909651098,0.361091312789462,0.252589391566497,-0.353260197286068,0.784782627190921,1.13231935589736,0.945168093906987,0.585891299410979,1.59968520785357
0.303611368313622,-0.5257026867412,1.26752982971596,1.02300842136828,1.8830800276685,0.179400394840895,0.544478097055055,-0.448427730707221,0.0945112389457468,1.15369761156136,-0.105145538071879,0.974570617280622,-0.526609516672566,0.976231860068526,1.12934566419895,0.754343637558385,0.818795315601488,-0.57372802686218
1.34371102842786,1.54369972285353,0.68852698987701,-0.350382741244538,-0.352044364832418,0.32575066982688,0.0120807810949001,0.74778951936275,-0.170594878638567,1.22218340756235,-1.30167804921094,1.33879115295883,0.379971211638935,-0.457283929609088,1.50973807288487,0.546329100875612,1.35959489077497,1.01720930657658
2.19892562454365,1.02217195619973,1.52961411684887,0.0115746116525458,-0.775786766304937,-0.00440865354026858,-0.0847398674181398,0.98301382524749,-1.02417698296988,0.360180524793183,-1.6639660092395,1.64956101997963,0.329400314004693,-0.173143578533978,-0.189605819952805,0.054924023971814,-0.598125159713785,1.66917166729171
0.402010604447702,-0.235057666986671,0.0907660622207013,0.0987965358320833,0.87527221292323,0.461053036062487,-0.37920009132722,-1.28787272366351,-1.60792233962746,-0.170975250013442,-0.17978121715526,1.36685642417296,-0.704543795143439,-0.64092584271709,-0.320769148843822,-0.528150726079477,-0.83362116891041,-0.680402292523402
-1.21326569895165,-0.169800030050507,-1.53646480452055,-0.0423767195536463,1.20971431187982,-1.18816693931537,-2.01364650942623,0.155822959196181,-0.170952694348756,-1.39455006526442,-0.974947328951993,-0.115237743778257,0.732036396783512,-1.48796934139861,-0.955623541600912,-1.11347362384262,-0.613967742846319,-0.879726621428991
1.16404722319475,1.65000721596187,0.374250880976447,3.27464012984665,1.69376906192458,1.09305737235484,-0.392987992866876,0.967618535461978,1.74413523875552,2.12510080056082,1.0611407727298,1.48634720020313,0.605408057737752,1.32454000386297,-0.120397189532449,1.11377488172325,-0.228563704984019,1.62285303737034
1.65434714408592,0.41328733931598,-0.0900707965442908,-1.42356052783254,-0.281336938924695,0.779227471842708,-0.415461421128711,-0.741175914404543,1.03452553792959,0.631535097412286,0.0399478143061908,0.706018967821466,0.0183098991768073,-0.117277575630725,1.15692574695041,1.5411031796371,0.0433215670674146,0.277497013645267
-0.863037421750985,0.287082292134844,-0.26795237181936,-2.91197851432146,-1.82838820393112,-1.49774217555987,-1.78959699861967,-2.79767013151936,-1.78817478638842,-2.96586838093673,-2.09006513170301,-0.789428988850325,-0.535339144735689,-1.51739238487752,-1.13088932213297,-0.989819790245593,-1.32623775373021,-1.5930144294766
-0.907896340728832,-0.919400266650128,-1.69543743165973,-0.459031832036912,-0.801075973298751,-0.952894327360615,0.893344363441408,1.12683454417646,1.68960472815021,-0.280348336110619,0.512581447021728,0.0503570104151246,-0.836277518331553,0.314269265282478,0.398472987157771,0.521490419215984,-0.0275816192420456,-0.610227919895998
1.01444025280622,0.348003290845334,1.09239678337345,-1.20894143218774,1.16554510438598,0.100142380643198,-0.838958695063956,-0.241410567342938,-1.54657134882991,-0.106217067818308,-0.621904802629,-0.122659704504637,0.912474145169085,-0.78031671373538,-0.623422988461098,-0.056184055232319,-0.526831761232961,-0.00637981152081957
1.14245570254716,-0.479881751148754,0.992506899138128,-0.45157518398625,-0.714538191394702,0.17572800365849,-1.62951377828534,-0.121620441515264,-1.0219299156533,-0.429455498239424,-1.32440536599653,0.497545969160387,0.0886439836905767,-0.756073685778286,0.114192968803327,0.443681773380791,-0.542596282522075,-0.35042184234977
-0.790891373935008,-0.587420062240133,-1.63153985399407,-1.72334673916389,-1.48389963495399,-2.26603585485662,-0.893349893653212,-2.29961046650866,-0.530772659442815,-2.7131481096971,-0.430022780947462,-1.39284125749649,-0.479128722475054,-2.88686290233123,-1.02063645498483,-1.70212902816942,-2.53756990707426,0.276561289363379
0.11766712532215,-0.983933702592373,0.567719788258606,1.32754109854315,2.0235883928224,1.30503553672049,0.573968152677313,0.18323521420091,-0.0656660253054906,1.69768099184503,0.820371731313382,0.869077019547619,0.527478339704218,1.87706857059052,0.764738684558745,0.0849128015722808,0.848513455313879,0.731422498165066
-1.3142203655478,-0.121808286047389,0.433142836016285,0.930288902708326,0.629397003217918,0.230726700663915,0.0766347800999575,0.528027237901289,0.808897557005912,0.058955522864846,0.574910784427791,1.72476968781041,-1.55296336903949,0.716134074537959,0.38412428900796,-1.46293241108989,1.32505090272363,0.0296821020846744
-0.927862822427238,0.0212924883107409,-1.20195596856499,-0.301696023170515,-0.0576378159093692,1.24007834716227,0.850724912905451,0.648060699924109,-0.476767156732382,1.32159282016174,0.0642204409343865,-0.660425184508235,0.937437509784037,1.06458954856061,-0.664718101914886,-0.907781746242122,0.242824559462554,0.233102188177222
0.57126756850174,-0.923061185887921,0.352960045059798,0.377650008601584,1.71169495992253,1.17339469252846,0.609165799953165,1.25453949484985,-1.20344040492092,1.31123214655535,-0.00360480919752945,0.15042285708535,-0.263884487532644,-0.234066597513691,1.19131026587348,1.07573200154218,-0.281290091236489,-0.131532217648597
0.0882172865942363,0.306544487554749,-1.8294043264028,-0.703073381583973,-1.01726800990835,0.394638657528882,1.15778019803187,0.342075372717438,1.49483539690996,-0.535511707241731,1.00010146244963,0.139693925553287,-1.74485379218707,0.109349436897984,-0.742144568956597,0.769546795204919,-1.08528993106235,0.192494574492609
0.52726583951655,-0.309705722900642,-0.748208283572264,-0.859429953096387,-0.928765455561477,1.79443854272098,1.74919319217462,0.241281873924151,-0.356302241143946,0.802088180260859,-0.140089786234742,0.127137301603568,-0.486602103868291,0.381530087845904,1.39806375422773,1.0535054255089,-0.131011347469756,0.177072304178826
-1.2718208473608,-1.5642335988859,-0.861965225107304,0.181089502408432,-1.48191763319555,0.075149970868235,-1.91557721658017,-1.2180871656005,-1.17147688060567,-1.77924745001983,-0.541039794247042,-2.0585838245465,1.40179759093425,-0.558033679800302,-2.28739398608308,-0.501540145718324,-1.3629203133512,-2.09536949239301
0.520174357622098,0.0247528249691537,-0.0304103794805673,-0.725655242494486,-0.189622932799996,0.912125936374666,-0.0431140360118118,-0.458898905429687,0.357503834270545,-0.0231050599373101,-0.583550329552179,0.948772966037681,0.0939995993827679,-0.382205466774051,-1.01826075969287,0.0203967203851502,0.197464351189447,-0.858810452924474
