"y1","y2","y3","y4","y5","y6","y7","y8","y9","y10","y11","y12","y13","y14","y15","y16","y17","y18"
0.469347489553288,0.0667142577782982,-2.05797063226772,0.912747703496455,0.348435635480514,0.586149379139934,1.08060551734211,-0.576717173451909,0.586027627080548,0.102569453236894,-0.430174361414041,-0.779530698806334,0.436727657308603,-0.290156047045717,0.293973898441515,-0.65398005706535,1.37044250152438,-0.246883088796869
-1.43021016279491,-0.287609780866214,-0.195987396729438,-0.310881648503311,-1.18939012029001,-0.873938406892831,-1.20278619159942,-1.17783482030542,-0.0138377325341278,-1.27210449703796,-0.137249783885507,-1.05833262241967,-0.489890120611053,0.999738005336314,-0.489689585709238,-0.331504521380374,-0.337548274284187,-1.6508668236885
-0.0163758224835764,-0.236739772064652,-0.969502016631849,-1.11536865753193,-0.0881262942827486,0.188460649674429,-1.7672795054186,0.281577186991285,0.120685939687656,0.376580814224107,-0.045073159880158,-1.39327951243945,-0.0437378903548935,-0.416485121193077,-0.784875193381025,0.220750661070739,0.789475500693388,-0.88049470971941
0.387589160307281,0.075920112879516,-0.331736060964617,0.0759804461657232,0.435145760533415,2.03836460751458,-0.757876337328261,0.0849642381787398,0.801477415976148,0.895569415331326,0.295499759497162,0.318563977446503,0.377866327375291,-0.76688483352917,0.493244383077353,0.0850304338472666,0.0680249475513948,-0.475861510815346
-0.538112636648555,0.426992553989324,-0.605505002161978,0.517199854272194,0.121640697054161,-0.687671027743466,1.14558395704604,-0.692017747633391,0.109956646037307,0.0598395653763112,0.96241444086232,1.29590253944899,0.415147546775288,0.347053746909768,-0.688805633694083,0.926892000947394,-1.3103768550139,0.921980160694144
-1.44301181817593,-1.17107632203051,-0.912202394238631,-0.051095674922141,0.591726762763487,0.303120598741779,0.180753467573,-1.26204057631259,-0.721784939354998,-1.34250383570841,-0.602954430365861,-0.799645104360675,-0.613923062662479,-0.669207513922749,0.0518344717057296,0.418963005352202,-1.5804673389018,-1.45220225508665
0.581763139612386,0.252877156036525,0.401852760700304,0.291916462792094,0.391433652777308,0.653686920989045,0.513237326583438,1.30304518977286,-0.310228425278488,0.356284388236308,0.521308729694392,-0.904534993912037,0.864190116538309,0.385174450317551,1.35069686333483,1.72333269369937,-0.398065143662138,-0.735990370973923
0.309695155821344,-0.332848442787621,-0.114413368358193,-1.30553255823353,-0.81752834947316,-0.595417152648382,-0.194344836913422,0.304149092740594,-0.51723433157032,-0.687898587815457,-0.0948551599164516,1.23384509085182,1.28171328782435,-0.309559276005293,-1.03107126683125,0.0212681705340809,0.594953400281371,0.264455070900363
-1.67729997793313,-1.18443811856113,-0.588851559012069,-0.152124122112438,-1.42349562788992,0.112442014578237,0.754956022895958,-0.403288551552191,-0.669293780586318,-0.232894566331527,0.712424645260919,-0.611076173791664,-0.40559200989546,0.695409459213142,-0.0312653976001245,-0.653021360392204,0.464541663867899,-1.79460657163159
1.24518229262375,0.553822968890357,-1.09842941339287,0.293170724305185,0.461285259923544,2.17882571812259,2.04960272889394,0.554336713063919,1.32587020979061,0.833085898098343,0.958188367774592,0.572972136764787,0.151100424751714,1.27501486961655,1.12356016498393,2.20202812872673,2.32612346009481,-0.147457927618721
-0.416737954243222,-1.79466774476342,-0.952788167459337,-0.411207212555867,-0.809996956548567,-1.07933242977539,0.225499295860861,-2.42066319179944,-1.27407070059038,-0.218854104463863,-0.857461634223964,-0.795477092042173,-0.335387641893808,-0.171064398487789,-0.751556883513636,-0.592091063582012,-1.37162133926754,2.39253320988561
1.03152683529779,2.33827138348486,1.14468013196847,-0.23300521404244,-0.914819110454812,1.19078738283923,-2.16326137745449,0.2801170900335,-1.02628722879393,0.0392697987388231,-0.423889816444141,-0.281161491102118,-1.08136465314902,-0.194173541052035,-0.790350788320412,0.856446359630733,0.284055804293981,0.11099350417898
0.580922912128975,0.211306396903553,1.16922035150709,0.0154058753930576,0.116572896948877,1.99017994701939,-0.394174489016676,0.149784886855861,-0.817044767753042,0.21327292648292,0.205635941097981,-0.819955571212856,-0.699834331718362,1.26157715904243,-0.51834695548846,1.77424353476173,0.260353387579688,0.338937916077439
0.166305730413636,0.326918625525267,-0.00334699500548457,-1.06710858753355,-0.734878551658506,-0.933665960113037,0.00852528821540552,1.04391282792557,-0.521620321248574,0.2425050375107,2.80155689981929,1.07990799675023,1.25956107005777,-0.193304677150959,0.636716956772384,-1.02323179976946,0.70851346741122,0.497306760820758
0.654342974840703,-1.12368222895537,-1.42186590178992,0.0317596713537957,-0.534644554654701,0.626236392383279,0.652792979016251,-0.0125298355879608,-0.225814857670517,0.308393017309876,1.40808421910688,0.873825656017172,1.62985492657677,1.70758887743598,0.293849763083372,0.73151611876502,1.2227272549331,0.623998073835444
0.532778666366069,0.0734067735413276,-0.729323240029466,0.117654319145221,0.201252321058002,0.915526325713565,2.25660864318087,1.23603426872927,1.4552653635504,0.285150117322296,1.32611112025798,0.615802229298709,-0.959538786994124,1.26906515687586,0.666953851864518,1.24119973180327,1.01140446639386,-0.632514665995451
-0.0482619445645645,-0.494312143661472,-0.534004750411741,-0.912950073388208,0.490951236275053,-0.74822953283812,0.251201875238439,0.626997813549727,1.26975491122507,1.8998415804924,-0.756859474342118,-0.0815778890939624,1.05038432033251,0.216493231218274,-0.614481855763869,-1.02423271502404,1.19008761183046,-1.424225430227
-0.262316289044186,-0.863931395324519,-0.233263334326287,-0.727425703814517,0.416232334797226,-0.0930225181887947,0.0637145612948833,-0.291588204957915,-0.46461307961105,-0.632915359198611,-0.517436678687769,-0.639350252786409,0.166708968744813,0.883981922562349,-0.178709768955723,-1.64574091889057,0.567873850294736,-0.164895680959734
0.858974463943538,0.697516726078263,-0.31942103979046,-0.325711303391598,-2.42692765556134,-0.844858481996813,0.177540129363668,-0.683526995618148,0.996851293586803,-0.842187161308705,-0.2476620391429,-0.297474311517223,0.656205001979028,1.22044372907873,-0.769434073399386,-1.11974125344255,-0.12900626018192,-0.544721656256474
-1.58343093231133,-1.15511213018379,-0.0541334644104743,-1.98367801402624,-0.268595451373724,-0.209100593174162,-0.996118101495663,-0.044829134812975,-1.671827796471,-0.0860951596328791,-0.502762794413031,-0.467049641373683,-1.42477403319605,0.342271246255741,-0.325974076614598,-1.14456454112249,-0.725968114815804,-1.06693647968114
0.676062394200326,0.341123796848725,-0.85408463529156,0.0738499821083867,0.988145081024617,0.667782574575353,0.588116874255537,0.910792740856885,0.763880031344874,0.11505790819134,-0.39427004617297,-0.411118680686868,-1.6634074687209,0.633707566076762,0.887847538998368,0.665864041296933,-0.985796903989857,2.12263215534894
0.487449294313971,0.94501726586521,-0.380680990087143,-0.585386503590197,0.93942159104187,-0.0820790471375332,1.25976283650929,2.0657614733687,0.709423659946061,-0.688814363528642,-0.627353612465739,0.145037930517457,-0.0917007282452019,0.814765245607963,-0.82975690768167,1.41093770581628,-0.826576314104734,-0.166481259803882
-0.273368296671807,-0.98706476395389,0.634011205319108,0.131953626667454,-2.01169908997658,-1.75531717298512,-0.330709526233634,-0.249080891740196,0.926235116250731,-0.470109601167025,-1.98339702989048,0.362317557036956,-1.24078836197311,-0.60210113935342,-0.269528810517329,-1.0447277155173,-0.435505677199091,-0.287981494181743
-0.830180151601094,-0.12274947988877,-0.808266888611318,-0.178897445551381,0.169432428438603,-0.283830379614655,1.79969360282048,-0.0303321191254074,-0.39717864458601,-0.0306206993375083,0.351693329597587,-0.920037087137572,-0.629117181477157,0.0615487390496456,0.526015157418072,-0.564938951191481,-1.41157620939802,0.0306321213274591
0.0131385444265154,-0.153143102631785,-0.399722281771417,0.919269191717731,1.40228014408505,1.09602450020415,2.25592463105594,0.900556535618702,1.66591192750818,2.39767699817912,0.212318137467376,1.16633806195771,0.303923953125543,1.85680342207869,1.61722480879611,1.93851291236675,0.367836149358852,1.82798418247643
-0.899314770991181,-0.0279805404142475,-1.28727562945427,-0.982045580227747,0.679897085892681,-0.368884253081484,0.478743550836884,0.233735617513123,-0.709675675960318,-0.523883094602437,-0.324143697857847,-1.08212099731236,0.445230634901753,-0.446819405733422,0.23134531447368,-0.898954461185297,-0.160116656436393,0.321667219435877
0.260553335637672,0.691746131489681,-0.673838506015622,-1.5110067246918,-1.20783735012325,-0.502658974688347,-0.947765222735847,0.543920148062376,0.610987662655199,-1.3283559307706,-0.974871524080074,-0.406520498621958,-0.91791127980838,-1.41855794160381,-0.235671252905724,-0.188601112909073,-0.752165943308524,-0.689088682870865
-0.876257740062719,-1.10286239142114,-1.1755392603423,-0.555965530438148,-0.7901461715954,-0.676749414754822,-0.506561611390322,-0.197374105721435,0.202625511158517,1.05517172652642,-1.31331353406945,0.112795221055749,-0.967407011111715,-0.445522327451141,0.586260238010638,-1.24714591408865,-0.281631361364172,-0.679614588936521
0.98708366785643,0.491181320626317,0.58099695422476,1.03258617886055,0.404228002554,-0.66519212709162,0.665894592700236,-1.41942437451163,-0.0112266273616718,1.23488853915436,1.88137169054041,0.706051281563362,-0.840550834441025,2.18188329111928,1.14500664058478,0.0741585457967604,0.458727571438225,0.573594505726367
1.56606492987649,-0.862926708178641,1.41580033835039,-0.482294032971873,-1.52958472601183,1.16503267959285,-0.184876907847737,1.92508027234928,0.884077090177389,0.143302401132914,-0.241637066484161,1.07749688738462,0.856509722255101,1.13600180963398,1.17856193244811,0.459934313340316,-0.0332368026166802,-0.672503127334773
0.140285362100918,0.0543809108790771,0.0518819993206813,-0.762274536888893,0.386156075781165,-0.580740086804273,-0.203634105362729,-1.08302029812286,-2.12677592449456,-1.00621329562795,-0.942492619233344,-1.43007612339526,-1.08158441088136,-1.49260906204554,-1.18371092520022,-1.02652244282696,0.71067787952021,-2.27986135098389
-1.17174480331075,0.0575142101792618,-1.02792955865439,0.143799087385411,-0.733427043409117,-0.780127451659328,-0.321422464081465,-0.951329937080476,-0.635050024618357,-1.12618572577172,-1.13548566779383,-2.52656884814143,-0.438690133426285,-0.182403090655636,0.224416660790023,-1.37745083341085,-0.465076358031845,0.044992334406364
-0.278402762707866,1.72117685426849,0.0466920334952344,-0.227884742455092,0.153310205847389,1.62178211390898,1.31197886317782,0.463709642573516,0.614750772326487,-0.669861130658146,2.5429204737809,-0.336723342739593,1.43511208086934,0.956001135167793,-0.662105579299036,-0.914477488278241,0.460018315836727,0.152782922293873
1.72011442450135,0.522899266034032,3.19192524519134,2.02646173965279,0.145116481325726,0.597434885729296,0.588101203744748,-0.0757540849565665,0.540714597557866,-0.096181344013539,0.826954148400474,0.000419342921201454,1.18748471748578,1.86228368712291,0.213165119684654,1.01247059004451,0.176531956444442,1.25966828721411
-0.273480540253415,-0.188065056565291,-1.10543229405523,0.453067841883877,1.19497973146605,-0.787526452323709,0.639147280002204,1.19384668947295,-0.150686701692303,0.0533060500345223,0.6794923601542,-1.48916075660114,-0.800887296001988,0.74729865797875,0.175847103453059,0.41448111497865,0.856673291790003,-0.198346971236328
-1.29181724410448,0.0443165107320527,0.0392666635090388,-0.300887721375208,-0.450053849179704,-0.159771967016755,-0.962004675771025,-0.440059639739717,-0.687124714556391,-0.183054918046546,-0.825389755248352,1.20929013635359,-0.753467166391864,-0.352422490126979,0.612118282200547,0.684263821374691,-0.646994938723073,-0.842399655881123
0.762982495295165,-0.704582293595277,-0.321587165524211,0.484194322936459,1.39557815882317,0.668177370682591,-0.226073133443863,-1.97233328106823,0.796230988763697,0.625490577488523,-0.399294720303682,-0.290932344240022,-1.84492951288444,0.773700820640428,1.53799273637495,0.428867293547832,-0.138402888595955,-0.555917150390239
-0.455924819894463,-1.79848702265879,-0.479934907202515,-0.229169155647618,-0.0987475717845086,-1.92230159633255,0.278520917765415,-2.45150039059286,2.2361062365084,-0.883233999872847,-0.830621435294428,-0.192509958554297,-0.338687555622195,2.16503706413609,0.598825099608343,-0.596244472672052,-1.26524632149626,0.127542677715568
-0.05013688859613,-1.06389970399579,0.543769629531145,-0.589505809252224,-1.12216676183687,-0.532538321830199,0.177133616582386,-2.38056129596878,0.507980003180747,-0.533005772871558,0.661768284869199,1.54263053550733,-1.06233629792443,0.192753305462613,0.0239744400637027,0.390083005056245,-0.609421476543928,-1.43045918964133
1.16337324102654,-0.0573354506032238,1.9672029518229,1.13916620156332,0.181673523756865,-0.567076397281465,-1.02497857843586,0.647983302107474,-0.0847951239944388,-1.10867771527864,-0.903221869265719,-0.350154290707107,-1.86413964617091,0.0784333847384923,-1.08343891528539,-1.21061969031593,-0.202901564083659,-0.0153742787884468
3.22149968496236,0.036796602656743,-0.0849244743001831,1.16737255235967,1.48293602210963,1.38925626904875,1.08571718101307,0.895851091118143,1.09806097798395,0.515222130191497,2.00204103025813,2.56978277761314,0.401310697303244,1.5967887311929,0.297361909491651,2.44040775422685,0.64402768467856,1.14895366737998
0.357375773103869,-1.49976852863239,1.78295892027543,-0.949651485217352,0.348869355597732,1.12980638040868,-1.2168547344347,-0.124464740445896,0.16010152550542,0.3626698213127,-0.240340397427564,-1.36085979201946,0.393592146786581,0.966141353635359,-0.379265557389323,1.01178403077141,1.2719697990504,-1.14690223235266
-0.722939954268781,-2.23536011064486,-0.534802277406845,-0.410780535409882,-0.225658227276467,-0.394221186630312,-0.413093181306619,-0.891391356961571,-0.481566007342105,0.189326675858112,-2.14443894601369,-1.15226188431428,-0.722882927355257,-1.17697058585687,-0.660902330227929,-1.00045188410801,-1.4387778356797,-1.09508748626041
-0.464553957726211,-0.184548777500051,-1.1902386948863,0.189075022105857,-0.69111466682428,-0.537995912121119,-1.62572121594007,0.326995725674219,0.275135720217657,-0.90050157739527,0.464995996148149,-0.795638350042847,0.765450433574624,-0.833447861207064,0.374300748141631,-0.441966441057165,-0.416576125624596,-2.95764315167419
-0.593709734035307,-0.463934230804375,-1.96298543284895,-1.00115476468096,-0.788665567794133,0.41689213403322,-1.31717497891637,-0.0602158305453844,-0.33089970981415,0.442102306528103,0.254642717560796,-2.45101406081512,-2.09919768527285,-0.0910393645273444,0.493408019388497,-1.42239845079832,0.250294566332447,0.703274452704414
0.146393417732647,0.620799908004992,0.375633479298016,0.161109722062767,1.13189034964754,0.341297794194884,-0.0942083440496705,0.343072355765345,-0.722063236111967,0.328130606538862,-0.369625877254878,-0.311285831791061,0.98761718239128,1.04700136591828,0.256216335635104,0.592197506894706,1.32458578221077,0.340345604259055
-0.715733890767851,0.108378062735126,-0.363804242253463,-0.247751179769071,-1.52639525297055,0.774174871116868,1.01420684835448,1.7644280188163,0.257485971349595,-1.09880998127937,-0.405161335831029,-1.4554584752937,-0.0830958109491402,-1.38180972957667,-0.888512367160092,1.05140674550296,-0.941211687971765,-0.805259273190659
-0.62886829551749,0.255530274412211,-1.4099424131376,0.207981207197935,-2.79822824684418,-0.800291237649623,-0.807513043728768,0.0783714655820544,0.0193650828572236,0.339696951364451,-0.478862471415039,0.00656009367564808,0.434304898502391,0.4516948680809,-0.508343001315878,-0.0397869435278227,0.538750611681557,0.784001357384576
-0.0518217324981897,0.220618437621404,-0.265358317361538,-1.65264675257139,-1.51648538108774,-0.495353803703689,-0.85340866919303,-1.04680101393844,-0.732319633197017,0.858076119075056,-0.338229771105319,0.904406317700198,-0.0910171907317444,-0.2650524624439,-0.431153496133588,0.0531164536529608,-1.19353647060828,-0.500620405169777
-0.654259880521545,0.116082160022443,-0.525793268834319,-1.39983915421763,-1.62270191678553,-1.27027600520797,-1.93578825415756,-1.40289072011523,-0.0145852477718614,1.09269254513146,0.552839562206794,0.915140377257673,-1.31622632611345,-1.48546374177843,-1.46262370120661,-1.13358260911523,-1.02724368665057,-1.11791276469387
0.0237827791293277,-0.394602249755132,-0.0897422341352796,0.925445091586069,1.25262823795193,-0.430381476368804,0.360882765304119,-0.621828281068132,-1.53643397048856,0.470254850281554,-0.396449964130185,-0.408301624739096,-1.0542368002597,-1.44416712018763,-0.183774696002113,-0.135213730493984,-0.679258801108372,-2.00980276835997
0.136734891824143,0.736350466048696,0.444638002544658,0.277102817140616,0.764413128737059,0.250695852343827,-1.42136048016886,0.340443109793994,-0.88621629700072,-0.32775626961517,-0.477126745117798,-1.32908599150248,-0.74943998779423,0.153264277084671,-1.07233316064964,0.00398636990526166,0.347567316989486,-0.749554755271211
0.873082546864743,-0.0429533455518725,-0.0215391516666577,0.619991025829624,1.08114294950898,1.11066121029542,1.29383402966539,1.39485094359801,-0.0855169447328944,0.164510107921054,2.1177786883971,0.822826569973942,-0.117277345759117,0.685942219536032,0.281297782447905,1.70959050612678,0.558827244028937,0.662434079596195
-0.531889685472486,-0.500269485560745,-0.995100129519632,-1.30751977704049,-3.26627403297175,-0.467875124807586,-1.64062282814302,0.325370917321859,-0.856744256572977,0.799999882344905,0.350927155240406,0.703770768195469,0.690096906912185,0.521021044162562,-0.366539723913225,0.41908756596601,-1.66464004887423,0.192855233232746
-0.449244078986827,0.884730970807011,-0.540655753161929,-0.383216502566897,0.423718870920434,1.03202471769454,0.942196988350936,-0.860091100896003,-0.222693231365861,1.51152426619116,-0.00215093399462745,-0.377827772752965,-0.614819306399068,-0.876550771587736,1.93256789130896,1.96289847680014,-0.114033531725911,0.964951305756804
-0.458351816714145,0.142556743744275,-0.0581039875481157,2.6342095502093,-0.055773219547806,0.98410626781727,-1.03800933724759,0.406498954470429,0.263383250881964,-0.252037287482574,-0.472967650468612,-0.589474076152276,0.54781035151902,-0.11762575898425,-0.0602868485103789,0.365054720677795,0.606281220006281,1.47864108878131
-0.113259352291795,-1.80921262167197,-1.01886409668107,0.769534094590276,-0.298840066938328,0.0155637934824827,-0.224365849232677,-0.406159519883375,0.323226685191966,1.30741784381924,0.681589148299323,0.683567522531173,1.80822510990213,0.156004428085229,1.20143239054641,0.413640438186619,0.543188526134374,-0.12144186253888
-1.03243051178695,-1.41640150209206,-0.484106602722066,0.0112467213735087,-1.51887325071798,0.0460946578403785,-0.0634389101267743,0.235572183727585,-1.40209468665565,-1.53568314451934,-1.89617527621062,-0.838743620366915,-1.45905064264414,-1.41030680575349,-2.49478478276548,-0.815069158513885,-0.91478320685938,-1.08191748133361
-0.859560427365632,-1.55450916220247,-0.968649914672306,0.374735276001302,0.481351546967158,-1.08842276983951,-0.305101017330403,-1.108929804654,0.510786056824155,-1.37362371615013,0.0201945995905092,0.222807172705924,-1.0886737672844,1.09744327924859,-1.20984709481123,-0.973615347474894,0.183203844388285,-0.464592870014331
0.885828549832322,0.782154667443915,0.491342345649319,-0.441867131243455,-2.44837766076908,-0.379594652995472,1.2037273217905,0.679221746624257,-0.398642462832169,-0.349967000659106,0.38358793196717,-1.18719975475755,-0.0705823912973683,0.272418151543939,-0.754400595982492,0.9643034513766,-0.832830852350958,-0.812448285532414
0.146750983002368,0.327415282694631,0.589223550964786,1.25301587599368,0.503683683362627,-2.3548620377092,1.20422268889377,0.037017686981346,-0.728916037503018,0.640971522523672,0.276489308066303,0.93351023125964,-0.134292563691513,-0.6548859596431,0.0558909941068735,-0.353819105714126,0.499741314458646,0.0118420773387439
0.307015157637722,-0.496760928502825,-1.76862106808719,1.85854471168581,0.976452584115191,0.384514905988986,0.368482282953462,-0.533610582015463,-0.274702499043544,0.123879685629958,1.79679393476618,0.811818168147013,-0.322609028077912,-1.3721314902692,0.154944050421854,-0.247524734895842,-1.29627002900705,-0.344008169155433
-2.27014933127625,-1.8906805522337,-0.34420775996333,0.435827967638697,0.0732524444985806,-0.436376337192577,-1.03015952413824,-1.52339249073487,-1.57125234348743,-0.646477812423607,-0.348402948252682,-0.283361976573634,0.93774514146975,0.0634896406387878,-0.177947322370251,-0.122472232404591,-1.32665541165965,-0.586287212481374
-0.164151394191616,-0.390127090963555,-1.02460447115164,-1.63654279025026,0.319352894506432,-0.457519107754577,-1.06213143670677,0.0402963249482881,-2.61832773123076,0.281523396617136,-1.13711689250905,-1.41362690377472,0.490816107523589,0.809110004350622,-1.8165525005381,-0.438113539203662,-0.931583591662897,0.0538115021234891
-0.639926857475954,0.926299091421578,0.637888501387133,1.01551113129777,1.55580750402763,0.0169147702362,0.959206785189148,-0.530119302938376,0.457326572297064,-0.636460849731155,0.907947709565892,0.236516777323197,-0.246101953846899,0.147937243840135,0.195249955109092,-1.00935290409822,0.538707695155509,-0.648598870424796
1.66391526856793,1.56821579318218,1.53213801223523,0.604978634910674,-0.715263258241273,0.258753597178961,0.180858785757458,0.1143722701065,2.03680038871631,0.573044057507774,-0.125992636761498,-0.265988751357478,1.69567033589929,-0.681639004103842,-1.03614585871213,0.848483648494316,0.121833046632814,0.121226572141161
0.742858096773241,-0.437670699355935,-0.538915915842559,2.6645751182479,0.796770511689221,-0.232825573920843,1.12877747110433,0.974691161649269,0.616354546392219,0.292767269820023,0.821971342539643,0.786770486758855,1.74462571686393,0.638817853637609,1.11883342377086,0.537497451439458,0.266053329941734,2.14774424460764
-0.0763358283323994,-0.750064113124105,-0.818991921136306,1.72231153638281,0.907754304036771,0.977971836809229,1.0985496177044,-2.60875914385907,0.717492549484797,-1.35825000829483,-0.260697519483663,-0.321948983939895,-0.0882019695134806,-2.78799773913446,-0.355086353288718,1.25761079561989,-0.201658031629734,-1.12859807035725
-0.682257101317357,-0.604924897237083,-0.117484323194992,-0.109011265686371,0.504991583830445,0.101108964994464,0.995325403838479,-0.826167791816925,-0.0358222076338693,-1.17100366816508,-3.06146417596336,-0.628670659508857,-0.864546005595367,0.188448829368479,1.0855752468839,-1.00294943171928,-0.53174583345306,0.629555400739278
-1.87039258374367,-1.59595335938184,-1.30404399610594,0.353775919285611,0.265411801013551,-0.330835958386379,-2.27613509266795,-1.76605390118784,-0.0422854351403132,-0.886800907368148,-1.5208339367013,-1.59313993337749,-1.21283913271486,0.0129701485414709,-0.0173192499965095,0.429730151411123,-0.634979105528542,-1.28378095378226
1.17326656716343,-0.29028988773097,-0.297585786854112,-0.862326175412213,-1.67729629183105,-0.846752142660149,-1.99010409562867,-0.209030430761291,-0.128864510644566,-0.517040296763126,-1.06417952307684,-1.38710322093717,0.481785685926044,0.523388203849506,-1.68976670961167,-1.63077449083688,-0.40765337517302,0.180921142074292
-0.760692398295035,-0.666855113821553,0.747123848451127,0.0760927915869185,-0.335955554186461,0.724424444835313,-0.334768510258026,-0.50063601886841,0.752705239702833,-0.299182914400896,1.26699688837594,-0.158285100417266,0.439834409978986,-1.05289553365897,-0.850745671479006,0.0530214768404877,0.890273035585593,-0.190873654052262
1.00466481652541,0.833485573144161,1.02527183771446,0.225104570356691,-0.359221475986052,-0.685424059683483,1.7620217384942,-2.16875448248499,2.28109672986033,0.205048722418738,-0.566458245498913,-0.138373640960964,-2.10123987958768,-0.320876693929452,0.521743932049354,0.663007463996524,0.723217421268059,1.08783864988646
0.812735552072023,0.0853910170352587,-0.0903330022634441,0.862294009026377,2.67150729564879,0.71747337631592,-0.228202443538785,1.53305166527216,1.42731097604235,1.7790067705461,0.996404360300392,0.0215791381821289,1.11138145290942,0.778830494500607,-0.0386254345772989,1.65269109338113,2.18000028844992,1.55645157728087
0.411131126721634,-0.447536488025101,-0.861360764332188,0.801172551524573,-0.603683251786713,-2.07403566958059,0.576002367252299,-1.83049755455685,-1.22077933243835,0.18063754956213,-0.185347162312466,-0.240606120552048,0.429047976880729,0.32486749026144,-0.40304689237783,0.644426223965686,0.920167981034656,0.0587926793668098
0.660330717440773,-0.50682800998453,0.35192925984455,0.0525497579012573,-0.611684118145952,1.28377732192274,-0.170520177729027,0.575398133574336,0.425840734617985,-0.405788094270675,0.256295592394252,0.969716503313414,-0.548698614607599,-0.628673723324139,0.605846842475481,-0.0736591301719801,0.717102638595796,-1.26619801445123
1.6943128642057,1.16358754646898,0.548869432471261,-0.213933845649135,-0.617341956726964,0.216043936832631,2.13846542019085,-0.614546150485969,-0.684128905739047,-0.0759500411981936,0.716784988328691,1.38563587181469,-0.0283896785761725,0.239508615083309,0.400792445329229,-0.639431600139432,0.277504646346608,1.39807274153655
0.647812566805758,1.14658095689468,1.21774069856558,0.845693369242549,-0.349782409671266,-0.0155907611936463,0.102470181172847,0.146716568281429,-0.557606609103573,0.894472459728355,1.61172776328859,1.15972379604029,1.25045733840382,-0.694658232394218,0.506022747764654,-0.100363652430419,0.38052692459959,-0.336078640795729
0.414254993309748,1.73786242530371,1.06738950416903,-2.56272237543009,-2.03205090808068,1.12898488915478,0.286375539306661,1.38343043850148,-1.04371740961555,-0.098290266872066,0.563652401205154,0.299377700460934,2.33711880776898,1.19419832774231,0.0844241330449272,1.11330086299228,0.546009685360998,-0.260500199482114
-1.64075527277764,-0.13313786427221,0.642338279516813,0.63315215047305,0.899073722004897,-0.944971885842736,0.131970231097198,0.972645938577274,0.768353889455122,-0.242504991631974,-1.33519551600468,-0.955070754950195,-0.496053266519081,1.48713609143561,-0.545958515126858,-0.884343766636691,-0.606288695860536,0.35050603707615
-1.30723915031268,-1.67404121250963,-1.5713698295431,0.0235069292631416,-0.907724242938309,-1.10803924915139,-1.21380164057458,-0.372847622752687,-1.03536432547608,-1.19157960720651,0.559895192160898,-0.914706707588644,0.3848937074933,-1.80661577550331,-1.22863456257409,-0.337841200418298,-0.608552237152346,-1.59860067181083
1.61803103141507,2.1161992289176,0.512658667480456,-0.810838933743819,-0.415652907606024,-0.444387872666506,3.0996109846641,1.45640218422364,2.28659300010848,1.27899053538179,1.77473719252997,1.13542752718829,-0.203049834972577,2.70128991451066,2.12134782803889,-0.709579912124992,2.49673369616308,1.72619666451223
-0.246257336233808,-0.505009036068728,-0.640733878518458,1.05722924428949,1.05175211742405,0.0406484442694321,-0.352493634912179,0.899880175423526,1.72594805926553,0.307642163125684,-0.768241077866976,0.0746797795810054,0.22278767391944,-0.636752402636441,-0.0447712690802922,0.104569004467126,-0.0115691110271062,0.318217890066353
-0.33593816342518,0.271896732059988,0.231338774143864,-0.349630062554577,-0.531784172267854,1.66161649184063,-0.189488478864882,-0.797743822025557,-0.278697822928843,0.557686433738685,1.05484758681943,-0.0991845964138704,1.56795237986534,-0.787722302083343,-0.780695995195549,-1.07600480036987,0.00315393272685716,-1.03512219539679
-0.128242579964576,0.127211271960933,-0.906943869809004,1.59539820157993,-0.916431924518847,-0.861520920207274,2.78315716197648,0.526632901818328,-0.0692544125534489,0.112885074305674,-0.738977921559385,0.0675163029267509,0.524462624176237,-1.13497992987607,-1.3314905303452,-0.72479730936751,-0.539360540693895,-0.125444671298784
-0.844208403402616,-2.20434955099259,-1.69722300775926,0.414185332540992,0.745516758138364,-1.72049921721362,-0.744944853105609,-0.626072525057398,-0.665014514232397,-0.834485554652833,-1.28613771830646,-0.331088473913843,-0.817628756042833,-1.90422060288202,-0.975154900076056,-1.411601024652,-2.85939446395305,-0.165106550007302
-1.1761267022655,-0.140107436031309,0.206933925635185,-0.224954703222766,-0.333997042817833,0.400962758106624,-2.42848947961106,1.39931793787954,-0.583226504945499,-0.177825361202279,-0.312605545168522,0.119622319245336,-0.801522417052271,0.762764302308282,-0.483974658754481,-0.364318520865812,0.549241777552474,-0.0571193602274417
-0.910533094162081,-0.498006926851692,-0.332936799128906,1.22194110256879,0.256071491036867,0.421796086554235,0.0720472829417577,0.638565000441833,0.250900898896475,-0.265566785757254,-0.191392796720951,0.0105057391679635,-0.349361577372927,-1.00949768683618,-0.608228544257516,-0.231510147812668,-0.213696201125212,-0.942796593422523
0.218862984180169,-1.60704670163682,0.815893460626007,-0.678378714925737,-0.327778632293975,2.56469078510951,1.13259919757244,0.694840935309014,0.222291193622994,0.690384485577269,0.744146382366251,1.25465759291195,-0.0532428592859403,-0.283574203502181,-0.439953756970212,0.789686866119208,1.77948310936877,-0.384199361367701
-1.45307677719172,-1.11063165702018,-1.06798368980268,-0.511717067411988,0.203066014788782,0.553932273719063,-1.11399626491423,0.828372680240417,-0.952661322849544,0.381774288400458,-0.320773141693987,-0.252079457103108,-0.753392257626828,1.52229584676923,-0.716693850106779,-0.215898659490345,-0.446906612230388,0.516382934527617
0.326632097474135,-1.31598046179658,0.542011155732192,-0.72711995154185,-1.26707840510071,0.764159940278594,-0.725306318460434,1.08660116523048,-0.507895569316895,-0.807114405413813,0.392633012994479,0.954270291979567,-1.16538888458096,-0.518173055891511,0.0206669551330339,1.24748633775259,-0.545411943324898,-0.161659993414303
0.690103224920722,0.642890748347828,0.402980377939744,0.160570313450215,-0.460878588874563,-0.797171391448085,1.21070647920785,0.141236734552647,0.189550634436855,-0.456082869422584,0.626902947389009,1.16535694313037,0.218403357361053,-0.029238867737396,-0.39472503548083,0.377021476749507,0.536623608778828,0.453421650406957
-0.672451507379826,-0.735842276336972,1.21334092118945,2.48532410901865,-0.0863371537159435,-1.55161122432017,-0.245207966264565,-0.335120135080088,-1.28366470029527,-1.9960387397658,-1.02923654375351,-0.77986400932662,-0.0822809942977884,-1.48521962963835,-1.73434424134806,-1.9222954021955,-1.09233000026789,1.57014585295392
0.892473273402952,0.170717981449405,0.130883768891002,0.68416666526005,0.320265730804281,-0.0941815459326063,1.21708617710733,0.55910299132303,-0.0829183620892213,-0.97502088092481,-0.702283750093,0.0739246244884753,-2.0909508743838,0.735097484294735,1.11595708423485,0.759177432051809,0.863102222527317,0.983222573280145
0.0515940954348469,0.920706172149505,2.45934616317439,-0.854025991856117,-0.036621214425978,-0.400315985176681,-1.70934652004175,0.212551124472519,0.9867566702433,-1.37000979955053,-0.264561462896449,-0.905346966810262,0.289324309247537,-0.321845604536367,0.411732748606185,0.0279448076846508,-0.158477735735133,0.804375783017899
-0.314233913521911,-1.65797277567746,-0.317394854330402,-0.919382865812957,0.127415667113515,0.0791270381111464,0.545717900104301,0.393838915895882,0.201719010743552,-0.229199967903117,1.2564115781961,0.940135275133086,0.0469571297081186,-0.862766321937229,-0.283690187755542,0.637777946191161,0.321769512042218,-0.348520703607831
-0.370871434534468,-0.779010129489,-0.296762164743516,1.06464361367656,-0.431616386879977,-0.303356428656693,0.491477817154239,-0.0689310687185338,-0.784584409334153,-1.06207212499269,-1.60736096230541,-1.40130821270681,-0.311835982916858,-1.81497609092411,-0.286854002371808,-1.03605956116369,-2.43629029234667,-0.127340562358744
0.577422532322487,0.377326766473951,1.93033320790658,-0.148506739639131,0.634227665226585,-0.701667736464506,1.09810211666071,-1.09944087485394,1.57800866995254,1.24639979740777,0.501283904279157,0.64563725505839,-0.703099433965883,-0.185733750149431,1.39263282201429,-0.0741168302077149,0.157999212663788,-0.241757911469167
-0.212197220864375,-0.705998479663019,-1.25085622896011,-0.795998277709223,-1.60195500197855,-2.0214989968228,-0.602894091727393,-0.462089491760858,0.0452960178778852,-0.0187678591306594,-0.176384881319412,0.274927404732965,0.537167122265979,0.602945474446189,-1.20015991746394,-0.450623899916387,-0.288000414708327,-2.31308544453893
0.851722472329913,0.300341740850958,0.129265991352096,-2.28002415101077,-0.170263649588316,1.61871313497958,1.01751957665831,-1.18457348084589,1.49723315081734,2.42013285311959,0.544881029979228,0.798398261797273,-1.49950634330609,-0.782158884408047,-0.00507677990633041,0.766861671968866,1.23753954309237,0.815033608950088
-0.746658988204213,0.455121601632858,0.642950078752139,-0.122945122036804,-0.65624641594538,-0.353998466051693,0.676476244685643,2.16082985957917,0.0398072016974379,-0.325597930221287,0.646519017851549,0.404285647166948,0.657761447196337,-1.02228959820007,-0.516755160241958,1.1058380922321,-0.455922884492973,0.333473610405026
-0.995888454834188,0.0525085311549401,-1.09923527587537,0.26120881583299,-0.541217226243993,-0.602496382023574,-1.76813385256297,0.0226646008568809,0.239029381715541,-0.139965810831658,-0.300181239103063,-0.440094680766142,-0.598392606444434,0.279075795286731,0.882639599387828,-0.609235494280152,0.0816364310017059,-0.298917233309424
0.857991706540033,-0.678859297187209,-1.77753427817912,-0.469718530893835,-1.27311957490813,-0.292468430775568,-1.8612942134912,-0.564915103008349,0.769163510190219,-0.696683052907933,0.00244607267047553,-0.0463649967465563,0.31657389902475,-1.17132178955927,0.063322684340991,-0.783265957533548,-0.598711794569255,-0.149012496932226
-1.26382825952326,0.835626416399154,0.0220025634228335,0.781454417101246,-0.349478036236898,-0.96905767902423,1.75036065263153,-1.06089023599894,0.478150994924923,0.247774186976997,-0.583236865160171,0.715520007727688,0.575786353116227,-1.36533469559637,-0.668232813968883,0.556457723561785,-0.009547172234461,0.108314456442618
-1.48264600254674,-0.889855547007645,-0.150114034394163,-0.297883183978403,-0.301167949581552,-1.02351566222505,-0.45960477806693,-0.519423423769983,0.532907401772028,-0.566129720314628,-0.722461843683,-0.433289095928219,-0.864501889387474,-1.3761494238252,0.317648161175781,-0.0380542071277697,1.48667360566314,0.724638745284401
-0.673312599438663,-0.356708842876358,1.07573132854817,-1.12125534489891,0.296106928460809,0.0345161819306627,-0.738730233725733,1.23996939726413,0.198889116125805,-1.46177670868068,-0.644744752370114,-2.26282492767789,0.598710246162839,0.111137746313663,-0.938200425508915,-0.98815130678764,1.27944218050337,0.33041299019299
1.19149966027033,0.314973643437829,-0.0143926376628896,-0.884472644009573,0.0668284854061778,-0.744656176419374,0.878403451521715,-1.23362985051708,0.544562150735046,0.264626350774255,1.04048070498273,0.677829894335685,-0.333124111866907,-0.747261651386217,0.528392593313765,0.68225819894058,-0.244082499748579,0.319745874088043
1.37043324432443,1.8545748213846,0.833251758206523,0.37688362928455,1.42700867784669,0.755173312221963,1.48966887005996,0.675235713831341,-0.00291326246214598,1.94755362600836,1.36200449699668,1.48990781935257,1.91338961663272,-0.593719665589028,0.859052019764108,1.77740255790222,0.75139516680895,2.21079741431887
-0.898948585682348,-0.239069677209323,0.922946537536337,0.703923692830311,-0.426260036190517,0.495634216541223,0.223645580457776,-0.384447258257928,-0.70285607283344,1.38708056393018,1.22447705716126,0.121339886195095,0.0951145980653991,1.65559857339104,0.521253929679726,0.0945282433223392,-1.15737512404248,-0.0155619552008229
0.722092981720874,2.54159284776956,2.0378238432881,0.00629923973701685,1.10963049337976,1.06387736555792,0.891534416060182,0.882736283086267,0.569483158098614,0.785997304701776,1.94009523297643,0.81528442522222,1.20114956582834,-0.504088546137274,0.424070065061067,1.6658812079513,2.50962256188299,-0.0459085868321149
0.307507923598761,-0.448900881478971,0.238177140786858,-0.599978114160121,-0.0497098304045531,0.00751888015331248,0.58468294613651,-0.142190548437308,-0.348989236415685,2.01501465298781,0.431255439648769,1.67327898411686,0.872621260262183,-0.409528746962933,0.295438196106843,0.687431742786481,-0.271518077438808,0.229007729291365
-1.21073690083416,-1.3305545162783,0.518269045075748,-0.179976199645047,-0.452786349372679,-0.533023201549427,-2.48364968023466,-0.641004957501902,-0.0789535120651181,-2.14546798143335,-0.770841513829066,-1.42511919002352,-0.559577128491486,-2.0451131507131,-1.43013973739376,0.0646792296215599,-1.87832741490989,-1.03269169805673
0.343620472083635,0.0140283318656206,-0.105030384142169,0.919660820381733,1.07893934011587,1.11388677249867,1.92954745683075,0.572724165997357,1.13780585504934,0.504375308625949,-0.39334431418034,1.58235021889846,0.37174738527402,0.636787201867534,1.05710789861517,0.551420269496415,0.311294660463696,0.508742346382889
-0.776104614184363,-0.226465487897229,-0.591644838277549,1.14481391584683,0.753968179874644,-0.858378363210598,-0.711804782447351,0.920143928223496,0.37238872285839,-1.48124504518575,-0.0991714775163546,-0.47491335841722,-2.06542453023914,-0.884491193919143,0.221034899845528,-1.59303567807015,-0.105994283678159,0.638290850067844
-0.0386732973371698,-1.21682790989047,-1.28275472638418,-1.55004594001084,-1.0621176496935,-0.708374875853165,0.567209982239689,-1.30713935174696,0.169169602529967,-1.29081137772906,-0.414275658896507,-1.10393776381709,-0.197474662445073,-0.992753255586272,0.111301536857076,-1.57533452837986,-0.458981229092717,-0.699348565933566
0.205750504678707,-1.28367725439047,-1.17002427998656,-0.555037660304348,-1.58426633057292,-0.435076769804815,-0.766625013816441,-0.818479231345242,-1.20668421613582,-1.19441852954598,-0.260640349609604,-1.55486614485177,-0.348010337889149,-0.737673007607547,-1.19864449550313,-1.10206835628324,-0.147042054280552,-1.54253581685147
0.0445798119409986,1.84361669559994,-0.0387738877678177,-0.300169894298573,1.01749976610986,0.747287243112166,0.119917691534391,-0.149959894987328,0.718427732249924,0.963495028300131,0.583528067783418,0.721358242689521,1.04518310726259,0.770174439174654,-0.0310509903196094,0.897365296318091,0.925635343321632,0.252327522885628
-1.26156418381753,1.88471413137103,0.323088761893535,-0.250695507339789,0.774944642793462,0.220620026658582,1.03234795829354,0.511111342703085,-1.02905547721411,1.18727750355503,-0.0375742126406409,1.0782716672914,0.508711586329478,1.14945727753648,-0.785488045377599,-0.0593602066423439,0.317979947022129,-0.0824547934700727
-0.790179254992023,-2.06818312692654,-1.60756031747318,1.26336814775164,0.417565060657408,0.527914256009789,-0.928146472013323,-0.142660583530477,0.263026836423141,-1.09736529601314,-0.466721608323675,-1.21604360445247,-0.136584947088419,-0.8573389112752,-1.84081971354698,-1.06689645581145,-1.62934060444729,0.0623177201855237
-0.255488971724839,-0.495877616076144,-0.359529339306522,-0.85086069041562,1.04925006097039,0.00992181749749098,-1.26818204256692,-3.12669200660068,0.356832553528628,-0.451600245048455,-0.483082441403901,-2.08375918277121,-1.46645880004268,-0.417751842953606,-0.81401650040039,-0.438419487431489,0.426353710731395,-0.90023923241028
-0.639335208567434,1.52987595493108,-0.0200619880179977,-1.35699406887462,0.774336477693629,0.118974847349521,0.805800609276727,-0.756458781536953,1.61739663385049,-0.388418322573903,-0.384131891131823,0.936358563340995,0.398717792672622,2.04468315823798,1.80444898804199,0.498275425150212,1.13767400570419,0.150882003112346
1.01177367085409,0.406535814017582,-0.848395409873854,-0.784690028883689,-1.36309706468946,-0.879425347716403,-0.629164819649453,-0.447266269283249,0.722143557926261,-0.182697292157936,0.643118370099585,0.241879951289569,-1.22337026520404,0.404287038444105,0.802840037312451,-1.57896816505279,-0.893519740010533,-0.0850811463642328
-0.503970439264273,-0.764831389332372,0.238638246882607,0.570028288180419,-0.701377980805576,0.0662682476545655,-1.61744251425683,0.517519498657299,-0.552332646355453,0.0372976313617244,1.1146640183878,0.48867482068052,0.115217770845351,0.940909969450219,-1.10259907155491,-1.79645650685797,-0.72280382317269,-0.50096552239154
0.898539303923585,-0.409061419770158,-1.53127677016861,-1.00035241000926,0.376971462412059,0.197917055877344,-0.732840425091348,-0.370787504042791,-0.260691479352919,1.46031855279081,-0.837302722148386,1.1020575069047,0.984609866767992,0.903468841348875,1.06956752692602,-0.159453865093266,1.2905522391201,-1.08141395090953
-0.683663916915986,-0.730689756714369,-0.513094197985811,2.24024375465447,1.82513630528205,-0.189280486051513,-0.349025754045521,0.629968502801776,0.783500199014798,0.731771139700925,-0.581813237938421,1.2237175355151,0.109665690747761,0.45033663147291,0.885577415851135,-0.385306001525505,-0.651577980149783,1.52575689085542
0.392933886832781,1.63178801074985,0.63838455108303,-1.14492076539476,-2.30358596908028,0.944589790887452,-0.500428072788875,-0.230661389848315,-1.09310381749348,-0.609875884759747,0.345297929957375,0.0939868972440901,0.546896534773365,-0.346258897048397,-0.277961064453415,-0.736250416123136,0.277576355572974,-0.0789668092282662
-0.932462492355733,-0.68404122036633,-0.0262150438768747,1.34314270492893,0.489867605236295,-0.432293209316147,0.14298186681205,0.0743956412164321,0.856564738591361,0.432076691129457,0.469059002903932,0.815934168533434,-0.876430985700942,0.909780976642418,0.638817512190547,-0.746095155252628,-0.785039919290198,-1.06432010768109
-0.130005591946126,0.376729478035144,0.23181394518842,0.183677063112266,0.19879534658232,0.665225789175165,-1.20331166449016,-0.304323338882897,-1.36798532745485,-0.263218093509599,0.605087728906743,0.257652901926927,1.69934784462036,1.47401856716307,-0.162617974555735,-0.594271638724099,0.209200148000044,0.97057230819484
0.48691018316457,-0.10037034207052,-0.415710412227961,0.223870102142016,-1.35287480270733,-1.59128424082364,-0.244845319016208,-0.318685373373428,-0.323522299226544,-1.57803513184185,-0.493806107975606,-1.23995725790285,-1.8803198870538,-0.738116903362278,-2.67270737353592,-1.15349870363124,-1.59372688222934,-1.61311074894736
0.691167552825103,1.17990342529747,-0.627017741103684,0.572458124035061,0.325268432045682,-0.812822797664145,0.821080650752085,-0.13890385784014,-0.123501112065747,0.696415701495816,0.567518459695626,-0.434811880940353,2.18624675242556,-0.00237823330651337,0.547273185564368,-0.146492463773676,1.22439223371307,-0.547879540456783
-0.934089751300445,-1.14407079814343,-0.926177691991125,-1.00701346864769,-0.110809555908134,0.130878670349604,-1.43022201913358,0.196933851287037,-1.60209279210238,-0.0625519546602132,-0.17353723670888,-0.608718981240172,-0.712639861616847,-0.698605562200896,-1.08297285433632,-0.833592875638832,0.0602853090056944,-1.77915880773263
-0.374295058122199,-0.940864559669262,0.0666445187666132,0.158585344441413,-0.0224388540560778,1.14396656220112,-0.0826676577772989,0.437808273768281,-0.17952011283539,-1.00366140415745,-0.587109731517547,0.27935660252262,-1.0459609175087,-0.889585339927676,-0.875759671658296,0.428659259260031,-0.777145870012792,-0.0118227894179981
-0.835861065134665,-1.02424234160816,-0.12829032179897,-1.27102610257877,-2.86883394666892,-0.904862661764321,-1.7491107322389,-0.32715756037824,-2.03526909955611,0.858521378643149,0.573362663173912,1.73022893606087,0.643167931917605,-0.0410282298720473,1.05584424832747,0.226565086744256,-0.0374105243901311,-2.2885996214729
0.392632947274886,0.0406928094470046,-0.312434019827512,0.819838658390625,-1.11459087001592,-1.28310836330612,0.387037270419715,-0.662008692674963,0.698928841654341,-0.849959145068866,-1.34672586169681,-1.0458736232866,-0.414626451578695,-0.0664893062666924,-0.537536542214134,-1.00465143857748,0.160889758124092,-1.06134669643287
-1.09075405282045,-0.932939779709401,-0.873194639526457,1.09984166723529,1.10143018839009,0.676484069865527,-0.839539863300261,-0.475242917390651,0.752356353755427,0.386729580686881,-1.31374207697662,-1.64036638729707,-0.801001403684772,0.544595502199,-0.33136358858529,0.63562920495915,-0.363726580803317,0.947159751119502
-0.484009393019672,0.383779224020511,-0.691352189173831,0.940455055550902,0.076699849479797,-0.111965114093845,-0.198494220114963,0.685596893969295,0.304590414791708,0.440401346682184,0.907269749078322,0.960318695852799,1.09655039508432,0.0112837482752028,0.348069445896647,1.54764117387029,1.69996433046583,-1.48496934234158
0.24842115022685,-0.00917458900265119,-0.0434260434810022,-0.339128928467199,-1.31996980284848,-0.696557595947645,0.286873154810486,0.694767894998133,-0.285769361005697,0.565524854939557,-0.294250157014243,-0.361538012636184,-0.165564791922805,0.870411251531099,-0.48132772080314,-0.318414526259626,-0.34539727284322,-1.16970423186012
0.502656624893648,-0.250608812504634,-0.247947127479422,-0.295577345821911,-1.59768197596043,-0.307962420008784,0.216619318008671,-0.455363412175372,-0.925903437714097,-0.961882850940332,-0.171597725338906,-1.834012441587,-0.667730103856451,-0.0333052458749887,-0.938542733423599,-0.548324970070145,0.145788565526046,0.317800003596352
-0.391483437839582,-0.781100101947616,-0.562956734034114,0.43785488415027,0.791324134430917,-0.459264320584097,-0.259361270770344,-1.23735506381563,1.12521331509728,-0.694823067288998,-0.175394479334716,0.0292241040892633,-1.57057100061144,-0.332450732650814,-0.840629489468527,-1.15995329653317,-2.41345577484529,-0.648666185138407
1.10099196237305,0.247409679376084,0.688844011816162,0.287263642995048,0.541512944036799,-0.309440470986065,0.290151352930949,-0.591179172500378,-1.44360973015922,0.412488468592527,0.660799730212127,1.54905432890595,1.13786415767366,0.712771299786885,-0.266571341178583,-0.41234229334359,-0.929087824418134,1.31829595866948
1.40011656532418,0.00402312240910462,0.153264527705307,0.852748986696359,0.53657199085736,1.13512902335234,1.84097674636318,1.0525695423492,1.49575083965329,-1.65151107861662,-0.195639702268991,-0.542393197771246,-0.646415992502256,1.49624739414382,0.056090136610666,0.984089444056767,0.544792067112953,1.6777428874657
-0.43742426444163,0.224326754693946,0.0807298970660135,0.054284359257596,-0.362310502871585,-0.591139426955393,-1.55202161907511,-0.512354340409338,0.0132296909215109,-1.50727397665772,-1.09845017016367,-0.918074536185366,-2.58836977809332,-0.312072033835673,0.459880744364431,-0.329918429296457,-1.51140073582961,0.829096471677342
1.45230310600702,1.16302583144858,0.565264336704962,-0.509950931965904,0.047572561231594,0.624472796139677,-0.176228284223475,-1.00697758406601,0.13125120055365,2.09067849326098,3.05029017941395,2.62021399309573,-0.150357752696025,0.198019154009747,1.68592866763622,0.729861233647219,1.00952298967978,-0.127975118317708
-0.144172861169219,-0.780385450217895,-0.00520308196433168,-0.0773872419569358,0.269144924585982,-0.294231709129508,0.152361158361858,-0.0041292211036478,-0.0480529370594438,-1.21682958558289,-0.319114776527752,-0.781089649024876,-1.74016747317809,-0.417355555532321,0.0151619321838666,-0.282225461262101,-1.88595397645465,-1.34699379040418
0.141250979191254,0.2079621634756,0.612674122502994,0.160242979887329,-0.876248256424313,0.195188837897384,-0.737737567008499,-0.0117318679615515,1.84412665917443,1.77928313703897,1.50151129166482,0.800474699246297,1.32796919011208,2.12036474247868,0.109213888629443,1.4753164604482,2.25571753237821,1.04933349602404
1.12913253432435,0.19048982036603,0.776083925862103,0.911997158567841,0.920193498472415,-0.112654659470401,0.0671860221365594,0.930883161891002,2.41039674176055,-1.41184674035319,0.73896433248877,0.0260898289108075,-0.583632595696443,-0.541482406949341,0.232424040888126,-0.299289207483958,0.0800868164481788,-0.617289732275903
0.949914484563969,-1.43501104500301,-0.555420748442722,-0.234955658509131,0.248990667407709,-0.6159901106881,0.524636333427239,-1.05269998151946,-1.16928143251468,-0.579953182891924,0.302258557898091,0.35069179189936,-0.933165292893418,-0.533810030999199,-1.10032064899821,0.0942406869291886,-0.0521200197303657,-1.55327596917836
-0.750655446175375,-0.190811114915052,-0.85390776757556,-0.420077807074095,1.05691263466253,0.840288322477731,-1.90596503829498,0.147956809985989,-1.88728695477555,-0.18118619614627,-0.806675422212583,0.355609094847107,-1.53085187348737,-0.358351376938603,0.37359233621244,1.04015506576867,-0.290861806417864,0.904802455374594
0.742622131514833,1.15283551909215,1.43132695806083,0.521581836706399,-0.0267065907905166,-0.0500769637002886,0.0203262674373168,1.00279514942042,-0.423886829530393,0.819365694833648,1.00186035970688,0.342063707424101,0.0115579828998258,0.68754760288259,0.0999859445062936,0.971498277322872,-0.187635185456223,-0.00056629099962828
-0.837276887208642,0.758967187330558,0.329463005344874,1.46751659166631,0.22830187008725,-0.729346748193578,0.325806839172967,0.684303228911595,0.329419729814584,0.342796502540031,1.95166782408312,0.400337987826231,0.370905605646903,-0.891102820539604,-1.04789920991947,-0.492649995938097,-1.14517117847497,0.933526244501835
1.48560516746148,-0.27808966662405,-0.161812338714728,0.182778627142057,-0.606195824290682,-0.505000715201235,1.48129454859747,1.18097086473522,-0.352753749899241,-1.99228249930864,-1.75422301158292,-1.46386156674235,0.190355131448968,-1.10660494431452,0.401781345346952,1.02106626428829,-0.0479904661033411,-0.713812115995091
1.47865706257797,1.46594746496266,1.27319356810744,-1.31710459021205,-2.46538330294505,0.432165382254314,0.467293925937141,1.7872177564858,2.33305334736556,1.15264242574365,2.80245577374746,1.73986571479332,0.392618636745949,2.00819024604302,2.93358931951657,1.01074931638693,0.748456819228463,0.106347612878717
-0.911344108316294,-0.276603264736683,-0.421919403542962,0.137139890494443,0.671727495472244,-0.0470686486475133,0.445191346881662,0.910234834659352,-0.556929805974611,-0.937124628417526,0.140367793027123,-0.634509713352341,0.699730853739795,-0.473435915842303,-0.217755763145904,0.46627053974044,-0.0460986198030114,-1.40865184990366
1.90847300282107,1.17244057792662,1.39855783251984,-0.0320172824514302,1.82844505896252,0.875367762405531,-0.230010921789309,1.30205919521232,0.592642032134291,0.103635986455799,-0.387187408569307,0.140455515452602,-0.61775883523667,0.509127658601767,1.12477669233738,1.49586276241914,-1.66641858285548,0.975336631815201
-0.53626775505966,-0.0984629583484454,-1.43673895037708,-1.17329391343966,0.355515862926845,0.813858257559159,0.384699768274299,0.606479882330415,0.607363714397978,-1.71523028451194,-0.189503363791284,0.209104425864838,-0.137459277735117,-1.04171070077523,0.646428624640287,-0.713576805668123,0.143362578568435,-0.276988726715788
-0.388574281559532,1.13534780246468,1.1836898785969,-1.00461517349218,-0.114700773896762,-2.57057995418814,-1.28010219046022,-0.681289914131818,-1.55821585373579,1.38084415289486,1.05413277911296,0.47362284047579,0.436072876106252,-0.532241612178874,0.324696294043885,-0.790464757483849,-0.62136859759239,-0.132133127919315
-1.10670549762893,-0.27317324985196,-0.30648427590335,1.20015996288277,-1.09639489196759,-0.0190901048108956,-0.371156014005282,1.04095229598522,0.998110455441317,-1.24792108609549,-1.64959432621581,-0.429468080621509,-0.693793623506676,-1.16282541148929,-1.27093095016105,-0.926883130723419,0.90586179086618,0.384345757980182
-0.409758037881064,0.256707787197279,-0.617044066278408,-0.548150976800406,-0.987626414462239,-0.834478460343477,-0.657744506163805,-0.390033196653959,1.04179032372271,0.748983743889678,-0.174301661252137,-0.513831590214913,-0.933205068359133,-0.304708404469658,-0.0405491678668595,0.647980005406725,0.148108621316899,-0.159383656555717
-0.858956814694105,0.102139519811992,0.112291740433417,-1.37247647259672,-0.931378317580401,-0.991982245874639,-1.41679787305907,-1.71465241596671,-0.907195812736084,-1.90613923145909,-2.49092398876026,-1.85715073355944,0.26240719244675,-0.857327502200472,-1.32984600177048,-0.101410067020848,-1.60859181408279,-0.960499365636291
-0.459004373649617,0.588077950255313,-0.0731904226889447,-0.0763445157002768,0.536757956005726,-0.242560077785697,0.143806947977718,-1.86587959111759,0.547738504060826,-0.310495528976312,0.738492312706172,-1.03019240485861,-1.21073348438747,-0.783024549719552,-0.360441397121868,-0.00033441932795484,-0.0788993662946785,-0.548807053653746
0.0215127648514986,0.0256599849987831,0.817345534656251,0.255391842677077,-0.295463072464441,0.453142098431365,-1.21119426921478,-0.765532256528763,-0.739663405805816,1.2044217252955,0.52890766083034,0.192122662629717,2.97719073959611,-0.529633665921429,-0.851205700862763,1.0775940113459,-0.198313339669683,-0.530545358071118
-0.797054219836334,0.274566440718149,-0.674290381873433,0.400955092078853,0.527706084682003,0.065338843281031,-0.580165054029911,-0.0943873598819739,-0.135188123121248,-1.07841460685794,0.617251344954928,1.67066128754179,1.58916436271842,-0.694039881971319,0.766943138465873,1.01325237576798,0.349167195190085,0.278072673917745
-0.393644063935945,-0.766223520871283,-0.552253273802089,-0.744550017164463,-0.454992600794789,-0.28673953320866,-0.00154874273061885,0.575418122931632,1.29766214783013,0.0829021337461582,-2.08609099782561,-1.49357299332749,0.563695394973213,-1.24460229932367,-1.64568817206589,-0.178427444883403,-0.921826634253176,-1.24581762097777
-1.55273504651095,-1.52757777414953,0.259164493863129,-1.47915346678835,-0.640308103454131,0.991899766008207,-0.711653606596775,0.029879861140697,-1.15025118084455,-0.678912642377168,-0.712811555500736,-1.15546837195386,2.30828841198162,0.527756006666707,-1.97359810440639,-0.268805580661137,-1.96920517581078,-0.935610946319768
1.01229224448532,-0.671653606098246,-0.624635780964005,-0.237072628094355,-0.109526457258791,0.544222743019853,-0.448015899310574,1.03749271046478,0.834441959967763,0.323249877262857,0.0735582889543968,-0.998595482379018,1.60874706397972,-0.308082051857539,0.654787299603039,0.630565540695277,-0.846947388490856,-0.677614640239936
-0.659068831263296,-1.41566094976933,-1.81255976169347,0.371795258606845,-0.39842903682158,0.562655410673538,0.163147252055561,0.579671256974971,0.0248400131527774,1.36422948469079,-0.228375510007961,-1.07666829558435,1.01084100532629,-0.685730810481814,-0.428835462262201,-1.2329034110745,0.0412209151913487,1.37373213870407
0.752015979531894,1.64150649344732,-1.02195658236207,-0.302154211978406,-0.314638464935987,-0.928491295766138,0.151183623931495,-0.266313198607911,0.24611830851501,-0.590471411306349,0.677530889831945,-1.75682549191118,1.05208642085747,-0.447634091365142,0.838893519247882,0.329464719630653,0.423017655082491,1.03284228185567
0.173686679858015,-1.03855441280407,-0.396658307846601,0.629783119594166,0.913275730271888,-0.347443359798511,1.72039920141313,-1.26090795457781,1.34209073131615,0.635499364154624,-0.483568623901653,0.714701340773317,0.467717029844196,-1.45300970910705,-0.772522656678578,0.345846962221919,-1.30560371609445,-0.185630932937657
1.53138943686815,0.83256144861956,-0.811547468867854,-0.403879814446118,-0.507986672219182,0.309715431292758,0.351757261787326,-0.200637332293859,-0.0240111100692649,1.10150311515657,0.0226865848211044,-0.497415653034323,-0.277536155334678,-0.96264410234486,0.0286024554451689,0.314952906846333,0.0156176503277944,-0.683048984386022
0.675420398475714,-0.561171139639694,0.548885032910769,-2.36518223369774,-0.347423817376167,2.32618323056792,1.16059015770657,-0.244548171328314,0.156133070128954,0.216614238100845,0.918253271308211,0.542400409045456,2.07267122685041,0.365051875235982,0.484960976331635,1.47628095687744,-0.170458905936333,1.86013752837561
-0.943695742487152,-1.07942365235576,-0.30207225473856,0.612020321739882,1.51491320615118,0.484325789998577,1.1049970592826,-0.689487675602652,0.679290628116093,-0.00583932173893633,-1.03068326743247,-0.0543020655607109,-1.66748254803571,-0.4301210575347,-0.23148829411413,-0.906802488609441,-0.0840024247585732,-0.354879047472256
-1.16851992262229,0.419329131774783,-0.975529906546559,-0.212013379012915,0.454751400207866,0.96901504060142,0.0541024697260566,1.27381359802431,1.15841739636349,-1.65232997896015,-0.0989306340184332,-0.651266904917938,0.673011842987519,-0.0847031317621701,-0.248770373485642,-0.509295715234014,0.292449572355698,1.09549163050081
-1.50383103654346,-0.791516671265858,-1.35937750079617,0.313858227139867,0.0369146012605881,0.322749120140573,-0.477736269799757,-1.58221298179381,-0.364390038875257,1.0482181048397,0.475535474984265,0.509608628060165,0.569735550742988,1.62731584945492,0.552361251378735,-0.20798711914875,0.327941397384686,-0.357354817030662
-0.654975400306346,-0.0749573320567905,-0.651062490409787,-0.282712933838822,1.23365540091738,0.779337495063894,1.18966414734176,2.1075584109563,0.0180336306506115,0.273814227419556,-0.757208724241568,-0.75271161554264,2.2070025650345,1.91139973750282,0.295343574623143,0.57934996752408,1.13874868227345,0.843241389298642
0.257116447491502,-0.95460464731677,-0.52902109144085,0.0503272401606365,0.0263371325453282,-2.11188528959936,1.37613201471773,-1.35746568242487,0.682864308744937,-0.300324052610034,-1.56088745732639,-0.978525498228802,0.0754974709015618,1.20677481722033,0.0600991739703371,-0.426170876312857,-0.544631787929649,-0.785431887576509
0.19236061088406,-0.7326627123848,-0.307182270932148,-0.379584272335442,0.494733513616476,-0.184924459108883,2.34700890201462,-0.604537372222579,0.601710622523391,0.988350784093795,1.0321478584545,0.346279170515157,0.765437899898636,-0.651071171402849,0.0180746596131062,-0.087877212337404,0.76370229715584,-0.0123474667642644
0.814007311821396,-0.220302266408095,0.118668153293809,0.238285928926256,1.44660856868182,0.985580114800471,0.906118586002763,1.39838074507126,0.272185652129296,-0.630997293487554,0.39031043308435,0.338900280770684,0.132358512873583,0.298513979082473,0.47933296890966,1.2345638929062,0.336233654216245,0.668968762470944
0.585424218082501,0.448907553387566,0.973434259778102,-0.559750403834498,-0.545348443649332,-1.83528869303604,2.30199487113044,0.742794717625634,0.82833131320183,1.12135476604603,-1.578839877666,0.96270117518718,-0.413732708428593,0.535645536683963,-0.694110085579183,-0.458234398125946,-0.253171706784536,-0.0205192181440521
-0.190472195836899,0.128799109198436,0.0502921561510548,-0.350778263811588,0.530863927686967,-0.370704543228521,-2.66021881955151,-0.506693618904299,-0.45667599358746,-1.35593032609826,-1.25528577934697,-1.75612241776744,1.06591640242049,-0.420806280549496,-0.280739292197197,-0.502174818922345,-0.311744230454979,-0.730060461888711
-0.140758112734974,0.144274306158966,-0.0872388897076331,1.21196390508285,0.196099126315137,-2.3115703377648,0.191815802311935,0.289094124089175,-0.774051554323414,-1.60114363387665,-1.21099623719448,-1.30895722789404,-0.57988257793017,-0.0129492284827466,-0.957063864575678,-1.3533113545165,-1.83115728979231,0.25597666441456
0.367751686793355,0.527316495088738,-0.425694005202831,-0.486878911447274,0.382162239529405,1.43773915918693,0.582623131373669,0.192687265413881,-0.0402718655643357,1.322764952724,1.21842158327039,2.89116952480495,1.50611826782646,0.213126393058934,1.16078176979156,0.826191681015131,0.405223194890244,0.50687802864639
1.07692631706842,-2.18318300606569,-1.01531087054847,0.723531121868697,1.16404441266881,-0.423086009850785,0.64459908439419,1.0143893798396,-0.559452553060253,0.0427050317525614,-0.101890832396579,0.477877433458143,0.298407070047941,-1.37287912872195,-0.581835164911779,-0.605756744930483,0.485659732322528,0.84321447799068
0.503191751454637,0.207955073856708,0.511622891142251,-1.14832173622785,-0.731588748214179,-0.622654670223053,-0.116750189987927,0.462222059145675,-1.46209505249391,0.146075082753364,-0.294741764642777,0.505377358500576,0.978175332801549,-0.269373231318115,-0.851606611260223,-0.655169745658179,0.457746148720967,-1.21368372466228
-0.0829428713372492,-0.491357781415502,-0.0820436036170604,-0.310420347735048,-0.118105399773883,0.336109368299099,0.502819502342977,-0.806886130407704,0.642644586188375,0.0910173958496506,-0.675342128390376,0.329043304532786,-0.770580641482802,0.277703714999321,-0.89846408359429,0.568508964504995,-0.22267432766614,-0.705351370440472
2.61510087665142,2.29926264888174,2.38223661847553,0.500031463526917,-0.292205399192922,0.578174311221985,1.34553631513705,0.812490949502758,2.70885569358922,2.1639080776235,0.204190939101092,1.69099022903527,1.17166239230109,0.465274219695127,1.20531411226084,2.48281712558256,1.97827763888247,2.08523950476965
0.685844049626047,0.678725691989202,-0.167963847663213,0.354237293955076,-0.382484911913892,-0.448750249189197,-0.82906774566486,-0.855409850070603,0.0523944079616389,0.911329297312305,-2.48986421233835,0.124912170123331,0.706399847308548,0.285786687685138,0.0693730572090758,-1.83634616384767,-0.45679273461714,-0.385036903838513
-1.04013849963903,-1.73048246371922,-0.740173772330353,-0.577920995773751,-0.432807460315203,-0.550346883768619,-0.375568891379517,-2.1634604400563,-0.910710983201335,-0.879874349726211,-1.59225873636768,0.114162678076975,0.789470481603845,-0.593775232614164,-0.428131878334201,-0.194791753903445,-0.96820727284519,0.26718647810698
0.124948682318957,0.830528052193286,-0.125590829968649,0.504698194361689,0.770156013247247,1.07200116897177,-0.192498291404598,0.0755106029829926,-0.628175883784227,-0.390396006880704,0.952351446861813,-0.445427526781644,2.01426979100461,0.50575387910485,2.11736283571423,0.260574339265754,1.18617761373264,1.93343573803109
-0.148176168059096,-0.795168765794249,0.1109804250673,-0.275793912170806,-1.05493915086971,-1.16526935384479,0.143242054190002,0.890254475732573,-1.4761182803535,-1.06819304845487,-0.914370679744828,-1.12715726390663,-0.592142355862019,-0.539606966922461,0.279975838187611,-0.504631673145524,0.322054647891892,-1.13718842443584
-0.110485029545104,-0.670796853640679,-0.831277718102273,1.67565754470944,0.0507627100235401,0.331384249337257,0.897125733588964,-0.138388675994826,1.13548228335503,0.175260072472175,-0.905616151896188,-1.61773388803483,-0.0770174234286614,0.822465401487153,0.444945796601803,0.202769063120282,-0.936280503854813,0.282778148519868
0.995610459437267,1.44570691160473,0.518030603534291,-0.0110346205374096,0.36911043750952,0.645869140455994,1.57521812374936,-0.952859995432659,0.817295005169634,-1.5627256469625,-1.57864877551615,0.0767921887529282,0.961740637884924,-0.889803197862025,0.31467498528355,0.820170598252665,0.567771947626608,-0.469794399613975
1.0020969410849,0.627532329400149,0.609498995478816,-0.343322642856366,1.76583277167326,-0.652983379877186,-0.763022300283882,1.10871149579862,0.365795534552284,1.30416980611365,-0.353001586206645,-0.853654850682271,1.19668933543526,0.821468153167029,0.850852117997198,1.49228517386236,1.38426711248661,1.55987814856184
1.1322537056229,0.989874476191565,0.202610106979883,0.673536989531581,0.0462207895822719,0.136287263679767,0.174155309054465,0.945665031711805,0.607260165476747,1.99368774370637,0.707310832000837,1.61783934660783,0.792915821691053,1.08921644019614,0.710634089866101,1.37757212535761,1.82154771409924,1.48457487856204
0.482311274684969,1.40868941488686,-0.289358619683832,1.01491768600676,0.367672556362293,0.699950177546039,0.509285249804076,1.00213262382543,1.45425103057373,1.01419152789153,-0.717818588451516,0.0922358714059617,-0.836224869142597,-0.319761275243473,0.216086759512218,-1.00032167931607,1.56089043571483,-0.677933803936691
1.47280080462983,0.628717668643164,0.565209031492614,1.36053079891056,1.58522078460796,2.00861747959711,0.009421965274451,1.94587045580811,0.709894349470256,1.78929876163149,0.67190877658965,0.286245229417819,-0.188543576576326,1.04994927541064,2.12213925747938,0.467073689630457,1.38605583968312,1.73383076962141
0.139385507172532,0.0751070239115306,-0.0592597956485056,0.832969113452672,1.47567250890818,0.487798789526621,2.01148857436419,1.25323773134178,1.58104143519223,2.26420811937556,0.105266840421006,1.3322688299114,1.13628489930518,0.574443152224047,-0.364743945821281,0.180806109986141,0.394033810775239,0.0567465216663499
-1.36550647791892,-2.54267339982074,-0.646200817285707,0.495493596643169,-0.415807429942968,-0.0873604531760295,0.494070829376615,-0.744678870532573,0.374538501138292,-0.547425561864704,-0.0334548119920766,-0.555864397721314,-0.757988570506585,-0.0880305485648035,-0.993920366772279,-0.755443258968077,-1.05927542726792,-1.14131055591126
2.81010862335072,0.276823732490297,1.08108507882021,1.58530182268022,-0.0998907567316734,1.49811871151907,2.23408845864088,1.50800268044324,1.66626015679441,1.06478827229939,0.434055952916741,1.76690454161386,1.18335465140684,2.08903661819151,0.381004326978782,0.990219898679053,2.43363708721721,0.430778752791808
-0.455911666655119,0.48434512284457,0.0352178070963925,-2.16019189952402,0.754157240011428,-0.0143237327859074,0.420698914950345,1.06015390964066,-0.148017484871119,-1.44391917022811,-1.63289891955589,0.3350202308733,-0.441669478596961,-0.814121286441438,-0.499606638145709,-1.31667050852404,-0.0939309068002797,0.183153570726778
0.0445295832530294,1.20539035246564,0.649387026974981,-0.44597926861012,-1.15937812518161,-1.27592520314696,1.28570892787492,-0.385434495157524,2.10957876503562,-1.24672903416329,0.251805629383764,0.198821919465718,-0.148830796567164,-0.828783579014737,-0.235876160973508,1.01697160993544,-0.386068252752856,-0.402451404761104
