"Fitness"
9390.39511901291
