"ComputationTime"
918.692999999999
