"ComputationTime"
778.445
